% function evaluation | noise-free fitness - Fopt (3.590000000000e+01) | best noise-free fitness - Fopt | measured fitness | best measured fitness | x1 | x2...
1 +7.059163390e+05 +7.059163390e+05 +7.059522390e+05 +7.059522390e+05 +3.6984e+00 +1.1787e+00 +2.1331e+00 -1.5447e+00 +3.2123e+00 +1.0097e+00 -8.5655e-01 +7.0947e-02 +3.0123e+00 +1.5050e-02 -5.0150e-01 +6.4328e-01 -4.3597e+00 +2.2217e+00 +3.8513e-01 -3.6670e+00 -2.7578e+00 +3.4628e+00 +1.6864e+00 -3.2108e+00
50 +4.068020151e+05 +4.068020151e+05 +4.068379151e+05 +4.068379151e+05 +4.3704e+00 +9.3898e-01 +4.8968e-01 +2.3435e+00 -2.2172e+00 +1.5707e+00 -3.7321e-01 -3.4173e-01 +1.6421e+00 -3.7929e+00 +1.6719e+00 -2.4281e+00 -2.9618e+00 +7.6418e-01 +1.2179e+00 -4.9283e+00 +3.7842e+00 +4.4534e+00 -1.7220e+00 -2.6607e+00
% function evaluation | noise-free fitness - Fopt (3.137000000000e+01) | best noise-free fitness - Fopt | measured fitness | best measured fitness | x1 | x2...
1 +1.156056441e+06 +1.156056441e+06 +1.156087811e+06 +1.156087811e+06 +3.6984e+00 +1.1787e+00 +2.1331e+00 -1.5447e+00 +3.2123e+00 +1.0097e+00 -8.5655e-01 +7.0947e-02 +3.0123e+00 +1.5050e-02 -5.0150e-01 +6.4328e-01 -4.3597e+00 +2.2217e+00 +3.8513e-01 -3.6670e+00 -2.7578e+00 +3.4628e+00 +1.6864e+00 -3.2108e+00
3 +9.863827971e+05 +9.863827971e+05 +9.864141671e+05 +9.864141671e+05 -2.6679e+00 -1.2322e+00 -3.6820e+00 +4.5300e-01 -3.5204e+00 -3.8737e+00 +3.3869e+00 -3.0534e+00 +8.7957e-01 -1.5340e+00 -4.7361e-01 +2.2285e+00 -7.2479e-01 -2.2236e+00 -2.4504e+00 +2.6317e+00 -4.5239e+00 +3.5344e+00 -3.2576e-01 -4.4305e+00
6 +5.262278437e+05 +5.262278437e+05 +5.262592137e+05 +5.262592137e+05 +3.8828e+00 -1.1870e+00 +1.6380e+00 +3.8079e+00 -4.8715e+00 +3.3393e+00 -1.0053e+00 -3.8455e+00 -4.0750e+00 +2.6397e+00 +2.4054e+00 +1.4662e+00 +3.7271e+00 -3.6561e+00 -9.0829e-01 +1.6897e-01 +1.9600e-01 -3.3165e+00 -3.0456e+00 +1.5240e+00
21 +3.808835551e+05 +3.808835551e+05 +3.809149251e+05 +3.809149251e+05 +2.3635e+00 -3.7720e+00 +1.2750e-01 +3.9834e+00 -4.6997e+00 +1.4501e+00 +7.2027e-01 -4.3013e+00 +1.6089e+00 -8.0913e-01 -3.3584e+00 -2.2052e+00 +4.3441e+00 +3.9047e-01 +2.6659e+00 -1.4712e+00 -2.8556e-01 -1.2209e+00 -4.6016e+00 +3.2024e+00
41 +1.805922730e+05 +1.805922730e+05 +1.806236430e+05 +1.806236430e+05 +3.8454e+00 +2.5948e+00 -2.1763e+00 +4.7606e+00 -1.2629e+00 -4.6498e-01 -1.2977e+00 -8.6372e-01 -3.2499e+00 -4.4530e+00 -2.2170e+00 -4.4733e+00 -1.7253e+00 +1.3704e+00 +2.1134e+00 +1.3643e-01 -2.8062e+00 -4.3562e-01 +1.8563e+00 -4.0291e+00
129 +1.293928167e+05 +1.293928167e+05 +1.294241867e+05 +1.294241867e+05 -1.3045e+00 -1.7985e+00 -3.6099e+00 +3.8118e+00 -2.2328e+00 -4.3510e+00 -9.5288e-01 -2.3452e+00 +2.0577e-01 -1.7140e+00 -3.3456e+00 +9.1170e-01 -1.4730e-01 -3.6124e+00 +4.6410e+00 -1.6076e+00 +3.2559e+00 -1.7574e+00 -2.0128e+00 -3.6552e+00
