% function evaluation | noise-free fitness - Fopt (-5.465000000000e+02) | best noise-free fitness - Fopt | measured fitness | best measured fitness | x1 | x2...
1 +3.217916917e+05 +3.217916917e+05 +3.212451917e+05 +3.212451917e+05 +3.6984e+00 +1.1787e+00 +2.1331e+00 -1.5447e+00 +3.2123e+00 +1.0097e+00 -8.5655e-01 +7.0947e-02 +3.0123e+00 +1.5050e-02 -5.0150e-01 +6.4328e-01 -4.3597e+00 +2.2217e+00 +3.8513e-01 -3.6670e+00 -2.7578e+00 +3.4628e+00 +1.6864e+00 -3.2108e+00
2 +2.194375747e+05 +2.194375747e+05 +2.188910747e+05 +2.188910747e+05 +3.8016e+00 +3.0902e+00 +2.0526e+00 -3.0628e-01 -3.1270e+00 +3.0911e+00 -1.3802e-01 -4.1175e+00 +9.9079e-01 -1.7322e+00 -3.7957e+00 +3.2599e+00 +6.0806e-02 -3.8838e+00 -4.7703e+00 -4.0203e+00 +1.7238e+00 +2.4074e+00 +1.8027e+00 -1.7794e+00
4 +1.327756619e+05 +1.327756619e+05 +1.322291619e+05 +1.322291619e+05 +4.6560e+00 -4.6556e+00 -4.3050e+00 +4.2233e+00 +4.2652e+00 +3.9650e+00 -3.9738e+00 +2.9711e+00 +4.2334e+00 -4.9474e+00 +1.9460e+00 -9.4486e-01 -3.2559e+00 -1.1383e+00 +2.4925e+00 -2.5095e+00 +8.0383e-01 -4.7298e+00 +8.8745e-01 +3.8622e+00
6 +6.003368345e+04 +6.003368345e+04 +5.948718345e+04 +5.948718345e+04 +3.8828e+00 -1.1870e+00 +1.6380e+00 +3.8079e+00 -4.8715e+00 +3.3393e+00 -1.0053e+00 -3.8455e+00 -4.0750e+00 +2.6397e+00 +2.4054e+00 +1.4662e+00 +3.7271e+00 -3.6561e+00 -9.0829e-01 +1.6897e-01 +1.9600e-01 -3.3165e+00 -3.0456e+00 +1.5240e+00
107 +2.954678358e+04 +2.954678358e+04 +2.900028358e+04 +2.900028358e+04 +2.1049e+00 +2.8089e+00 -3.0672e+00 -4.6557e+00 -2.0273e+00 -3.5245e+00 -6.1087e-01 +4.4234e+00 -2.0474e+00 +4.4967e-01 +2.1768e+00 +7.9339e-01 +1.8617e+00 -2.5941e+00 +3.2802e+00 -3.3763e-01 +4.9805e+00 -1.0993e+00 +6.6943e-02 +3.9714e+00
% function evaluation | noise-free fitness - Fopt (1.000000000000e+03) | best noise-free fitness - Fopt | measured fitness | best measured fitness | x1 | x2...
1 +2.142536709e+05 +2.142536709e+05 +2.152536709e+05 +2.152536709e+05 +3.6984e+00 +1.1787e+00 +2.1331e+00 -1.5447e+00 +3.2123e+00 +1.0097e+00 -8.5655e-01 +7.0947e-02 +3.0123e+00 +1.5050e-02 -5.0150e-01 +6.4328e-01 -4.3597e+00 +2.2217e+00 +3.8513e-01 -3.6670e+00 -2.7578e+00 +3.4628e+00 +1.6864e+00 -3.2108e+00
4 +7.893610880e+04 +7.893610880e+04 +7.993610880e+04 +7.993610880e+04 +4.6560e+00 -4.6556e+00 -4.3050e+00 +4.2233e+00 +4.2652e+00 +3.9650e+00 -3.9738e+00 +2.9711e+00 +4.2334e+00 -4.9474e+00 +1.9460e+00 -9.4486e-01 -3.2559e+00 -1.1383e+00 +2.4925e+00 -2.5095e+00 +8.0383e-01 -4.7298e+00 +8.8745e-01 +3.8622e+00
69 +3.511112250e+04 +3.511112250e+04 +3.611112250e+04 +3.611112250e+04 -5.0248e-01 +4.9511e-01 -3.4014e+00 -9.5300e-01 -3.0376e+00 +4.5410e+00 +1.7338e+00 +3.7842e+00 -1.4268e+00 -4.7286e+00 -2.7710e+00 -1.9661e+00 +1.2024e+00 -3.7442e+00 -2.6113e+00 -1.1601e+00 +4.5930e-01 -2.7309e+00 -5.5567e-01 +4.6034e+00
