% function evaluation | noise-free fitness - Fopt (8.539000000000e+01) | best noise-free fitness - Fopt | measured fitness | best measured fitness | x1 | x2...
1 +2.678278489e+01 +2.678278489e+01 +1.121727849e+02 +1.121727849e+02 +3.6984e+00 +1.1787e+00 +2.1331e+00 -1.5447e+00 +3.2123e+00 +1.0097e+00 -8.5655e-01 +7.0947e-02 +3.0123e+00 +1.5050e-02 -5.0150e-01 +6.4328e-01 -4.3597e+00 +2.2217e+00 +3.8513e-01 -3.6670e+00 -2.7578e+00 +3.4628e+00 +1.6864e+00 -3.2108e+00
2 +1.928439886e+01 +1.928439886e+01 +1.046743989e+02 +1.046743989e+02 +3.8016e+00 +3.0902e+00 +2.0526e+00 -3.0628e-01 -3.1270e+00 +3.0911e+00 -1.3802e-01 -4.1175e+00 +9.9079e-01 -1.7322e+00 -3.7957e+00 +3.2599e+00 +6.0806e-02 -3.8838e+00 -4.7703e+00 -4.0203e+00 +1.7238e+00 +2.4074e+00 +1.8027e+00 -1.7794e+00
3 +1.221051423e+01 +1.221051423e+01 +9.760051423e+01 +9.760051423e+01 -2.6679e+00 -1.2322e+00 -3.6820e+00 +4.5300e-01 -3.5204e+00 -3.8737e+00 +3.3869e+00 -3.0534e+00 +8.7957e-01 -1.5340e+00 -4.7361e-01 +2.2285e+00 -7.2479e-01 -2.2236e+00 -2.4504e+00 +2.6317e+00 -4.5239e+00 +3.5344e+00 -3.2576e-01 -4.4305e+00
9 +8.569476612e+00 +8.569476612e+00 +9.395947661e+01 +9.395947661e+01 -1.4005e+00 +4.0279e+00 +1.8361e+00 +1.1928e+00 -1.5728e+00 +4.1318e+00 -7.8069e-02 +7.7819e-01 +3.4488e+00 +2.1785e+00 -2.2266e+00 -3.2690e+00 -4.1450e+00 -3.8735e-01 -3.4129e+00 +1.8991e+00 -1.4349e+00 -7.2981e-01 -4.5699e+00 -2.8152e+00
43 +6.225537167e+00 +6.225537167e+00 +9.161553717e+01 +9.161553717e+01 +3.6925e+00 -2.5115e-01 -4.8085e-01 -2.5271e+00 +3.4822e+00 +1.0089e+00 +4.0522e+00 -2.2203e+00 -4.4337e+00 +4.8420e+00 +1.3667e+00 -2.1969e+00 -2.2762e+00 +2.9880e+00 +4.4146e-01 +3.5301e+00 +2.2292e+00 -2.1860e+00 +4.5004e+00 -1.4546e-01
% function evaluation | noise-free fitness - Fopt (-9.872900000000e+02) | best noise-free fitness - Fopt | measured fitness | best measured fitness | x1 | x2...
1 +1.335318604e+01 +1.335318604e+01 -9.739368140e+02 -9.739368140e+02 +3.6984e+00 +1.1787e+00 +2.1331e+00 -1.5447e+00 +3.2123e+00 +1.0097e+00 -8.5655e-01 +7.0947e-02 +3.0123e+00 +1.5050e-02 -5.0150e-01 +6.4328e-01 -4.3597e+00 +2.2217e+00 +3.8513e-01 -3.6670e+00 -2.7578e+00 +3.4628e+00 +1.6864e+00 -3.2108e+00
10 +6.752989691e+00 +6.752989691e+00 -9.805370103e+02 -9.805370103e+02 -3.4719e+00 +3.9557e-01 -2.8446e+00 +4.5067e+00 +3.2044e+00 +2.8560e+00 -1.4458e+00 -3.9359e+00 -4.0909e+00 +1.3651e+00 -1.1718e+00 +3.8359e+00 +1.8714e+00 -3.1091e+00 -4.8695e+00 +4.1803e+00 -4.9001e+00 -3.5422e+00 +2.1031e+00 -1.8608e+00
% function evaluation | noise-free fitness - Fopt (-1.517600000000e+02) | best noise-free fitness - Fopt | measured fitness | best measured fitness | x1 | x2...
1 +1.324501941e+01 +1.324501941e+01 -1.385149806e+02 -1.385149806e+02 +3.6984e+00 +1.1787e+00 +2.1331e+00 -1.5447e+00 +3.2123e+00 +1.0097e+00 -8.5655e-01 +7.0947e-02 +3.0123e+00 +1.5050e-02 -5.0150e-01 +6.4328e-01 -4.3597e+00 +2.2217e+00 +3.8513e-01 -3.6670e+00 -2.7578e+00 +3.4628e+00 +1.6864e+00 -3.2108e+00
7 +7.872594402e+00 +7.872594402e+00 -1.438874056e+02 -1.438874056e+02 +2.0033e+00 -2.6516e+00 -4.7740e+00 -2.9879e+00 +2.3158e+00 +2.9826e+00 +2.1466e+00 -3.9937e+00 -2.5674e+00 -4.0520e+00 -3.2085e+00 +3.8712e+00 -3.8887e+00 +1.7920e+00 -3.7272e+00 +3.4466e+00 -4.7782e+00 +4.3807e+00 -1.3294e+00 +8.3550e-02
% function evaluation | noise-free fitness - Fopt (6.680000000000e+01) | best noise-free fitness - Fopt | measured fitness | best measured fitness | x1 | x2...
1 +1.001254567e+01 +1.001254567e+01 +7.681254567e+01 +7.681254567e+01 +3.6984e+00 +1.1787e+00 +2.1331e+00 -1.5447e+00 +3.2123e+00 +1.0097e+00 -8.5655e-01 +7.0947e-02 +3.0123e+00 +1.5050e-02 -5.0150e-01 +6.4328e-01 -4.3597e+00 +2.2217e+00 +3.8513e-01 -3.6670e+00 -2.7578e+00 +3.4628e+00 +1.6864e+00 -3.2108e+00
14 +9.447240434e+00 +9.447240434e+00 +7.624724043e+01 +7.624724043e+01 -4.1780e+00 +4.3552e+00 +1.0236e+00 -1.3673e+00 -4.2889e+00 -1.1912e+00 +3.1719e+00 -1.8347e-01 +4.7603e+00 -2.3866e+00 +1.1226e+00 -4.5378e+00 -2.4567e+00 +1.6748e+00 -1.4501e+00 -3.6386e+00 +4.8112e+00 +3.3996e+00 +4.0291e+00 -2.3993e+00
67 +6.263203588e+00 +6.263203588e+00 +7.306320359e+01 +7.306320359e+01 -2.3093e+00 +2.5193e+00 -1.8048e+00 -1.8128e+00 +4.5856e+00 -3.0278e-01 -2.2715e-01 +2.9231e+00 +4.8319e+00 -7.8386e-01 +4.8323e+00 -2.5086e+00 +3.4157e+00 -8.6929e-01 -1.4494e+00 -1.1030e+00 -3.8548e+00 +1.2671e+00 -4.8520e+00 -1.8953e+00
% function evaluation | noise-free fitness - Fopt (9.625000000000e+01) | best noise-free fitness - Fopt | measured fitness | best measured fitness | x1 | x2...
1 +1.202139227e+01 +1.202139227e+01 +1.082713923e+02 +1.082713923e+02 +3.6984e+00 +1.1787e+00 +2.1331e+00 -1.5447e+00 +3.2123e+00 +1.0097e+00 -8.5655e-01 +7.0947e-02 +3.0123e+00 +1.5050e-02 -5.0150e-01 +6.4328e-01 -4.3597e+00 +2.2217e+00 +3.8513e-01 -3.6670e+00 -2.7578e+00 +3.4628e+00 +1.6864e+00 -3.2108e+00
4 +9.178786138e+00 +9.178786138e+00 +1.054287861e+02 +1.054287861e+02 +4.6560e+00 -4.6556e+00 -4.3050e+00 +4.2233e+00 +4.2652e+00 +3.9650e+00 -3.9738e+00 +2.9711e+00 +4.2334e+00 -4.9474e+00 +1.9460e+00 -9.4486e-01 -3.2559e+00 -1.1383e+00 +2.4925e+00 -2.5095e+00 +8.0383e-01 -4.7298e+00 +8.8745e-01 +3.8622e+00
63 +3.676623408e+00 +3.676623408e+00 +9.992662341e+01 +9.992662341e+01 -3.6767e+00 -4.8392e+00 +2.7144e+00 +1.8786e+00 -1.0587e+00 +1.3749e+00 -2.6144e-01 -3.9025e+00 -2.2791e+00 -3.0016e+00 +1.5507e+00 -3.2943e-01 -1.5721e+00 +1.9992e+00 -3.9117e-01 -4.7495e+00 +7.8248e-01 -7.2881e-01 +3.0682e+00 -2.0807e+00
