% instance = 1, name = bbob_f013_i02_d20__bbob_f015_i04_d20
% function evaluation | 2 objectives 
1	2.833773036135425e+03	1.145452177085533e+03	
20	3.645140936479743e+03	9.705913998309504e+02	
25	2.476388513325153e+03	3.608644246119425e+03	
39	2.674288041021306e+03	2.147245421389483e+03	
40	3.852476901310643e+03	6.990544806298388e+02	
51	2.483084778427215e+03	1.756137206457257e+03	
63	3.662939579884427e+03	9.358067456788475e+02	
83	3.567854120654933e+03	9.668487989507883e+02	
88	3.838307229841285e+03	7.795732958264489e+02	
94	2.289999210620986e+03	2.171643242520294e+03	
107	2.453480175615099e+03	2.065503217885661e+03	
138	2.795114858704342e+03	1.671391606076892e+03	
173	2.539558411659629e+03	1.344516024906030e+03	
183	3.702026731474735e+03	9.101888003954654e+02	
190	2.247457875774334e+03	4.013561855607731e+03	
200	3.495647417461200e+03	7.930041923571018e+02	
% instance = 2, name = bbob_f013_i03_d20__bbob_f015_i05_d20
% function evaluation | 2 objectives 
1	2.701156183769353e+03	2.566071629603528e+03	
3	2.609979198521391e+03	2.961407795380597e+03	
5	2.765113142567607e+03	1.039471771911965e+03	
9	2.660323116416078e+03	1.510086033930030e+03	
14	2.312068322752232e+03	1.786714449853206e+03	
18	2.390962293819286e+03	6.082220838404198e+02	
22	1.969826552937298e+03	1.150412520745246e+03	
44	1.958728104216882e+03	1.997024205282019e+03	
54	2.363653551703630e+03	1.079297054634929e+03	
72	2.099817083630990e+03	1.122014939946913e+03	
81	1.939496208340932e+03	1.887753122179337e+03	
116	1.787712541032013e+03	5.303163248575097e+02	
152	1.630898667157420e+03	9.031891354445495e+02	
% instance = 3, name = bbob_f013_i07_d20__bbob_f015_i08_d20
% function evaluation | 2 objectives 
1	3.409931239328729e+03	1.039430679498661e+03	
6	3.258041220889104e+03	9.483770960248395e+02	
8	3.151870488314913e+03	1.692029941423041e+03	
16	2.716558767144460e+03	2.884781347398778e+03	
19	3.129777672331829e+03	1.120571179587004e+03	
20	2.945216040452222e+03	1.469450287632897e+03	
22	4.258618008966844e+03	8.245433110146771e+02	
24	2.851580159722254e+03	1.763982787070845e+03	
29	2.818005540616969e+03	1.440338267194059e+03	
31	2.800377220339922e+03	1.159840692987838e+03	
32	2.948679049434060e+03	6.701559470120233e+02	
34	2.157034640487763e+03	1.809719501931195e+03	
39	3.241942631005144e+03	5.934650829081980e+02	
61	3.139631770949743e+03	4.774914568561768e+02	
95	2.743920348304703e+03	9.731739332114142e+02	
97	2.066662971620898e+03	2.813932574984436e+03	
109	2.824891605387850e+03	8.858056895629862e+02	
111	2.643734262990330e+03	1.107292210099286e+03	
125	1.856183045302067e+03	1.827781159849381e+03	
127	3.114251641326207e+03	6.689730221587109e+02	
164	2.746066420147331e+03	6.707454535530389e+02	
167	2.617547598839351e+03	5.562077760549333e+02	
171	2.205980897930860e+03	1.175551191146235e+03	
185	2.458616231095641e+03	8.760938300118351e+02	
% instance = 4, name = bbob_f013_i09_d20__bbob_f015_i10_d20
% function evaluation | 2 objectives 
1	3.112505789918834e+03	5.147194816880628e+03	
2	3.217551075759970e+03	4.697329663969434e+03	
3	3.655321255912719e+03	3.323311066513765e+03	
4	5.048098425748769e+03	2.269614786296286e+03	
5	3.004030562263860e+03	2.423584652661559e+03	
8	3.280925304472118e+03	2.383162085268416e+03	
9	2.302868802176294e+03	3.569926211148464e+03	
22	3.264555044459517e+03	2.397897936810298e+03	
25	4.055828250090994e+03	2.010651876217108e+03	
30	2.530633684535029e+03	2.987382295921597e+03	
35	2.848986945638276e+03	2.120418310353480e+03	
38	2.707277958535553e+03	2.733022726762135e+03	
44	2.070273661527783e+03	4.970098567443703e+03	
56	2.477393377394296e+03	3.272920547037505e+03	
57	4.611151481465835e+03	1.804240107490007e+03	
69	3.716549647744182e+03	2.049296983124565e+03	
89	3.003325427711981e+03	1.977540477984405e+03	
152	2.025568378992050e+03	5.410510813387427e+03	
189	2.586196775342260e+03	2.864492726377055e+03	
193	3.346361415490559e+03	1.972766207399653e+03	
% instance = 5, name = bbob_f013_i11_d20__bbob_f015_i12_d20
% function evaluation | 2 objectives 
1	3.996467833197727e+03	2.985261413441594e+03	
3	3.146823675689378e+03	2.563556993155958e+03	
5	2.733930544043759e+03	3.062478218741364e+03	
8	4.000886434311557e+03	1.919236996979255e+03	
9	2.816418821323258e+03	1.678255532017520e+03	
18	3.036582752837857e+03	1.496665071160559e+03	
30	2.600010795839140e+03	1.847688783286516e+03	
44	3.401448177364416e+03	1.389545716982804e+03	
69	2.532618983988762e+03	3.343517527816819e+03	
160	2.545727475549561e+03	2.695390244754190e+03	
200	2.557963195017594e+03	1.922941806967656e+03	
% instance = 6, name = bbob_f013_i13_d20__bbob_f015_i14_d20
% function evaluation | 2 objectives 
1	2.435546160026276e+03	1.211157692237785e+03	
2	3.098011177763425e+03	8.325511875695606e+02	
5	3.348653350379511e+03	7.925621648059266e+02	
28	3.155931240429482e+03	7.394087631552661e+02	
31	2.390177297363535e+03	1.519722466690042e+03	
39	2.498576315661748e+03	1.071043145442489e+03	
40	3.108389494837582e+03	7.499322028002518e+02	
49	3.452704642122259e+03	6.929382742942464e+02	
51	2.304777629735717e+03	2.428678720428389e+03	
61	2.405552996114646e+03	1.055550159164658e+03	
63	2.757839941904228e+03	7.945214463288762e+02	
90	2.176083375081309e+03	1.989790888004415e+03	
113	3.135647344054621e+03	4.152080079681431e+02	
123	2.591500412363340e+03	7.730077350202796e+02	
126	2.974052804093054e+03	5.640266874707775e+02	
142	2.866919846719245e+03	6.264849818121388e+02	
148	1.867443997327493e+03	2.216673882078343e+03	
162	3.577123471757106e+03	3.854702416095584e+02	
167	2.265987509178035e+03	1.045708575626410e+03	
180	2.208923056743751e+03	9.684908744761572e+02	
199	2.081642084966765e+03	1.469319025244645e+03	
% instance = 7, name = bbob_f013_i15_d20__bbob_f015_i16_d20
% function evaluation | 2 objectives 
1	4.663378332984941e+03	2.066167515323907e+03	
3	4.407261971775111e+03	2.503008914308666e+03	
5	4.312160275915986e+03	2.656954980973582e+03	
6	4.316341998017951e+03	2.027880919330305e+03	
8	3.472133242825047e+03	3.892019543233152e+03	
9	4.309708871951243e+03	2.574975982955170e+03	
14	4.463510603337922e+03	1.382527239115717e+03	
16	3.006463788041346e+03	2.748756366954491e+03	
17	4.066434460196052e+03	2.344109275242598e+03	
18	3.361258444286536e+03	1.350544025119041e+03	
25	3.353070218280786e+03	1.799135708377563e+03	
28	4.181419162908199e+03	1.320129026839995e+03	
42	3.282819737235509e+03	1.598206222304371e+03	
43	3.114301272769681e+03	2.459881634029138e+03	
47	3.239312036462289e+03	1.506664379800590e+03	
51	3.175184582226014e+03	2.146467937896064e+03	
54	3.297404478053363e+03	1.317248432020229e+03	
75	3.006659122957630e+03	2.451834265631978e+03	
76	3.519842368625097e+03	9.725990285351495e+02	
132	2.864905549948097e+03	1.951891213136341e+03	
164	3.214624859485280e+03	1.728342052176096e+03	
% instance = 8, name = bbob_f013_i17_d20__bbob_f015_i18_d20
% function evaluation | 2 objectives 
1	3.078702976321243e+03	1.217210717106261e+03	
3	1.839970295003539e+03	3.302269738506620e+03	
5	2.560405681779241e+03	1.016027082268461e+03	
6	2.383221499168195e+03	1.177975676200542e+03	
14	2.213488684182289e+03	2.938664211916434e+03	
17	2.028945595243406e+03	2.091514674165486e+03	
18	2.517859032634503e+03	1.066710881062857e+03	
22	2.203840945849072e+03	1.658276679759979e+03	
25	2.602127375015119e+03	7.455327221652058e+02	
27	1.908478076417485e+03	1.596196893219804e+03	
30	1.922728894410119e+03	1.050398940630638e+03	
34	3.157733075154118e+03	6.161597286450116e+02	
35	1.748583359585718e+03	2.641265186975599e+03	
42	1.787054817183917e+03	1.383302069982868e+03	
44	1.303723583669016e+03	4.021484012549823e+03	
47	1.786158765776448e+03	2.056628077750196e+03	
54	3.033537238245313e+03	6.942613366378016e+02	
55	2.883435393878002e+03	7.294355357715395e+02	
56	2.245761629512009e+03	1.008112896010008e+03	
63	2.436279596787078e+03	9.985803877600164e+02	
67	2.297409436873281e+03	1.006620309652887e+03	
70	1.598289532672825e+03	2.744127456945275e+03	
83	2.571705539116964e+03	8.790802269115337e+02	
95	1.725774095925644e+03	1.378136118577786e+03	
98	2.017117593635608e+03	6.989713484621876e+02	
100	2.783433661148040e+03	5.791540987803744e+02	
116	2.531200980863517e+03	5.375246865396060e+02	
126	2.934693815434926e+03	4.190200955607013e+02	
170	1.318504601427883e+03	2.898352323983117e+03	
193	2.074920001524945e+03	6.312231015855333e+02	
% instance = 9, name = bbob_f013_i19_d20__bbob_f015_i21_d20
% function evaluation | 2 objectives 
1	2.946446985174060e+03	4.300419590756721e+03	
2	3.098454483894152e+03	3.519780270274316e+03	
3	3.037196160569471e+03	1.753825859154642e+03	
4	2.503327878755667e+03	6.482431418893713e+03	
5	2.590997152605224e+03	2.233598441437449e+03	
8	2.077183065968122e+03	4.750341612337395e+03	
10	3.372297710018928e+03	1.482336696539853e+03	
17	2.255415559649280e+03	4.076182529603805e+03	
18	2.156727698984876e+03	1.897343440052166e+03	
20	3.319553276116868e+03	1.351502758544618e+03	
21	2.019736501924102e+03	3.690571154770940e+03	
33	3.219723912763613e+03	1.703656566417230e+03	
35	2.439148690598146e+03	1.303616013648003e+03	
39	3.227602167798304e+03	1.026690158455807e+03	
44	2.756625485792804e+03	1.224351804095543e+03	
47	1.968408209117685e+03	3.450866651172430e+03	
73	2.960996833070843e+03	6.749664244140063e+02	
111	1.944145493458908e+03	4.812622329499976e+03	
118	2.222917407061881e+03	1.481180316716450e+03	
127	2.019671570983910e+03	2.052427091994228e+03	
130	2.713822359941239e+03	1.090994124396317e+03	
180	2.688579333263745e+03	9.552617020807007e+02	
197	3.049452771274375e+03	5.252229073027593e+02	
% instance = 10, name = bbob_f013_i21_d20__bbob_f015_i22_d20
% function evaluation | 2 objectives 
1	2.119092217853199e+03	2.376710994111103e+03	
2	2.170044935910178e+03	1.655976899498906e+03	
16	3.031025494348462e+03	1.558290126693278e+03	
18	2.422249428070159e+03	1.480557759356950e+03	
43	3.270870062205699e+03	1.472055580570806e+03	
45	1.919613535357736e+03	3.196941872726060e+03	
47	2.705385281047547e+03	1.275653265771003e+03	
54	2.044688795089089e+03	1.558582314016779e+03	
74	2.513013904882191e+03	7.766074196919982e+02	
83	1.985261281671077e+03	1.838737418800711e+03	
122	1.901573628037526e+03	3.842731072025833e+03	
152	2.512743119934577e+03	1.134904478560382e+03	
162	2.418703340343084e+03	1.323427888901007e+03	
