% instance = 1, name = bbob_f006_i02_d05__bbob_f008_i04_d05
% function evaluation | 2 objectives | 5 variables
1	5.765574449728464e+05	8.042651837248399e+04	3.69838651e+00	1.17868371e+00	2.13308230e+00	-1.54466279e+00	3.21228504e+00	
2	1.924793093027600e+05	1.586088340465084e+05	1.00967553e+00	-8.56550696e-01	7.09471002e-02	3.01232920e+00	1.50496687e-02	
3	3.631399338199927e+03	9.574719781421994e+04	-5.01498795e-01	6.43283104e-01	-4.35973793e+00	2.22170005e+00	3.85125057e-01	
6	2.805718059338256e+04	7.348780022965229e+04	3.09109369e+00	-1.38020177e-01	-4.11748831e+00	9.90791217e-01	-1.73217382e+00	
7	6.874211142076894e+04	6.008482392298496e+04	-3.79573636e+00	3.25988744e+00	6.08063478e-02	-3.88380970e+00	-4.77025286e+00	
9	1.013928759559356e+02	3.051527980232057e+04	-2.66793095e+00	-1.23218149e+00	-3.68198521e+00	4.53000990e-01	-3.52038132e+00	
11	7.614698202508847e+04	2.404101660376797e+04	-4.73608956e-01	2.22847579e+00	-7.24791604e-01	-2.22361210e+00	-2.45041604e+00	
15	6.273621402840660e+04	1.048848634097802e+04	1.94595110e+00	-9.44855571e-01	-3.25586383e+00	-1.13827348e+00	2.49249916e+00	
24	1.511940717342799e+02	3.024091783435694e+03	1.68973099e-01	1.96001352e-01	-3.31654651e+00	-3.04559847e+00	1.52402624e+00	
35	1.417570040210602e+02	1.561375010181318e+04	-2.22661870e+00	-3.26902349e+00	-4.14496618e+00	-3.87351586e-01	-3.41291341e+00	
% instance = 2, name = bbob_f006_i03_d05__bbob_f008_i05_d05
% function evaluation | 2 objectives | 5 variables
1	3.025838848447044e+05	2.898476222374113e+04	3.69838651e+00	1.17868371e+00	2.13308230e+00	-1.54466279e+00	3.21228504e+00	
2	1.022383972232504e+05	1.076525434841727e+05	1.00967553e+00	-8.56550696e-01	7.09471002e-02	3.01232920e+00	1.50496687e-02	
4	3.674964926935871e+04	1.208550546870332e+05	-3.66696002e+00	-2.75778991e+00	3.46276250e+00	1.68641129e+00	-3.21077456e+00	
12	5.892322676663599e+05	1.313043397044264e+04	2.63168341e+00	-4.52394385e+00	3.53442828e+00	-3.25756491e-01	-4.43045699e+00	
17	6.522501727602910e+04	1.024370153775034e+05	-4.32069180e+00	2.69951146e-01	3.74207563e+00	-2.95070304e+00	8.73324071e-01	
20	1.176002037411994e+05	2.324824259002603e+04	1.05366801e+00	-4.21379652e+00	-3.85319946e-01	1.15662731e+00	5.85029306e-01	
28	5.317623533227055e+05	6.852201049351092e+03	3.44662697e+00	-4.77817355e+00	4.38068074e+00	-1.32943465e+00	8.35497782e-02	
45	3.616518812482247e+04	8.538431696821687e+04	-3.29894135e+00	1.64481406e+00	1.81978044e+00	2.09421959e-01	1.86322811e+00	
% instance = 3, name = bbob_f006_i07_d05__bbob_f008_i08_d05
% function evaluation | 2 objectives | 5 variables
1	5.932214069465233e+05	3.271101409298209e+05	3.69838651e+00	1.17868371e+00	2.13308230e+00	-1.54466279e+00	3.21228504e+00	
2	5.114026460820011e+05	8.185222475639556e+04	1.00967553e+00	-8.56550696e-01	7.09471002e-02	3.01232920e+00	1.50496687e-02	
3	1.091313211981423e+05	1.521678324302353e+05	-5.01498795e-01	6.43283104e-01	-4.35973793e+00	2.22170005e+00	3.85125057e-01	
4	9.270803327675327e+05	1.166677665577696e+04	-3.66696002e+00	-2.75778991e+00	3.46276250e+00	1.68641129e+00	-3.21077456e+00	
8	6.193085839669314e+05	8.015357905391113e+04	-4.02033013e+00	1.72379929e+00	2.40744026e+00	1.80268659e+00	-1.77936778e+00	
9	3.237425173553077e+05	6.828860730898239e+04	-2.66793095e+00	-1.23218149e+00	-3.68198521e+00	4.53000990e-01	-3.52038132e+00	
11	3.235235884494406e+05	1.266672921154166e+05	-4.73608956e-01	2.22847579e+00	-7.24791604e-01	-2.22361210e+00	-2.45041604e+00	
15	1.027531457390119e+05	1.575874986242032e+05	1.94595110e+00	-9.44855571e-01	-3.25586383e+00	-1.13827348e+00	2.49249916e+00	
16	3.678320028035027e+02	1.805703972052266e+05	-2.50951019e+00	8.03832730e-01	-4.72981706e+00	8.87447394e-01	3.86215435e+00	
17	2.908355100534563e+05	2.028333480240242e+04	-4.32069180e+00	2.69951146e-01	3.74207563e+00	-2.95070304e+00	8.73324071e-01	
24	2.343062528892330e+04	1.047179934358238e+05	1.68973099e-01	1.96001352e-01	-3.31654651e+00	-3.04559847e+00	1.52402624e+00	
42	2.658303384595807e+05	1.032581700249585e+05	-7.40405846e-01	-4.17573629e+00	-2.57687666e+00	4.31847043e+00	1.28889504e+00	
43	3.508005522194996e+04	4.843246617121733e+04	-3.45311681e+00	5.30566302e-01	-2.07346089e+00	8.28997022e-01	4.38672515e+00	
% instance = 4, name = bbob_f006_i09_d05__bbob_f008_i10_d05
% function evaluation | 2 objectives | 5 variables
1	1.394304118304247e+05	9.131104503763079e+04	3.69838651e+00	1.17868371e+00	2.13308230e+00	-1.54466279e+00	3.21228504e+00	
2	3.563257268265951e+05	4.747470679237906e+03	1.00967553e+00	-8.56550696e-01	7.09471002e-02	3.01232920e+00	1.50496687e-02	
3	4.849610515433891e+05	1.300268476494857e+03	-5.01498795e-01	6.43283104e-01	-4.35973793e+00	2.22170005e+00	3.85125057e-01	
29	2.586169970465110e+05	1.826726504302330e+04	2.63842771e+00	-1.62427859e+00	-2.89474646e+00	9.46874676e-01	4.76335813e+00	
30	2.006553759991127e+05	2.650853852097879e+04	3.38109972e+00	7.69281116e-01	-4.85886417e+00	5.13206545e-01	3.35674965e+00	
32	3.440121483538580e+05	2.357513348820962e+03	5.21874355e-01	2.29748950e-01	-4.37792305e+00	1.07790691e+00	1.88506511e+00	
34	1.562503404045481e+05	5.576853095561473e+04	4.13182559e+00	-7.80688517e-02	7.78186548e-01	3.44882889e+00	2.17850785e+00	
% instance = 5, name = bbob_f006_i11_d05__bbob_f008_i12_d05
% function evaluation | 2 objectives | 5 variables
1	6.458300205679046e+05	1.584290368201731e+05	3.69838651e+00	1.17868371e+00	2.13308230e+00	-1.54466279e+00	3.21228504e+00	
2	1.917809627476181e+05	1.761921414365354e+04	1.00967553e+00	-8.56550696e-01	7.09471002e-02	3.01232920e+00	1.50496687e-02	
3	6.429681655661092e+04	4.130665657086210e+04	-5.01498795e-01	6.43283104e-01	-4.35973793e+00	2.22170005e+00	3.85125057e-01	
4	8.878017110266488e+05	1.545348677294844e+04	-3.66696002e+00	-2.75778991e+00	3.46276250e+00	1.68641129e+00	-3.21077456e+00	
8	4.431981937647600e+05	7.335987990760627e+03	-4.02033013e+00	1.72379929e+00	2.40744026e+00	1.80268659e+00	-1.77936778e+00	
16	2.015699389069787e+04	6.349885985854193e+04	-2.50951019e+00	8.03832730e-01	-4.72981706e+00	8.87447394e-01	3.86215435e+00	
19	2.510310889230615e+05	1.177037682397189e+04	-2.12772382e+00	-3.80008396e+00	-1.62846357e+00	4.25341385e+00	-3.76880429e-01	
20	1.847802803283968e+05	3.687594109456086e+04	1.05366801e+00	-4.21379652e+00	-3.85319946e-01	1.15662731e+00	5.85029306e-01	
37	9.692885415830432e+01	7.811443795212719e+03	-3.47188891e+00	3.95565111e-01	-2.84459500e+00	4.50669240e+00	3.20439031e+00	
43	1.983816506448477e+04	6.812048031848281e+03	-3.45311681e+00	5.30566302e-01	-2.07346089e+00	8.28997022e-01	4.38672515e+00	
% instance = 6, name = bbob_f006_i13_d05__bbob_f008_i14_d05
% function evaluation | 2 objectives | 5 variables
1	5.572597089408661e+05	1.383845982061184e+05	3.69838651e+00	1.17868371e+00	2.13308230e+00	-1.54466279e+00	3.21228504e+00	
2	3.232756104097467e+04	8.546053058449716e+03	1.00967553e+00	-8.56550696e-01	7.09471002e-02	3.01232920e+00	1.50496687e-02	
9	3.056930803674138e+05	5.250654359552418e+03	-2.66793095e+00	-1.23218149e+00	-3.68198521e+00	4.53000990e-01	-3.52038132e+00	
13	6.996107668427040e+03	2.526903708739284e+05	4.65602862e+00	-4.65556244e+00	-4.30498398e+00	4.22332759e+00	4.26516627e+00	
15	1.783534647042471e+04	2.979309290164624e+04	1.94595110e+00	-9.44855571e-01	-3.25586383e+00	-1.13827348e+00	2.49249916e+00	
29	4.436340567458315e+03	5.661173393742989e+04	2.63842771e+00	-1.62427859e+00	-2.89474646e+00	9.46874676e-01	4.76335813e+00	
30	1.517511255816216e+02	1.203479690254835e+05	3.38109972e+00	7.69281116e-01	-4.85886417e+00	5.13206545e-01	3.35674965e+00	
32	1.498505407608554e+04	2.426836787012836e+04	5.21874355e-01	2.29748950e-01	-4.37792305e+00	1.07790691e+00	1.88506511e+00	
37	2.640856938941867e+04	2.015291081562552e+04	-3.47188891e+00	3.95565111e-01	-2.84459500e+00	4.50669240e+00	3.20439031e+00	
43	2.168595210436060e+04	1.771592615964849e+04	-3.45311681e+00	5.30566302e-01	-2.07346089e+00	8.28997022e-01	4.38672515e+00	
% instance = 7, name = bbob_f006_i15_d05__bbob_f008_i16_d05
% function evaluation | 2 objectives | 5 variables
1	1.544365906039566e+05	2.185351754278020e+05	3.69838651e+00	1.17868371e+00	2.13308230e+00	-1.54466279e+00	3.21228504e+00	
2	4.978788248055497e+04	1.662581183829118e+05	1.00967553e+00	-8.56550696e-01	7.09471002e-02	3.01232920e+00	1.50496687e-02	
3	3.956796270730010e+02	8.324033264484938e+04	-5.01498795e-01	6.43283104e-01	-4.35973793e+00	2.22170005e+00	3.85125057e-01	
6	3.082214186811550e+02	1.369027212418904e+05	3.09109369e+00	-1.38020177e-01	-4.11748831e+00	9.90791217e-01	-1.73217382e+00	
7	2.617081615909956e+05	2.585934478690064e+04	-3.79573636e+00	3.25988744e+00	6.08063478e-02	-3.88380970e+00	-4.77025286e+00	
9	1.438998913553172e+05	2.509414869103420e+04	-2.66793095e+00	-1.23218149e+00	-3.68198521e+00	4.53000990e-01	-3.52038132e+00	
10	2.862796701135107e+04	5.369977887754724e+04	-3.87371322e+00	3.38691965e+00	-3.05343055e+00	8.79569963e-01	-1.53397246e+00	
11	3.408554442331708e+04	5.355371614242202e+03	-4.73608956e-01	2.22847579e+00	-7.24791604e-01	-2.22361210e+00	-2.45041604e+00	
15	2.944983286373523e+02	4.501979868711724e+04	1.94595110e+00	-9.44855571e-01	-3.25586383e+00	-1.13827348e+00	2.49249916e+00	
16	5.763687446718573e+02	1.485529268838657e+04	-2.50951019e+00	8.03832730e-01	-4.72981706e+00	8.87447394e-01	3.86215435e+00	
24	1.032152387311305e+04	6.430457733572764e+03	1.68973099e-01	1.96001352e-01	-3.31654651e+00	-3.04559847e+00	1.52402624e+00	
32	3.683287693620298e+02	3.244443961201885e+04	5.21874355e-01	2.29748950e-01	-4.37792305e+00	1.07790691e+00	1.88506511e+00	
% instance = 8, name = bbob_f006_i17_d05__bbob_f008_i18_d05
% function evaluation | 2 objectives | 5 variables
1	2.624827671761839e+05	2.785773685070390e+05	3.69838651e+00	1.17868371e+00	2.13308230e+00	-1.54466279e+00	3.21228504e+00	
2	1.077480343571361e+05	3.812112549965872e+04	1.00967553e+00	-8.56550696e-01	7.09471002e-02	3.01232920e+00	1.50496687e-02	
3	7.360853482361123e+04	1.741989554563013e+05	-5.01498795e-01	6.43283104e-01	-4.35973793e+00	2.22170005e+00	3.85125057e-01	
4	3.916331933928278e+05	3.448898570893561e+03	-3.66696002e+00	-2.75778991e+00	3.46276250e+00	1.68641129e+00	-3.21077456e+00	
9	4.304228340124593e+04	8.823631159600096e+04	-2.66793095e+00	-1.23218149e+00	-3.68198521e+00	4.53000990e-01	-3.52038132e+00	
10	2.309886001466779e+04	3.889896815282593e+05	-3.87371322e+00	3.38691965e+00	-3.05343055e+00	8.79569963e-01	-1.53397246e+00	
19	1.828762353106895e+05	8.964907633036853e+03	-2.12772382e+00	-3.80008396e+00	-1.62846357e+00	4.25341385e+00	-3.76880429e-01	
37	7.376907968296941e+03	7.873869217765756e+04	-3.47188891e+00	3.95565111e-01	-2.84459500e+00	4.50669240e+00	3.20439031e+00	
% instance = 9, name = bbob_f006_i19_d05__bbob_f008_i21_d05
% function evaluation | 2 objectives | 5 variables
1	8.400940306809328e+04	1.867567192002837e+04	3.69838651e+00	1.17868371e+00	2.13308230e+00	-1.54466279e+00	3.21228504e+00	
3	3.662218439212870e+04	6.178115303488093e+04	-5.01498795e-01	6.43283104e-01	-4.35973793e+00	2.22170005e+00	3.85125057e-01	
6	3.435986644312656e+04	3.719909515057148e+04	3.09109369e+00	-1.38020177e-01	-4.11748831e+00	9.90791217e-01	-1.73217382e+00	
9	1.149364841862139e+04	3.100476924379235e+04	-2.66793095e+00	-1.23218149e+00	-3.68198521e+00	4.53000990e-01	-3.52038132e+00	
12	6.644503523970165e+05	1.566541672830382e+04	2.63168341e+00	-4.52394385e+00	3.53442828e+00	-3.25756491e-01	-4.43045699e+00	
15	3.086244029515490e+02	1.636853039946300e+04	1.94595110e+00	-9.44855571e-01	-3.25586383e+00	-1.13827348e+00	2.49249916e+00	
20	9.700826256575456e+04	6.125139755180247e+03	1.05366801e+00	-4.21379652e+00	-3.85319946e-01	1.15662731e+00	5.85029306e-01	
29	1.044581543064358e+05	6.102188745887808e+03	2.63842771e+00	-1.62427859e+00	-2.89474646e+00	9.46874676e-01	4.76335813e+00	
% instance = 10, name = bbob_f006_i21_d05__bbob_f008_i22_d05
% function evaluation | 2 objectives | 5 variables
1	2.520134915922031e+05	3.204069554616517e+05	3.69838651e+00	1.17868371e+00	2.13308230e+00	-1.54466279e+00	3.21228504e+00	
2	2.088768417899464e+05	8.463588534065020e+04	1.00967553e+00	-8.56550696e-01	7.09471002e-02	3.01232920e+00	1.50496687e-02	
3	3.546993897704912e+05	3.379278891275204e+04	-5.01498795e-01	6.43283104e-01	-4.35973793e+00	2.22170005e+00	3.85125057e-01	
4	1.127847914356644e+05	3.500516437401982e+04	-3.66696002e+00	-2.75778991e+00	3.46276250e+00	1.68641129e+00	-3.21077456e+00	
7	3.105747491214463e+04	5.965379416607889e+04	-3.79573636e+00	3.25988744e+00	6.08063478e-02	-3.88380970e+00	-4.77025286e+00	
8	-1.953751077919664e+02	1.977054572055168e+04	-4.02033013e+00	1.72379929e+00	2.40744026e+00	1.80268659e+00	-1.77936778e+00	
9	2.115063990560265e+05	7.806316873254311e+03	-2.66793095e+00	-1.23218149e+00	-3.68198521e+00	4.53000990e-01	-3.52038132e+00	
43	5.633512181042549e+05	2.931021102014081e+03	-3.45311681e+00	5.30566302e-01	-2.07346089e+00	8.28997022e-01	4.38672515e+00	
45	3.581209621424005e+04	8.305402514970827e+03	-3.29894135e+00	1.64481406e+00	1.81978044e+00	2.09421959e-01	1.86322811e+00	
