% instance = 1, name = bbob_f002_i02_d05__bbob_f015_i04_d05
% function evaluation | 2 objectives | 5 variables
1	1.048257518342726e+07	3.229805251769175e+02	3.69838651e+00	1.17868371e+00	2.13308230e+00	-1.54466279e+00	3.21228504e+00	
2	7.451942126048976e+05	4.107124641439469e+02	1.00967553e+00	-8.56550696e-01	7.09471002e-02	3.01232920e+00	1.50496687e-02	
3	7.976535061119200e+05	3.512363020711095e+02	-5.01498795e-01	6.43283104e-01	-4.35973793e+00	2.22170005e+00	3.85125057e-01	
6	3.282005033696636e+06	3.172326365896605e+02	3.09109369e+00	-1.38020177e-01	-4.11748831e+00	9.90791217e-01	-1.73217382e+00	
9	1.157189148479273e+07	1.914277878528961e+02	-2.66793095e+00	-1.23218149e+00	-3.68198521e+00	4.53000990e-01	-3.52038132e+00	
10	2.645726340140443e+06	2.601217339017276e+02	-3.87371322e+00	3.38691965e+00	-3.05343055e+00	8.79569963e-01	-1.53397246e+00	
11	5.178776608636734e+06	1.697392933630371e+02	-4.73608956e-01	2.22847579e+00	-7.24791604e-01	-2.22361210e+00	-2.45041604e+00	
17	1.029118614950463e+06	3.439421822288974e+02	-4.32069180e+00	2.69951146e-01	3.74207563e+00	-2.95070304e+00	8.73324071e-01	
20	7.706763751063239e+05	3.070100527332236e+02	1.05366801e+00	-4.21379652e+00	-3.85319946e-01	1.15662731e+00	5.85029306e-01	
23	6.574421632226432e+05	5.108066780057542e+02	2.40544091e+00	1.46616732e+00	3.72709692e+00	-3.65613732e+00	-9.08285958e-01	
24	2.357719024610498e+06	1.208794189410936e+02	1.68973099e-01	1.96001352e-01	-3.31654651e+00	-3.04559847e+00	1.52402624e+00	
28	6.973616704366001e+04	7.714803538766142e+02	3.44662697e+00	-4.77817355e+00	4.38068074e+00	-1.32943465e+00	8.35497782e-02	
38	2.229421468384728e+06	1.552254140231066e+02	2.85598419e+00	-1.44575726e+00	-3.93593479e+00	-4.09089287e+00	1.36511600e+00	
48	2.686754898755232e+05	6.104673633801742e+02	-2.94572673e+00	-4.63895986e+00	4.56205807e+00	-4.22388157e+00	-3.93649085e-01	
% instance = 2, name = bbob_f002_i03_d05__bbob_f015_i05_d05
% function evaluation | 2 objectives | 5 variables
1	4.156510999186395e+07	2.466033337062575e+01	3.69838651e+00	1.17868371e+00	2.13308230e+00	-1.54466279e+00	3.21228504e+00	
2	9.965646445446266e+06	-3.580225390179208e+01	1.00967553e+00	-8.56550696e-01	7.09471002e-02	3.01232920e+00	1.50496687e-02	
4	4.713148862477575e+05	4.165212755273869e+02	-3.66696002e+00	-2.75778991e+00	3.46276250e+00	1.68641129e+00	-3.21077456e+00	
5	9.257693867010987e+04	5.148006676642697e+01	3.80160537e+00	3.09018580e+00	2.05256524e+00	-3.06284170e-01	-3.12702245e+00	
19	9.044790814387348e+06	3.933962074870564e+01	-2.12772382e+00	-3.80008396e+00	-1.62846357e+00	4.25341385e+00	-3.76880429e-01	
% instance = 3, name = bbob_f002_i07_d05__bbob_f015_i08_d05
% function evaluation | 2 objectives | 5 variables
1	3.800772240590895e+05	1.562748016942619e+02	3.69838651e+00	1.17868371e+00	2.13308230e+00	-1.54466279e+00	3.21228504e+00	
5	3.273577666032369e+07	1.499646754787710e+02	3.80160537e+00	3.09018580e+00	2.05256524e+00	-3.06284170e-01	-3.12702245e+00	
7	5.443169882738132e+07	6.392470891397321e+01	-3.79573636e+00	3.25988744e+00	6.08063478e-02	-3.88380970e+00	-4.77025286e+00	
8	2.150280899099952e+07	-2.652171411035445e+01	-4.02033013e+00	1.72379929e+00	2.40744026e+00	1.80268659e+00	-1.77936778e+00	
10	1.955766188674369e+07	1.533751319088773e+01	-3.87371322e+00	3.38691965e+00	-3.05343055e+00	8.79569963e-01	-1.53397246e+00	
15	3.656749644566221e+05	3.412543025371859e+02	1.94595110e+00	-9.44855571e-01	-3.25586383e+00	-1.13827348e+00	2.49249916e+00	
17	4.787595182151998e+06	-5.235033881655428e+01	-4.32069180e+00	2.69951146e-01	3.74207563e+00	-2.95070304e+00	8.73324071e-01	
24	2.877147031187686e+06	1.456391043029685e+02	1.68973099e-01	1.96001352e-01	-3.31654651e+00	-3.04559847e+00	1.52402624e+00	
30	2.217578688253583e+05	4.409252902214857e+02	3.38109972e+00	7.69281116e-01	-4.85886417e+00	5.13206545e-01	3.35674965e+00	
45	1.168583499815752e+06	-4.579236665939082e+01	-3.29894135e+00	1.64481406e+00	1.81978044e+00	2.09421959e-01	1.86322811e+00	
% instance = 4, name = bbob_f002_i09_d05__bbob_f015_i10_d05
% function evaluation | 2 objectives | 5 variables
1	1.128653080547686e+06	1.407586952099005e+03	3.69838651e+00	1.17868371e+00	2.13308230e+00	-1.54466279e+00	3.21228504e+00	
2	5.036261993151796e+06	1.186599930875182e+03	1.00967553e+00	-8.56550696e-01	7.09471002e-02	3.01232920e+00	1.50496687e-02	
3	3.836045547890129e+06	1.105659493245720e+03	-5.01498795e-01	6.43283104e-01	-4.35973793e+00	2.22170005e+00	3.85125057e-01	
15	3.180101550480904e+05	1.128285113392348e+03	1.94595110e+00	-9.44855571e-01	-3.25586383e+00	-1.13827348e+00	2.49249916e+00	
19	6.879826089954957e+06	1.036275340359486e+03	-2.12772382e+00	-3.80008396e+00	-1.62846357e+00	4.25341385e+00	-3.76880429e-01	
20	3.304291232681776e+06	1.126706230294153e+03	1.05366801e+00	-4.21379652e+00	-3.85319946e-01	1.15662731e+00	5.85029306e-01	
24	1.245769774384002e+06	1.079665499363523e+03	1.68973099e-01	1.96001352e-01	-3.31654651e+00	-3.04559847e+00	1.52402624e+00	
32	1.989610599571802e+05	1.073208392123668e+03	5.21874355e-01	2.29748950e-01	-4.37792305e+00	1.07790691e+00	1.88506511e+00	
34	9.366067095765557e+04	1.506141978300377e+03	4.13182559e+00	-7.80688517e-02	7.78186548e-01	3.44882889e+00	2.17850785e+00	
% instance = 5, name = bbob_f002_i11_d05__bbob_f015_i12_d05
% function evaluation | 2 objectives | 5 variables
1	5.051240437179303e+07	2.756015813747559e+03	3.69838651e+00	1.17868371e+00	2.13308230e+00	-1.54466279e+00	3.21228504e+00	
2	1.286532206377601e+07	9.552138868220462e+02	1.00967553e+00	-8.56550696e-01	7.09471002e-02	3.01232920e+00	1.50496687e-02	
3	1.601708354934506e+07	7.374635586915268e+02	-5.01498795e-01	6.43283104e-01	-4.35973793e+00	2.22170005e+00	3.85125057e-01	
4	2.293447093295929e+05	8.925980224375866e+02	-3.66696002e+00	-2.75778991e+00	3.46276250e+00	1.68641129e+00	-3.21077456e+00	
5	2.126941064263377e+05	2.873102326302904e+03	3.80160537e+00	3.09018580e+00	2.05256524e+00	-3.06284170e-01	-3.12702245e+00	
9	4.027935556317040e+04	6.930918119803810e+02	-2.66793095e+00	-1.23218149e+00	-3.68198521e+00	4.53000990e-01	-3.52038132e+00	
47	8.806217865842108e+06	6.831378558317416e+02	-1.42084538e+00	4.05579072e-02	-3.99646278e+00	3.05886389e+00	-6.58934763e-01	
% instance = 6, name = bbob_f002_i13_d05__bbob_f015_i14_d05
% function evaluation | 2 objectives | 5 variables
1	2.434760895472552e+07	8.075554278248046e+02	3.69838651e+00	1.17868371e+00	2.13308230e+00	-1.54466279e+00	3.21228504e+00	
2	3.956118289183581e+06	2.015553789047999e+02	1.00967553e+00	-8.56550696e-01	7.09471002e-02	3.01232920e+00	1.50496687e-02	
3	5.853584009244036e+06	1.156157173292434e+02	-5.01498795e-01	6.43283104e-01	-4.35973793e+00	2.22170005e+00	3.85125057e-01	
4	3.231855432308295e+06	-5.480372494606706e+01	-3.66696002e+00	-2.75778991e+00	3.46276250e+00	1.68641129e+00	-3.21077456e+00	
5	2.477448503554434e+06	9.431123359586786e+01	3.80160537e+00	3.09018580e+00	2.05256524e+00	-3.06284170e-01	-3.12702245e+00	
6	5.227904939903971e+05	4.119345754464966e+02	3.09109369e+00	-1.38020177e-01	-4.11748831e+00	9.90791217e-01	-1.73217382e+00	
8	7.604553722479742e+05	-1.622966994581403e+02	-4.02033013e+00	1.72379929e+00	2.40744026e+00	1.80268659e+00	-1.77936778e+00	
10	5.419893715165042e+05	-9.540052006153326e+01	-3.87371322e+00	3.38691965e+00	-3.05343055e+00	8.79569963e-01	-1.53397246e+00	
11	4.132065215590885e+05	-9.802733578085787e+01	-4.73608956e-01	2.22847579e+00	-7.24791604e-01	-2.22361210e+00	-2.45041604e+00	
33	6.335485230910367e+05	-1.730876449665438e+02	-1.40054513e+00	4.02790616e+00	1.83609437e+00	1.19277786e+00	-1.57280981e+00	
44	2.980612120643737e+05	1.374131086508484e+02	-4.59230168e+00	-4.63636241e+00	7.91926949e-01	-4.98479394e+00	-2.15821010e+00	
% instance = 7, name = bbob_f002_i15_d05__bbob_f015_i16_d05
% function evaluation | 2 objectives | 5 variables
1	2.436208661231989e+07	2.000820256145542e+03	3.69838651e+00	1.17868371e+00	2.13308230e+00	-1.54466279e+00	3.21228504e+00	
2	2.909316305538081e+06	5.329401107905560e+02	1.00967553e+00	-8.56550696e-01	7.09471002e-02	3.01232920e+00	1.50496687e-02	
4	2.601790597978927e+06	3.250574120909171e+02	-3.66696002e+00	-2.75778991e+00	3.46276250e+00	1.68641129e+00	-3.21077456e+00	
5	2.307227921331694e+06	2.328749223075355e+03	3.80160537e+00	3.09018580e+00	2.05256524e+00	-3.06284170e-01	-3.12702245e+00	
6	3.713723092216147e+03	1.916860118085191e+03	3.09109369e+00	-1.38020177e-01	-4.11748831e+00	9.90791217e-01	-1.73217382e+00	
8	8.022222338622634e+04	6.446917214776645e+02	-4.02033013e+00	1.72379929e+00	2.40744026e+00	1.80268659e+00	-1.77936778e+00	
18	5.647155239600107e+05	4.395065779524594e+02	3.78113711e+00	1.87056011e-02	2.91115120e+00	3.47712339e+00	-2.29537778e+00	
19	2.378393457185598e+06	4.013099888395254e+02	-2.12772382e+00	-3.80008396e+00	-1.62846357e+00	4.25341385e+00	-3.76880429e-01	
33	7.230073975465882e+04	1.034345429983813e+03	-1.40054513e+00	4.02790616e+00	1.83609437e+00	1.19277786e+00	-1.57280981e+00	
40	7.339205680676908e+04	7.343524781520540e+02	4.18026004e+00	-4.90010872e+00	-3.54221242e+00	2.10308122e+00	-1.86079521e+00	
% instance = 8, name = bbob_f002_i17_d05__bbob_f015_i18_d05
% function evaluation | 2 objectives | 5 variables
1	2.456678576139819e+06	4.401270860503287e+02	3.69838651e+00	1.17868371e+00	2.13308230e+00	-1.54466279e+00	3.21228504e+00	
2	3.155385287893375e+06	1.017157254504102e+01	1.00967553e+00	-8.56550696e-01	7.09471002e-02	3.01232920e+00	1.50496687e-02	
3	1.941447786361793e+06	1.215756176418704e+02	-5.01498795e-01	6.43283104e-01	-4.35973793e+00	2.22170005e+00	3.85125057e-01	
15	8.439649313058482e+05	7.418405980333290e+00	1.94595110e+00	-9.44855571e-01	-3.25586383e+00	-1.13827348e+00	2.49249916e+00	
19	4.420132582021639e+06	-2.824101222104218e+00	-2.12772382e+00	-3.80008396e+00	-1.62846357e+00	4.25341385e+00	-3.76880429e-01	
20	1.228897997662107e+06	-3.823438994671437e+01	1.05366801e+00	-4.21379652e+00	-3.85319946e-01	1.15662731e+00	5.85029306e-01	
24	7.427473338653386e+05	-6.841474340322861e+00	1.68973099e-01	1.96001352e-01	-3.31654651e+00	-3.04559847e+00	1.52402624e+00	
25	1.203426581391109e+06	-1.042824465062168e+01	2.00330200e+00	-2.65156101e+00	-4.77401463e+00	-2.98787777e+00	2.31581151e+00	
32	9.833610215450579e+04	2.729416308341064e+01	5.21874355e-01	2.29748950e-01	-4.37792305e+00	1.07790691e+00	1.88506511e+00	
42	3.977718432518196e+05	-1.529116370778945e+01	-7.40405846e-01	-4.17573629e+00	-2.57687666e+00	4.31847043e+00	1.28889504e+00	
43	7.804292761323904e+06	-4.036728038690583e+01	-3.45311681e+00	5.30566302e-01	-2.07346089e+00	8.28997022e-01	4.38672515e+00	
45	1.278774660945525e+05	-6.232387524038049e+01	-3.29894135e+00	1.64481406e+00	1.81978044e+00	2.09421959e-01	1.86322811e+00	
% instance = 9, name = bbob_f002_i19_d05__bbob_f015_i21_d05
% function evaluation | 2 objectives | 5 variables
1	4.454847958069368e+07	6.239803862994784e+02	3.69838651e+00	1.17868371e+00	2.13308230e+00	-1.54466279e+00	3.21228504e+00	
2	9.971978452881170e+06	6.223442762856056e+02	1.00967553e+00	-8.56550696e-01	7.09471002e-02	3.01232920e+00	1.50496687e-02	
4	9.143065393561450e+03	3.494353889091817e+02	-3.66696002e+00	-2.75778991e+00	3.46276250e+00	1.68641129e+00	-3.21077456e+00	
5	1.936583878553470e+05	2.404270347377829e+02	3.80160537e+00	3.09018580e+00	2.05256524e+00	-3.06284170e-01	-3.12702245e+00	
17	1.765626275855215e+07	2.306364770594845e+02	-4.32069180e+00	2.69951146e-01	3.74207563e+00	-2.95070304e+00	8.73324071e-01	
% instance = 10, name = bbob_f002_i21_d05__bbob_f015_i22_d05
% function evaluation | 2 objectives | 5 variables
1	5.657249460519128e+07	3.493356883832137e+02	3.69838651e+00	1.17868371e+00	2.13308230e+00	-1.54466279e+00	3.21228504e+00	
2	1.593514891470833e+07	5.107557154370303e+02	1.00967553e+00	-8.56550696e-01	7.09471002e-02	3.01232920e+00	1.50496687e-02	
3	1.908424107107706e+07	5.088586784993163e+02	-5.01498795e-01	6.43283104e-01	-4.35973793e+00	2.22170005e+00	3.85125057e-01	
4	5.592047042930893e+05	7.990012906812761e+02	-3.66696002e+00	-2.75778991e+00	3.46276250e+00	1.68641129e+00	-3.21077456e+00	
5	6.890962285448040e+05	3.375148681697891e+02	3.80160537e+00	3.09018580e+00	2.05256524e+00	-3.06284170e-01	-3.12702245e+00	
9	1.995255187100130e+05	5.044883712947449e+02	-2.66793095e+00	-1.23218149e+00	-3.68198521e+00	4.53000990e-01	-3.52038132e+00	
11	2.444463740551745e+06	3.083814177344731e+02	-4.73608956e-01	2.22847579e+00	-7.24791604e-01	-2.22361210e+00	-2.45041604e+00	
23	9.745892547450701e+06	3.057325599356651e+02	2.40544091e+00	1.46616732e+00	3.72709692e+00	-3.65613732e+00	-9.08285958e-01	
24	3.020303482513554e+07	2.888272216503498e+02	1.68973099e-01	1.96001352e-01	-3.31654651e+00	-3.04559847e+00	1.52402624e+00	
26	4.439727894987199e+05	4.097052634464712e+02	2.98257476e+00	2.14664468e+00	-3.99365492e+00	-2.56737610e+00	-4.05199851e+00	
27	7.842720787367698e+04	7.547791978494541e+02	-3.20850402e+00	3.87124503e+00	-3.88870196e+00	1.79204780e+00	-3.72717959e+00	
