% instance = 1, name = bbob_f006_i02_d20__bbob_f006_i04_d20
% function evaluation | 2 objectives 
1	1.156087811013830e+06	1.342343595980354e+06	
2	1.061395173814171e+06	1.866452909647799e+06	
3	9.864141671368540e+05	1.999121878591731e+06	
4	8.656383049512538e+05	2.062826227009004e+06	
6	5.262592136799589e+05	2.232216788713752e+06	
8	1.078992262854129e+06	1.434025040104815e+06	
11	5.763580468589321e+05	1.184424362473538e+06	
13	4.231037742586487e+05	1.798946780518129e+06	
18	5.777776228096954e+05	1.101471076184055e+06	
19	5.776634210268023e+05	1.068368559895374e+06	
21	3.809149251411762e+05	2.530848360791533e+06	
25	8.327533015344026e+05	1.016815085436265e+06	
29	4.491426301903221e+05	1.197912098747436e+06	
35	4.406371873880148e+05	1.680431137989124e+06	
41	1.806236430050410e+05	1.595591999995098e+06	
54	8.197020039296260e+05	1.006007146722764e+06	
76	9.398720115135995e+05	1.670427149082166e+05	
85	6.141584322674175e+05	1.036665483311730e+06	
94	6.184864828957152e+05	9.879406215112921e+05	
99	1.847211450157354e+05	1.150281524195709e+06	
119	5.560726850836783e+05	1.079366850319439e+06	
129	1.294241867415114e+05	1.102072121190631e+06	
130	6.202244720606395e+05	9.233023965647548e+05	
149	8.426263000945295e+05	7.850287487590736e+05	
159	3.740359421521503e+05	5.563967965519077e+05	
% instance = 2, name = bbob_f006_i03_d20__bbob_f006_i05_d20
% function evaluation | 2 objectives 
1	6.396649110866904e+05	2.992709548183970e+05	
7	5.772759074513809e+05	1.138775492842210e+06	
9	5.808039866466089e+05	5.854508671480143e+05	
15	5.047239695609440e+05	1.059955851957724e+06	
17	5.692329993732665e+05	5.591686049876064e+05	
19	3.121274812562480e+05	6.314679168923286e+05	
21	6.046788738705127e+05	5.433660344336911e+05	
28	2.038635653599725e+05	5.200853835644876e+05	
30	6.247260531208545e+05	4.202120622340912e+05	
33	5.562654294392721e+05	2.177688221758501e+05	
62	1.101083947506846e+06	1.382318713726512e+05	
65	8.320095610609332e+05	1.496532760568846e+05	
87	1.061481739850579e+06	1.384550381310532e+05	
95	3.675438730502894e+05	4.288804339705932e+05	
98	5.559150509873459e+05	3.892974078234394e+05	
126	5.773326778502903e+05	1.820300681938958e+05	
146	1.805475893047546e+06	1.194417005795516e+05	
167	7.443985370191269e+05	1.723309403124347e+05	
193	1.003294193071489e+06	1.081829861825844e+05	
% instance = 3, name = bbob_f006_i07_d20__bbob_f006_i08_d20
% function evaluation | 2 objectives 
1	3.926996060848458e+05	1.068658750772537e+06	
2	1.087407544075415e+06	7.143429916683033e+05	
5	5.719221775686918e+05	6.390261031252260e+05	
9	5.677443074862246e+05	9.384732907357550e+05	
13	5.778169108055386e+05	5.796227885480246e+05	
15	4.645889115707863e+05	5.990533841711286e+05	
17	3.014140169342979e+05	1.103942525981849e+06	
22	5.934337942308160e+05	5.706843800842634e+05	
27	6.128378639691608e+04	6.011376966012212e+05	
31	1.090111587247746e+06	4.405924770476737e+05	
37	3.173963207621390e+05	5.793353070526215e+05	
61	6.499365999045379e+05	2.479586171896041e+05	
85	5.310915397267783e+05	4.723712648903803e+05	
90	5.882751196719101e+05	1.137425456120696e+05	
115	3.650479242977572e+05	5.747268946859532e+05	
167	2.319540464365017e+05	5.394766298237790e+05	
% instance = 4, name = bbob_f006_i09_d20__bbob_f006_i10_d20
% function evaluation | 2 objectives 
1	3.276282963650640e+05	1.075702294032210e+06	
3	7.986779465623240e+05	1.038802856704118e+06	
17	3.041931392909247e+05	1.073779956377231e+06	
31	7.316927569519100e+05	6.034185758497282e+05	
33	5.708732646243335e+05	1.049994031267566e+06	
37	3.262148564015512e+05	9.849809778636190e+05	
39	7.482629235933536e+05	5.307329729672346e+05	
43	6.069732852094006e+05	3.868236793570995e+05	
46	2.857785020557487e+05	1.350541908537569e+06	
61	3.211805282850356e+05	1.017260194400528e+06	
62	1.467164897014120e+05	1.114008151213255e+06	
74	5.846542032350502e+05	3.220963154085650e+05	
101	2.604139431982468e+05	5.771100665066486e+05	
102	2.499025123103406e+05	9.069706392326250e+05	
167	2.590629561796821e+05	7.624362797001478e+05	
199	5.817881845103487e+05	4.550375734484682e+05	
% instance = 5, name = bbob_f006_i11_d20__bbob_f006_i12_d20
% function evaluation | 2 objectives 
1	2.731487377462995e+06	1.117252356125698e+06	
3	1.974263316338783e+06	2.865978907764939e+06	
4	1.898429345947105e+06	2.171687049018642e+06	
5	2.189007776079153e+06	1.460215427642547e+06	
6	1.785150684104689e+06	1.166855546060529e+06	
14	1.912448803041596e+06	1.070578914726732e+06	
15	1.853027089316033e+06	6.496323720533657e+05	
16	1.079098307945165e+06	2.613211394216854e+06	
18	8.655879454352298e+05	1.859333880207431e+06	
19	1.132143958969872e+06	1.188868660140931e+06	
24	1.275396669887879e+06	1.106010559724297e+06	
25	1.237765548325454e+06	6.344851583174915e+05	
27	8.159827159373157e+05	1.783032565169859e+06	
34	1.424786737302867e+06	5.771597836297782e+05	
37	9.678769968943822e+05	1.089116460368545e+06	
51	1.136965301122024e+06	6.568282754092996e+05	
59	9.216079445288825e+05	1.755958538754199e+06	
81	6.884569683102677e+05	2.072706691838602e+06	
107	5.629487865436474e+05	7.299971268347150e+05	
110	5.623497889357979e+05	2.173073240975955e+06	
178	5.506686473490897e+05	1.162372112540462e+06	
% instance = 6, name = bbob_f006_i13_d20__bbob_f006_i14_d20
% function evaluation | 2 objectives 
1	1.021537604763597e+06	3.765221481381495e+05	
2	4.971656020063868e+05	6.775907800135816e+05	
5	1.162143579229385e+06	2.850644146447690e+05	
8	1.001640866671891e+06	6.437292926812633e+05	
10	4.405119852362982e+05	1.028418132287192e+06	
16	6.689720090285687e+05	5.811794883027098e+05	
17	5.980420752381340e+05	5.741910587038839e+05	
18	5.817136315802935e+05	3.565112424359842e+05	
31	2.578412463818865e+05	5.771349160852473e+05	
34	5.482995290209568e+05	4.264849185063707e+05	
36	9.238529942223043e+05	3.179025054057259e+05	
42	5.197546425072947e+05	5.748751701632666e+05	
51	5.334036663571796e+05	2.993807602493203e+05	
53	1.087886464167379e+06	1.171498972724972e+05	
56	5.397433750380384e+05	2.020299845567850e+05	
62	3.539038064527833e+05	2.988136144362148e+05	
67	1.066951766721951e+06	1.513215603290935e+05	
74	8.362487718512887e+05	1.557535287736177e+05	
84	3.394510662623092e+05	5.237252360129193e+05	
94	2.386679469038124e+05	1.491110026727550e+05	
154	2.300279347406665e+05	5.707568806206052e+05	
% instance = 7, name = bbob_f006_i15_d20__bbob_f006_i16_d20
% function evaluation | 2 objectives 
1	8.488572847700435e+05	9.843812328828190e+05	
2	1.080678856739060e+06	5.616903037453265e+05	
4	2.062617326560828e+06	3.588958432153385e+05	
5	9.278954868853989e+05	6.119861302876255e+05	
15	1.105634845653137e+06	2.602479592579513e+05	
18	6.261469850325278e+05	5.761162462817811e+05	
19	1.083753366202079e+06	3.743065818830038e+05	
25	7.622273506680343e+05	2.857156644898436e+05	
26	5.777266200603331e+05	1.029687171788724e+06	
34	1.097989553838996e+06	1.473849506435176e+05	
35	7.020709226928769e+05	3.873034203506627e+05	
44	6.167058901657530e+05	6.539216292191002e+05	
49	3.470175120412966e+05	8.114600279879764e+05	
53	3.206148718581035e+05	3.089694091940472e+05	
77	1.089532588299901e+06	1.271559023828664e+05	
96	9.162509447922285e+05	2.128656813797028e+05	
107	1.065513911480148e+06	1.236656059714075e+05	
118	5.794781567230952e+05	1.588254961748055e+05	
149	1.071437215572364e+06	1.180056509703648e+05	
% instance = 8, name = bbob_f006_i17_d20__bbob_f006_i18_d20
% function evaluation | 2 objectives 
1	1.292407167242929e+06	1.100708874343390e+06	
2	5.314782800160516e+05	1.099145564031149e+06	
3	4.258601849022114e+05	1.086753724887589e+06	
4	2.354780039456141e+06	8.518443033817435e+05	
8	1.574050930931435e+06	7.166758224263429e+05	
9	5.829673440963051e+05	7.979711569033312e+05	
16	1.075542059105386e+06	7.721623052647474e+05	
17	1.072067160408650e+06	5.931500715763218e+05	
18	5.949401726777973e+05	3.107760687431568e+05	
23	5.829468945690354e+05	5.798087797295565e+05	
29	5.827791421183447e+05	5.061852391595013e+05	
38	1.437789384307171e+05	1.793013574377394e+06	
42	4.791614733376249e+05	1.039621076376546e+06	
44	5.782216948795984e+05	1.017475267605185e+06	
54	5.761947542241176e+05	2.824643535151648e+05	
78	5.658170671664706e+05	5.133683915627114e+05	
86	1.600811872720650e+05	1.062108600227431e+06	
87	5.530861258231098e+05	6.403480860627310e+05	
135	5.173558826427769e+05	9.976338049090360e+05	
152	2.332169094573000e+05	8.918761111961206e+05	
155	4.461838315622399e+05	6.447031205659742e+05	
159	5.392619347175906e+05	4.418212177152465e+05	
179	5.319996671482151e+05	3.612400138798726e+05	
% instance = 9, name = bbob_f006_i19_d20__bbob_f006_i21_d20
% function evaluation | 2 objectives 
1	5.787270846984028e+05	1.140029082210878e+06	
2	8.163990323700046e+05	3.019588891368069e+05	
11	5.463902472592498e+05	1.262751591286135e+06	
12	5.968094731252705e+05	1.132060908928322e+06	
15	5.649646505953589e+05	1.432847490478650e+05	
17	5.427198069809340e+05	1.173699404404253e+06	
62	4.642229767411712e+05	1.025087662201652e+06	
90	3.948589930761466e+05	1.243277638757273e+06	
98	5.646807282583673e+05	7.973441646951108e+05	
113	2.672051886862537e+05	8.933968884021936e+05	
150	4.492378013954284e+05	5.770691327668597e+05	
200	3.272748717899998e+05	5.582473720475045e+05	
% instance = 10, name = bbob_f006_i21_d20__bbob_f006_i22_d20
% function evaluation | 2 objectives 
1	1.140029082210878e+06	7.907660000765482e+05	
2	3.019588891368069e+05	1.089479995641527e+06	
6	8.133405575300547e+05	5.659421848905403e+05	
9	1.104641656187925e+06	5.630032293256040e+05	
15	1.432847490478650e+05	7.274088770150840e+05	
19	1.080894189328318e+06	2.728303965631874e+05	
21	5.860037301705275e+05	5.990565946619449e+05	
32	5.644859144808691e+05	3.290399194980423e+05	
34	1.041784541047859e+06	2.626685432791365e+05	
35	5.878086760509482e+05	2.435085036098519e+05	
49	4.113575146967830e+05	6.554957905363300e+05	
93	3.671755212919461e+05	7.237356037287255e+05	
97	1.620200875702158e+06	2.172353626612564e+05	
118	4.095367592339967e+05	6.128576898929992e+05	
124	3.240455235814970e+05	6.568766270332728e+05	
130	1.944825635335151e+06	1.971795331443044e+05	
140	5.641391349137570e+05	5.779685043076022e+05	
151	1.423607695718869e+06	2.163388157795188e+05	
169	3.193793191731839e+05	6.201495991614225e+05	
171	5.692359976676519e+05	2.873145496016329e+05	
199	4.993962457799648e+05	5.905009311237704e+05	
