% instance = 1, name = bbob_f014_i02_d05__bbob_f015_i04_d05
% function evaluation | 2 objectives | 5 variables
1	-1.579623623574059e+02	3.229805251769175e+02	3.69838651e+00	1.17868371e+00	2.13308230e+00	-1.54466279e+00	3.21228504e+00	
2	-1.660542504299119e+02	4.107124641439469e+02	1.00967553e+00	-8.56550696e-01	7.09471002e-02	3.01232920e+00	1.50496687e-02	
3	-1.741895446757974e+02	3.512363020711095e+02	-5.01498795e-01	6.43283104e-01	-4.35973793e+00	2.22170005e+00	3.85125057e-01	
6	-1.312783564929861e+02	3.172326365896605e+02	3.09109369e+00	-1.38020177e-01	-4.11748831e+00	9.90791217e-01	-1.73217382e+00	
9	-4.645910439760115e+00	1.914277878528961e+02	-2.66793095e+00	-1.23218149e+00	-3.68198521e+00	4.53000990e-01	-3.52038132e+00	
10	-1.500882623261072e+02	2.601217339017276e+02	-3.87371322e+00	3.38691965e+00	-3.05343055e+00	8.79569963e-01	-1.53397246e+00	
11	-3.839158956063446e+01	1.697392933630371e+02	-4.73608956e-01	2.22847579e+00	-7.24791604e-01	-2.22361210e+00	-2.45041604e+00	
15	-1.211076702576450e+02	1.813651582030299e+02	1.94595110e+00	-9.44855571e-01	-3.25586383e+00	-1.13827348e+00	2.49249916e+00	
24	-3.256242825472651e+01	1.208794189410936e+02	1.68973099e-01	1.96001352e-01	-3.31654651e+00	-3.04559847e+00	1.52402624e+00	
30	-1.713167770509634e+02	3.390217994017885e+02	3.38109972e+00	7.69281116e-01	-4.85886417e+00	5.13206545e-01	3.35674965e+00	
32	-1.714973089252518e+02	3.088926325226074e+02	5.21874355e-01	2.29748950e-01	-4.37792305e+00	1.07790691e+00	1.88506511e+00	
% instance = 2, name = bbob_f014_i03_d05__bbob_f015_i05_d05
% function evaluation | 2 objectives | 5 variables
1	1.083957823785403e+02	2.466033337062575e+01	3.69838651e+00	1.17868371e+00	2.13308230e+00	-1.54466279e+00	3.21228504e+00	
2	9.264232938832227e+01	-3.580225390179208e+01	1.00967553e+00	-8.56550696e-01	7.09471002e-02	3.01232920e+00	1.50496687e-02	
9	8.662250759096547e+01	2.483983628952266e+02	-2.66793095e+00	-1.23218149e+00	-3.68198521e+00	4.53000990e-01	-3.52038132e+00	
11	9.214675817251572e+01	1.706679556485246e+02	-4.73608956e-01	2.22847579e+00	-7.24791604e-01	-2.22361210e+00	-2.45041604e+00	
15	7.965285388133570e+01	1.638826131652015e+02	1.94595110e+00	-9.44855571e-01	-3.25586383e+00	-1.13827348e+00	2.49249916e+00	
29	8.882235409444232e+01	1.457847300075730e+02	2.63842771e+00	-1.62427859e+00	-2.89474646e+00	9.46874676e-01	4.76335813e+00	
% instance = 3, name = bbob_f014_i07_d05__bbob_f015_i08_d05
% function evaluation | 2 objectives | 5 variables
1	-3.964094595579982e+01	1.562748016942619e+02	3.69838651e+00	1.17868371e+00	2.13308230e+00	-1.54466279e+00	3.21228504e+00	
2	-9.404905579739777e+01	2.681792023510402e+02	1.00967553e+00	-8.56550696e-01	7.09471002e-02	3.01232920e+00	1.50496687e-02	
3	-1.007235080490493e+02	3.767330183882463e+02	-5.01498795e-01	6.43283104e-01	-4.35973793e+00	2.22170005e+00	3.85125057e-01	
4	-7.440970593568383e+01	2.666101344393560e+02	-3.66696002e+00	-2.75778991e+00	3.46276250e+00	1.68641129e+00	-3.21077456e+00	
5	-9.662754153776203e+01	1.499646754787710e+02	3.80160537e+00	3.09018580e+00	2.05256524e+00	-3.06284170e-01	-3.12702245e+00	
7	-9.215552116228965e+01	6.392470891397321e+01	-3.79573636e+00	3.25988744e+00	6.08063478e-02	-3.88380970e+00	-4.77025286e+00	
8	-1.105026715726490e+02	-2.652171411035445e+01	-4.02033013e+00	1.72379929e+00	2.40744026e+00	1.80268659e+00	-1.77936778e+00	
11	-1.171484506520807e+02	7.082097039662187e-01	-4.73608956e-01	2.22847579e+00	-7.24791604e-01	-2.22361210e+00	-2.45041604e+00	
17	-1.004292103608846e+02	-5.235033881655428e+01	-4.32069180e+00	2.69951146e-01	3.74207563e+00	-2.95070304e+00	8.73324071e-01	
33	-1.096259301850122e+02	-3.516184085885359e+01	-1.40054513e+00	4.02790616e+00	1.83609437e+00	1.19277786e+00	-1.57280981e+00	
45	-1.157769027294928e+02	-4.579236665939082e+01	-3.29894135e+00	1.64481406e+00	1.81978044e+00	2.09421959e-01	1.86322811e+00	
50	-1.211998854517486e+02	1.169031188158881e+02	2.11361865e+00	4.99335782e-01	2.70928249e+00	-3.42739635e+00	-4.39799999e+00	
% instance = 4, name = bbob_f014_i09_d05__bbob_f015_i10_d05
% function evaluation | 2 objectives | 5 variables
1	-1.626950712409342e+01	1.407586952099005e+03	3.69838651e+00	1.17868371e+00	2.13308230e+00	-1.54466279e+00	3.21228504e+00	
2	-3.774105595988300e+01	1.186599930875182e+03	1.00967553e+00	-8.56550696e-01	7.09471002e-02	3.01232920e+00	1.50496687e-02	
3	-2.140480210653205e+01	1.105659493245720e+03	-5.01498795e-01	6.43283104e-01	-4.35973793e+00	2.22170005e+00	3.85125057e-01	
15	-2.669720040910124e+01	1.128285113392348e+03	1.94595110e+00	-9.44855571e-01	-3.25586383e+00	-1.13827348e+00	2.49249916e+00	
19	-2.524134036952050e+01	1.036275340359486e+03	-2.12772382e+00	-3.80008396e+00	-1.62846357e+00	4.25341385e+00	-3.76880429e-01	
20	-3.121260428779804e+01	1.126706230294153e+03	1.05366801e+00	-4.21379652e+00	-3.85319946e-01	1.15662731e+00	5.85029306e-01	
32	-2.667949836170344e+01	1.073208392123668e+03	5.21874355e-01	2.29748950e-01	-4.37792305e+00	1.07790691e+00	1.88506511e+00	
% instance = 5, name = bbob_f014_i11_d05__bbob_f015_i12_d05
% function evaluation | 2 objectives | 5 variables
1	4.583944883260206e+01	2.756015813747559e+03	3.69838651e+00	1.17868371e+00	2.13308230e+00	-1.54466279e+00	3.21228504e+00	
2	-5.782142146220002e+01	9.552138868220462e+02	1.00967553e+00	-8.56550696e-01	7.09471002e-02	3.01232920e+00	1.50496687e-02	
3	-5.697751904001790e+01	7.374635586915268e+02	-5.01498795e-01	6.43283104e-01	-4.35973793e+00	2.22170005e+00	3.85125057e-01	
9	-3.391581812627801e+01	6.930918119803810e+02	-2.66793095e+00	-1.23218149e+00	-3.68198521e+00	4.53000990e-01	-3.52038132e+00	
47	-5.480607756402546e+01	6.831378558317416e+02	-1.42084538e+00	4.05579072e-02	-3.99646278e+00	3.05886389e+00	-6.58934763e-01	
% instance = 6, name = bbob_f014_i13_d05__bbob_f015_i14_d05
% function evaluation | 2 objectives | 5 variables
1	-1.011166059948515e+00	8.075554278248046e+02	3.69838651e+00	1.17868371e+00	2.13308230e+00	-1.54466279e+00	3.21228504e+00	
2	-2.656230187097110e+01	2.015553789047999e+02	1.00967553e+00	-8.56550696e-01	7.09471002e-02	3.01232920e+00	1.50496687e-02	
3	1.464354084525912e+01	1.156157173292434e+02	-5.01498795e-01	6.43283104e-01	-4.35973793e+00	2.22170005e+00	3.85125057e-01	
4	-2.863669124231224e+01	-5.480372494606706e+01	-3.66696002e+00	-2.75778991e+00	3.46276250e+00	1.68641129e+00	-3.21077456e+00	
8	-3.770987611429538e+01	-1.622966994581403e+02	-4.02033013e+00	1.72379929e+00	2.40744026e+00	1.80268659e+00	-1.77936778e+00	
33	-2.969875506316146e+01	-1.730876449665438e+02	-1.40054513e+00	4.02790616e+00	1.83609437e+00	1.19277786e+00	-1.57280981e+00	
% instance = 7, name = bbob_f014_i15_d05__bbob_f015_i16_d05
% function evaluation | 2 objectives | 5 variables
1	-5.436325478404580e+00	2.000820256145542e+03	3.69838651e+00	1.17868371e+00	2.13308230e+00	-1.54466279e+00	3.21228504e+00	
2	4.261799038268600e+01	5.329401107905560e+02	1.00967553e+00	-8.56550696e-01	7.09471002e-02	3.01232920e+00	1.50496687e-02	
4	1.989305758461624e+02	3.250574120909171e+02	-3.66696002e+00	-2.75778991e+00	3.46276250e+00	1.68641129e+00	-3.21077456e+00	
8	1.795686109462579e+01	6.446917214776645e+02	-4.02033013e+00	1.72379929e+00	2.40744026e+00	1.80268659e+00	-1.77936778e+00	
18	1.896520749719484e+02	4.395065779524594e+02	3.78113711e+00	1.87056011e-02	2.91115120e+00	3.47712339e+00	-2.29537778e+00	
19	1.114086204237870e+02	4.013099888395254e+02	-2.12772382e+00	-3.80008396e+00	-1.62846357e+00	4.25341385e+00	-3.76880429e-01	
20	4.553995353161654e+01	4.528650705907759e+02	1.05366801e+00	-4.21379652e+00	-3.85319946e-01	1.15662731e+00	5.85029306e-01	
31	9.847536397893299e+00	1.143295119464792e+03	-2.43459853e+00	2.95407268e+00	-1.68515048e+00	3.92421681e+00	-2.14977719e+00	
33	-2.680661957693373e+00	1.034345429983813e+03	-1.40054513e+00	4.02790616e+00	1.83609437e+00	1.19277786e+00	-1.57280981e+00	
% instance = 8, name = bbob_f014_i17_d05__bbob_f015_i18_d05
% function evaluation | 2 objectives | 5 variables
1	3.688801916139154e+01	4.401270860503287e+02	3.69838651e+00	1.17868371e+00	2.13308230e+00	-1.54466279e+00	3.21228504e+00	
2	2.989952857465960e+02	1.017157254504102e+01	1.00967553e+00	-8.56550696e-01	7.09471002e-02	3.01232920e+00	1.50496687e-02	
4	1.360437694676028e+02	1.125486419100415e+02	-3.66696002e+00	-2.75778991e+00	3.46276250e+00	1.68641129e+00	-3.21077456e+00	
11	1.409058309123224e+02	3.131526372826551e+01	-4.73608956e-01	2.22847579e+00	-7.24791604e-01	-2.22361210e+00	-2.45041604e+00	
12	4.780677190753032e+01	3.513737657513453e+02	2.63168341e+00	-4.52394385e+00	3.53442828e+00	-3.25756491e-01	-4.43045699e+00	
15	5.378912217294449e+01	7.418405980333290e+00	1.94595110e+00	-9.44855571e-01	-3.25586383e+00	-1.13827348e+00	2.49249916e+00	
17	3.129546854029105e+01	2.200394442768019e+02	-4.32069180e+00	2.69951146e-01	3.74207563e+00	-2.95070304e+00	8.73324071e-01	
19	2.821909096337484e+02	-2.824101222104218e+00	-2.12772382e+00	-3.80008396e+00	-1.62846357e+00	4.25341385e+00	-3.76880429e-01	
20	4.215561838621158e+01	-3.823438994671437e+01	1.05366801e+00	-4.21379652e+00	-3.85319946e-01	1.15662731e+00	5.85029306e-01	
22	3.695609490069413e+01	1.115524447052521e+02	3.33927582e+00	-1.00531698e+00	-3.84545670e+00	-4.07500857e+00	2.63965601e+00	
24	3.347017760776139e+01	-6.841474340322861e+00	1.68973099e-01	1.96001352e-01	-3.31654651e+00	-3.04559847e+00	1.52402624e+00	
28	1.543995361696800e+01	4.740920895841213e+02	3.44662697e+00	-4.77817355e+00	4.38068074e+00	-1.32943465e+00	8.35497782e-02	
36	1.814931028194448e+01	5.811516367999485e+01	1.89906958e+00	-1.43487488e+00	-7.29806604e-01	-4.56987303e+00	-2.81520924e+00	
43	1.716513642820335e+02	-4.036728038690583e+01	-3.45311681e+00	5.30566302e-01	-2.07346089e+00	8.28997022e-01	4.38672515e+00	
45	1.708348756728612e+02	-6.232387524038049e+01	-3.29894135e+00	1.64481406e+00	1.81978044e+00	2.09421959e-01	1.86322811e+00	
% instance = 9, name = bbob_f014_i19_d05__bbob_f015_i21_d05
% function evaluation | 2 objectives | 5 variables
1	1.280637018616364e+02	6.239803862994784e+02	3.69838651e+00	1.17868371e+00	2.13308230e+00	-1.54466279e+00	3.21228504e+00	
2	4.983084148587666e+01	6.223442762856056e+02	1.00967553e+00	-8.56550696e-01	7.09471002e-02	3.01232920e+00	1.50496687e-02	
4	1.210308308448699e+02	3.494353889091817e+02	-3.66696002e+00	-2.75778991e+00	3.46276250e+00	1.68641129e+00	-3.21077456e+00	
5	8.682784535005770e+01	2.404270347377829e+02	3.80160537e+00	3.09018580e+00	2.05256524e+00	-3.06284170e-01	-3.12702245e+00	
9	4.205722426764702e+01	1.562295181796423e+03	-2.66793095e+00	-1.23218149e+00	-3.68198521e+00	4.53000990e-01	-3.52038132e+00	
11	7.365692664490314e+01	2.424925564957398e+02	-4.73608956e-01	2.22847579e+00	-7.24791604e-01	-2.22361210e+00	-2.45041604e+00	
12	3.884376370420176e+01	4.435043494242078e+02	2.63168341e+00	-4.52394385e+00	3.53442828e+00	-3.25756491e-01	-4.43045699e+00	
14	3.766048919713283e+01	5.856579746351408e+02	3.96501986e+00	-3.97381877e+00	2.97112672e+00	4.23338891e+00	-4.94739350e+00	
17	1.484531189051109e+02	2.306364770594845e+02	-4.32069180e+00	2.69951146e-01	3.74207563e+00	-2.95070304e+00	8.73324071e-01	
18	4.712100002971557e+01	3.628121986517967e+02	3.78113711e+00	1.87056011e-02	2.91115120e+00	3.47712339e+00	-2.29537778e+00	
21	4.102850856813600e+01	4.256256475447626e+02	3.88277207e+00	-1.18704937e+00	1.63795503e+00	3.80788355e+00	-4.87150207e+00	
46	5.902226424035588e+01	3.381151030564312e+02	4.00932694e+00	-1.32148127e+00	4.39806236e+00	-3.45876288e+00	-4.61356832e+00	
50	5.492419259784474e+01	2.584312083469248e+02	2.11361865e+00	4.99335782e-01	2.70928249e+00	-3.42739635e+00	-4.39799999e+00	
% instance = 10, name = bbob_f014_i21_d05__bbob_f015_i22_d05
% function evaluation | 2 objectives | 5 variables
1	3.547470733491080e+01	3.493356883832137e+02	3.69838651e+00	1.17868371e+00	2.13308230e+00	-1.54466279e+00	3.21228504e+00	
2	2.541250924819947e+01	5.107557154370303e+02	1.00967553e+00	-8.56550696e-01	7.09471002e-02	3.01232920e+00	1.50496687e-02	
5	3.767684666966207e+01	3.375148681697891e+02	3.80160537e+00	3.09018580e+00	2.05256524e+00	-3.06284170e-01	-3.12702245e+00	
11	1.147532360043198e+02	3.083814177344731e+02	-4.73608956e-01	2.22847579e+00	-7.24791604e-01	-2.22361210e+00	-2.45041604e+00	
18	2.004621480745970e+01	6.433017879993548e+02	3.78113711e+00	1.87056011e-02	2.91115120e+00	3.47712339e+00	-2.29537778e+00	
23	4.825060875181379e+01	3.057325599356651e+02	2.40544091e+00	1.46616732e+00	3.72709692e+00	-3.65613732e+00	-9.08285958e-01	
24	9.666377035273909e+01	2.888272216503498e+02	1.68973099e-01	1.96001352e-01	-3.31654651e+00	-3.04559847e+00	1.52402624e+00	
33	2.641746245533489e+01	4.856770143015661e+02	-1.40054513e+00	4.02790616e+00	1.83609437e+00	1.19277786e+00	-1.57280981e+00	
