% instance = 1, name = bbob_f008_i02_d10__bbob_f013_i04_d10
% function evaluation | 2 objectives 
1	4.650694803162580e+05	2.448478685999099e+03	
2	2.168480204641701e+05	3.568928715938518e+03	
3	3.457088158413145e+05	2.903670920391068e+03	
4	9.083035894695169e+04	3.386050800661045e+03	
5	2.069269890251682e+05	2.777443855520562e+03	
8	2.756533901601894e+05	2.524134382533112e+03	
9	1.347543072582687e+05	3.143446251298010e+03	
12	1.832051130518155e+05	2.225943100452795e+03	
17	9.924212341584564e+04	3.038670571657359e+03	
18	1.557619157216291e+05	2.969091291319774e+03	
35	1.221768720416007e+05	2.900358928693232e+03	
39	3.378701733667319e+04	2.582498694866510e+03	
42	1.798560106032878e+05	2.328793889541777e+03	
44	1.798651918959271e+05	2.315142131358291e+03	
52	3.289723278836562e+04	2.521528069907717e+03	
66	1.159739937432271e+05	2.431988569911921e+03	
70	1.610855195555216e+05	2.411001465055029e+03	
85	7.774529117598970e+05	2.215357575871350e+03	
87	8.659185277571963e+04	2.256753511180669e+03	
93	6.898483009164664e+04	2.365386308628845e+03	
% instance = 2, name = bbob_f008_i03_d10__bbob_f013_i05_d10
% function evaluation | 2 objectives 
1	2.951770098116077e+05	1.151610813024156e+03	
3	2.164798168911824e+05	9.537524347016370e+02	
8	1.159583995868610e+05	1.834486983141611e+03	
12	3.967310696571760e+04	1.588906090809273e+03	
42	3.209850321171703e+04	2.245796956716384e+03	
67	8.732771159611052e+04	1.245894541755953e+03	
97	9.874655472789942e+03	1.741256208577340e+03	
% instance = 3, name = bbob_f008_i07_d10__bbob_f013_i08_d10
% function evaluation | 2 objectives 
1	1.111305472991897e+05	1.169603365793627e+03	
2	5.586034189856552e+04	1.685604381424602e+03	
4	2.907777816390697e+05	9.246333062489855e+02	
6	4.796828883414726e+04	1.800268888807136e+03	
9	2.312328485276889e+05	8.716907540447698e+02	
10	2.844946459750990e+04	2.632468201181531e+03	
30	3.603378709208577e+05	5.571099664396941e+02	
33	3.176930117374858e+03	2.042138364712178e+03	
35	5.849093717266092e+04	1.485298206251853e+03	
37	1.270698912345274e+05	8.085049047402990e+02	
38	3.130773551239080e+05	4.456602151092068e+02	
44	2.067558284073447e+05	7.901818518740747e+02	
49	3.736092467135121e+04	2.038032205268596e+03	
51	5.246762626174830e+05	4.407848822105934e+02	
66	1.982493348670269e+05	6.832980744409301e+02	
82	1.508332859145660e+04	1.675687775863645e+03	
91	2.283104010575261e+05	4.217935333734772e+00	
92	1.098418128657498e+05	1.046495089612559e+03	
% instance = 4, name = bbob_f008_i09_d10__bbob_f013_i10_d10
% function evaluation | 2 objectives 
1	9.212691049463525e+04	1.399797324069125e+03	
8	6.002047359005798e+04	2.306727428956896e+03	
12	3.516971808868515e+04	1.787808469350319e+03	
26	4.007426440386656e+05	1.304379275490599e+03	
29	4.145871562955889e+05	1.257140083771398e+03	
30	1.580444198658334e+04	2.070494587145060e+03	
37	2.653533227179741e+04	1.045744291596844e+03	
94	2.866969931454740e+04	1.033350651600261e+03	
% instance = 5, name = bbob_f008_i11_d10__bbob_f013_i12_d10
% function evaluation | 2 objectives 
1	7.373064231468525e+04	1.862393205192990e+03	
2	2.339847625981430e+05	1.782073143885016e+03	
8	3.708969536826843e+04	1.674072675411155e+03	
21	1.520881373421502e+05	1.087846830289477e+03	
45	1.301095965317668e+05	1.321461504203683e+03	
61	2.761908858616923e+04	2.301340176655687e+03	
62	9.474634960390357e+04	1.594504734613100e+03	
% instance = 6, name = bbob_f008_i13_d10__bbob_f013_i14_d10
% function evaluation | 2 objectives 
1	1.827369150104161e+05	2.164165375003237e+03	
2	1.669221627031834e+05	1.921956720084988e+03	
4	6.344358236575877e+04	1.993340754755792e+03	
5	7.777985337192623e+04	1.509508306560763e+03	
8	4.355276418665829e+04	1.701367826496902e+03	
26	3.346894441172586e+05	1.446220471826569e+03	
35	7.709953503620684e+04	1.605446545070500e+03	
39	4.172985811941054e+04	2.448588223971380e+03	
42	4.052330267683592e+05	1.428310745087823e+03	
44	4.299030394735632e+04	1.682815480907887e+03	
64	1.796152313045183e+05	1.377646571872288e+03	
73	2.517904777713392e+05	1.353799658182642e+03	
82	1.136424635885607e+05	1.278960689729511e+03	
93	2.605460881072831e+04	2.182898366215112e+03	
94	5.138612578877682e+04	1.287734192061823e+03	
% instance = 7, name = bbob_f008_i15_d10__bbob_f013_i16_d10
% function evaluation | 2 objectives 
1	2.470692522926017e+05	2.586123603498640e+03	
2	2.352370907802512e+05	1.993380693767699e+03	
3	1.737601623362472e+05	2.903516792694972e+03	
5	1.106030871292098e+05	2.396820172444149e+03	
8	9.483062473244010e+04	1.840141794089157e+03	
12	4.839905436819904e+04	3.033833898189113e+03	
16	1.648895388275390e+05	1.783705865510835e+03	
18	9.247773807535977e+04	2.412504016413818e+03	
31	3.845691891278222e+04	1.897315118112285e+03	
36	3.248483925843613e+05	1.675865532301480e+03	
45	6.712647240255321e+05	1.641170552333831e+03	
70	3.274228147307886e+04	2.575636597518783e+03	
75	2.740198625817554e+04	2.012824956147275e+03	
86	4.779226503751390e+05	1.517803415102021e+03	
88	4.150011852691069e+04	1.885152446232294e+03	
% instance = 8, name = bbob_f008_i17_d10__bbob_f013_i18_d10
% function evaluation | 2 objectives 
1	3.157152542290026e+05	2.146890970971029e+03	
2	1.343274560509064e+05	2.864524412268279e+03	
5	9.581176752462059e+04	2.546904026888489e+03	
8	7.440178406089669e+04	1.715708244660465e+03	
22	3.029284920517752e+05	1.707414043899242e+03	
36	2.875213462573862e+04	2.341743597904279e+03	
38	2.397885401128874e+05	1.454736640182097e+03	
44	4.663811613662070e+04	1.342460503719354e+03	
92	1.484232648321803e+05	1.141766832431654e+03	
% instance = 9, name = bbob_f008_i19_d10__bbob_f013_i21_d10
% function evaluation | 2 objectives 
1	1.869381837927765e+05	1.109388269659890e+03	
2	1.631236734816122e+05	1.852973555661855e+03	
3	5.503898678433736e+04	1.754138183345899e+03	
12	1.617731598709734e+05	1.562096840700485e+03	
17	8.388388624435070e+04	1.604463325743510e+03	
44	4.052846709141897e+04	1.571143400613502e+03	
46	2.890813019144051e+04	2.479323834963155e+03	
67	1.245245393876534e+05	1.187786565908904e+03	
93	1.663800170844365e+04	2.039762644731823e+03	
% instance = 10, name = bbob_f008_i21_d10__bbob_f013_i22_d10
% function evaluation | 2 objectives 
1	2.712203599312143e+05	1.760592434599094e+03	
3	1.012495275029797e+05	1.920102360651010e+03	
4	3.406288501459261e+05	1.696965328881853e+03	
12	3.924823498432340e+04	1.522837036494526e+03	
37	2.730634961656146e+05	1.011578333004144e+03	
60	3.049104921628601e+04	2.158633544943608e+03	
63	7.431519379677960e+04	1.147895010290952e+03	
70	2.033529612804732e+04	5.748352034762906e+02	
93	1.663077346853734e+04	2.252237439806675e+03	
