% instance = 1, name = bbob_f014_i02_d10__bbob_f021_i04_d10
% function evaluation | 2 objectives 
1	-1.927972090889835e+01	4.098523634620180e+01	
4	-6.863071755339642e+01	5.331006386349330e+01	
6	-3.611261561098803e+01	4.670504762576212e+01	
9	-1.180806210657780e+02	4.782210286797067e+01	
10	-1.287301677977374e+01	-9.766849973259440e+00	
14	-1.015946621247537e+02	3.842588993596227e+01	
23	-1.421155079409349e+02	5.163616735230738e+01	
28	-1.305123148013253e+02	5.063165921751954e+01	
32	-1.323176027258097e+02	5.156564102580600e+01	
33	-1.535743995575334e+02	4.343156377863866e+01	
37	-1.317392013157682e+02	3.834768640316572e+01	
55	-1.558148621065741e+02	4.375049147461115e+01	
56	-1.536408080478635e+02	4.089966303750879e+01	
65	-1.693772869169884e+02	4.647478312877767e+01	
77	-9.585670957536237e+01	2.884918826067396e+01	
86	-1.236033627516443e+02	3.600291900686301e+01	
% instance = 2, name = bbob_f014_i03_d10__bbob_f021_i05_d10
% function evaluation | 2 objectives 
1	9.398322411413986e+01	5.984709252308973e+02	
2	2.334035104093199e+02	5.891254032789800e+02	
3	1.049849183359428e+02	5.982837818848741e+02	
4	1.486224750835395e+02	5.926433719035183e+02	
5	1.033946664137296e+02	5.961475089321117e+02	
8	8.576267036388414e+01	5.859279267505104e+02	
16	1.297889080363637e+02	5.855748165459889e+02	
24	2.928516269871024e+02	5.836138876827423e+02	
35	1.639320884202376e+02	5.849585733363863e+02	
55	1.214839957171615e+02	5.848679811451248e+02	
70	2.190969421210022e+02	5.828029167062998e+02	
79	1.894301540286253e+02	5.685279095231804e+02	
87	1.185957720323623e+02	5.854560592998788e+02	
100	1.884904846767024e+02	5.793083561949427e+02	
% instance = 3, name = bbob_f014_i07_d10__bbob_f021_i08_d10
% function evaluation | 2 objectives 
1	-2.506406352937290e+01	-3.911167723741362e+02	
2	-8.746843716197817e+01	-3.913110354761325e+02	
3	-8.381656765814512e+00	-3.971802674191460e+02	
4	-9.932363106716690e+01	-3.910153768404834e+02	
5	-1.083561664490723e+02	-3.917465814120147e+02	
6	3.604886248710807e+01	-3.976781807759062e+02	
8	-4.405113425545393e+01	-3.937444924496751e+02	
12	-9.122403079418729e+01	-3.977688558432574e+02	
17	-3.217462601162774e+01	-3.980241268372665e+02	
20	-2.803032678574789e+01	-4.147295508296102e+02	
42	-4.376733082924946e+01	-4.018543233962752e+02	
44	-9.227637080366114e+01	-3.999747828973604e+02	
% instance = 4, name = bbob_f014_i09_d10__bbob_f021_i10_d10
% function evaluation | 2 objectives 
1	9.547254970755426e+01	3.638276895016607e+02	
2	2.773749456386536e+01	3.644221670443995e+02	
3	1.671984413191057e+01	3.674787478906569e+02	
5	-3.501592798481354e-01	3.669129354877550e+02	
6	4.367320690085094e+02	3.609194870940931e+02	
10	2.214980887662904e+02	3.540516126859667e+02	
11	-9.620733239216918e+00	3.581150112195214e+02	
13	1.499013108080167e+01	3.579831805525417e+02	
22	4.047807293522202e+01	3.558617876018880e+02	
28	-1.419639226813558e+01	3.700934326907530e+02	
31	-1.954211177647561e+01	3.630280983876409e+02	
34	6.696879155605572e+01	3.546071171325940e+02	
38	1.311181109581417e+01	3.563809052285235e+02	
52	3.504344655522346e+01	3.440504753855355e+02	
63	-2.112535836181928e+01	3.594082057978201e+02	
70	-2.349184494463921e+01	3.621148778142423e+02	
92	-1.051757283940179e+01	3.530177956626655e+02	
% instance = 5, name = bbob_f014_i11_d10__bbob_f021_i12_d10
% function evaluation | 2 objectives 
1	-1.759025714779122e+01	-1.323988101668071e+02	
8	-4.192782186740929e+01	-1.174783523609060e+02	
31	-3.444261150168467e+01	-1.274530133523013e+02	
42	2.139446478843581e+00	-1.558108165462696e+02	
92	-3.848163175311856e+01	-1.188210598619572e+02	
% instance = 6, name = bbob_f014_i13_d10__bbob_f021_i14_d10
% function evaluation | 2 objectives 
1	2.155018888571588e+02	-4.180074458236521e+02	
2	2.544649620054842e+02	-4.188602048553386e+02	
4	1.051036582750887e+02	-4.306457843010064e+02	
6	5.793629040686371e+01	-4.233439735145320e+02	
9	3.161712785929458e+01	-4.185969393367735e+02	
10	2.088771870439551e+01	-4.175232507075878e+02	
11	5.162814772293842e+01	-4.230894173495082e+02	
12	1.020599354551593e+02	-4.244472717995577e+02	
14	1.111585461295869e+01	-4.132066278654365e+02	
16	-2.243778491232040e+01	-4.194882620867734e+02	
18	-6.632418822088283e+00	-4.198185340404792e+02	
27	3.786127495558806e+01	-4.251440397894382e+02	
33	4.599991683310974e+01	-4.283704106674040e+02	
35	2.554402081099796e+01	-4.274424144252724e+02	
38	-9.375108969819287e+00	-4.283457409734112e+02	
42	-1.141661041480266e+01	-4.332301532458927e+02	
92	3.717341808234380e-01	-4.370192937102591e+02	
% instance = 7, name = bbob_f014_i15_d10__bbob_f021_i16_d10
% function evaluation | 2 objectives 
1	9.655786203550879e+01	1.025563125289037e+02	
2	7.802759456405100e+01	1.015179699254632e+02	
6	5.010800842057665e+01	1.132767430541231e+02	
8	3.521536644234718e+01	1.120466636396256e+02	
9	7.092083758501066e+01	1.096571071654849e+02	
10	1.509050034666298e+01	9.617633155887617e+01	
33	3.725096831264897e+01	8.698730256063575e+01	
41	1.298036716774388e+02	7.740498986396400e+01	
49	1.852037034407723e+01	9.509496396211065e+01	
66	1.495473106766412e+01	1.097416534115374e+02	
67	1.243492676035779e+01	1.116936698469989e+02	
% instance = 8, name = bbob_f014_i17_d10__bbob_f021_i18_d10
% function evaluation | 2 objectives 
1	8.257710865116272e+01	-7.417851045538436e+02	
2	6.997861820061233e+01	-7.447342031873447e+02	
3	6.232895734534767e+01	-7.477359391464101e+02	
4	2.366158035977300e+01	-7.449574962534125e+02	
6	4.290181888337288e+01	-7.491612463968640e+02	
8	7.131462112886150e+01	-7.515807586846437e+02	
17	2.397725081728574e+02	-7.537703584972412e+02	
30	1.818343954843611e+01	-7.435872957142250e+02	
37	5.131692658777277e+01	-7.503000080169508e+02	
44	6.701595750484984e+01	-7.507243844970239e+02	
53	2.127180771991406e+02	-7.597818357608419e+02	
56	1.564451103248379e+02	-7.564451979356747e+02	
58	1.201015530905308e+02	-7.531285724804729e+02	
60	1.423134238437135e+02	-7.543697836601162e+02	
61	7.455455455680480e+01	-7.527404618369358e+02	
63	1.303820287340012e+02	-7.534307388649370e+02	
67	3.778423477738345e+01	-7.487503614357544e+02	
70	7.379019963824621e+01	-7.793825187066842e+02	
73	7.242894577448321e+01	-7.551174295774264e+02	
77	6.432785277210699e+01	-7.526305684453910e+02	
80	5.147661434759912e+01	-7.653338365845674e+02	
93	4.445980140971390e+01	-7.662975161176497e+02	
94	3.484693056187228e+01	-7.497098913158155e+02	
% instance = 9, name = bbob_f014_i19_d10__bbob_f021_i21_d10
% function evaluation | 2 objectives 
1	7.970086278822677e+01	-1.485337747269645e+02	
3	5.048755290252942e+01	-1.498691975766860e+02	
57	2.792772771820571e+02	-1.516999665031965e+02	
69	4.786107068430887e+01	-1.390097695385890e+02	
99	4.404934527852551e+01	-1.368816177779069e+02	
% instance = 10, name = bbob_f014_i21_d10__bbob_f021_i22_d10
% function evaluation | 2 objectives 
1	5.630907630844303e+01	3.517053133055867e+02	
2	7.861014356131477e+01	3.438795014856695e+02	
8	1.050465431230567e+02	3.423818013804727e+02	
15	2.983122794615066e+02	3.331045026281859e+02	
17	4.960407787307510e+01	3.569311250039078e+02	
30	4.324002924563502e+01	3.499527511203009e+02	
34	1.146115751802749e+02	3.390442360846266e+02	
37	3.382542696454019e+01	3.490033769670256e+02	
46	7.837195491173907e+01	3.449129002934227e+02	
48	6.053618472368740e+01	3.373657974256358e+02	
50	2.604371772170895e+01	3.527635687865046e+02	
92	5.193350604527670e+01	3.468093709851109e+02	
93	1.787978206678133e+02	3.372038232063964e+02	
