% instance = 1, name = bbob_f002_i02_d10__bbob_f021_i04_d10
% function evaluation | 2 objectives 
1	4.834166321000122e+06	4.098523634620180e+01	
10	1.758084037701886e+06	-9.766849973259440e+00	
16	1.434774696109477e+06	4.934622795603413e+01	
56	1.026013327278710e+06	4.089966303750879e+01	
% instance = 2, name = bbob_f002_i03_d10__bbob_f021_i05_d10
% function evaluation | 2 objectives 
1	1.820640025914968e+07	5.984709252308973e+02	
2	4.314348624041221e+07	5.891254032789800e+02	
3	2.928085594058354e+07	5.982837818848741e+02	
4	3.000459449131832e+07	5.926433719035183e+02	
5	2.749007081255927e+07	5.961475089321117e+02	
8	4.326401673221053e+06	5.859279267505104e+02	
11	2.428899258578302e+06	5.993041410404402e+02	
15	3.790835204978030e+06	5.975725626049830e+02	
16	7.074015338131788e+06	5.855748165459889e+02	
24	1.583396683778426e+07	5.836138876827423e+02	
31	2.475810256787671e+06	5.923779503281959e+02	
35	1.470887993725001e+07	5.849585733363863e+02	
39	1.184257253112715e+06	5.969746212133099e+02	
42	1.373822516371743e+06	5.961744286654292e+02	
47	1.057026788489245e+06	5.902533859404410e+02	
48	8.660068730329510e+05	5.914850525282734e+02	
56	4.237566350195889e+06	5.887556856274946e+02	
59	9.900665800282098e+06	5.852298952308015e+02	
70	3.968587516760045e+07	5.828029167062998e+02	
75	2.602515593237809e+06	5.880390220704406e+02	
79	1.401942610932817e+07	5.685279095231804e+02	
83	2.655143149891606e+06	5.860244383033964e+02	
% instance = 3, name = bbob_f002_i07_d10__bbob_f021_i08_d10
% function evaluation | 2 objectives 
1	7.451217660891488e+05	-3.911167723741362e+02	
2	6.485388299073926e+06	-3.913110354761325e+02	
3	3.370018059299753e+06	-3.971802674191460e+02	
5	2.591548895151975e+06	-3.917465814120147e+02	
6	1.631205428252807e+07	-3.976781807759062e+02	
12	1.210776599968771e+07	-3.977688558432574e+02	
17	8.434372418087734e+06	-3.980241268372665e+02	
20	3.315435065404565e+06	-4.147295508296102e+02	
30	2.839916274770824e+06	-3.925325948892119e+02	
32	2.042552470381161e+06	-4.040810919948831e+02	
41	1.770836109783353e+06	-3.954721731150592e+02	
53	5.644844112039703e+05	-3.878038338780934e+02	
69	1.331149120586703e+06	-3.978228935372650e+02	
% instance = 4, name = bbob_f002_i09_d10__bbob_f021_i10_d10
% function evaluation | 2 objectives 
1	8.728632860421043e+06	3.638276895016607e+02	
2	6.409119682260099e+06	3.644221670443995e+02	
3	4.737936726572353e+06	3.674787478906569e+02	
4	3.577414314261866e+06	3.704123770419340e+02	
5	3.833961369221160e+06	3.669129354877550e+02	
6	8.541153202788593e+06	3.609194870940931e+02	
10	9.043390964505961e+06	3.540516126859667e+02	
13	7.988616498047210e+06	3.579831805525417e+02	
14	3.362799107336897e+06	3.660088710606454e+02	
18	3.853376448559355e+06	3.626144856543286e+02	
22	2.909868240987229e+06	3.558617876018880e+02	
26	1.301860344751670e+06	3.716888449878511e+02	
30	2.542211436232412e+06	3.666431653968604e+02	
34	3.895854904616728e+06	3.546071171325940e+02	
35	2.798919425880124e+06	3.616740822005414e+02	
37	8.725074430124802e+05	3.641458815702519e+02	
52	4.494992584048384e+07	3.440504753855355e+02	
56	1.144523551978421e+07	3.535244496987439e+02	
69	7.974509363779197e+06	3.515949379640506e+02	
76	7.415761353185005e+05	3.662449476738835e+02	
77	7.573538508096023e+05	3.632322509837807e+02	
% instance = 5, name = bbob_f002_i11_d10__bbob_f021_i12_d10
% function evaluation | 2 objectives 
1	1.645265865394288e+07	-1.323988101668071e+02	
2	8.508106474606608e+05	-1.110545940029617e+02	
3	8.585637523174681e+06	-1.204696975360349e+02	
4	5.586375454357935e+06	-1.127319900300474e+02	
6	2.407418885482176e+06	-1.125759382362753e+02	
9	2.666946408888353e+06	-1.135525312977629e+02	
13	7.825630990768686e+06	-1.222972622139418e+02	
23	7.930108213380085e+06	-1.241420338965611e+02	
25	7.520126656756618e+06	-1.160534393703885e+02	
29	1.527126721551383e+06	-1.126448942510056e+02	
37	7.182821909852602e+06	-1.242360001499713e+02	
40	1.051776058244819e+06	-1.170673165942859e+02	
42	6.765700598132151e+07	-1.558108165462696e+02	
70	1.208677558323518e+07	-1.260847351523511e+02	
72	1.145877835865970e+07	-1.423130942180294e+02	
80	6.018040903648530e+05	-1.160460955255700e+02	
82	8.011490757280629e+05	-1.173183760548155e+02	
99	8.651406260382028e+05	-1.178885377868526e+02	
% instance = 6, name = bbob_f002_i13_d10__bbob_f021_i14_d10
% function evaluation | 2 objectives 
1	1.638878721758866e+07	-4.180074458236521e+02	
2	1.109338437504945e+06	-4.188602048553386e+02	
4	5.360994066579603e+06	-4.306457843010064e+02	
6	1.198416114816764e+06	-4.233439735145320e+02	
29	2.087443167959192e+06	-4.241184302895834e+02	
42	6.129995253787497e+07	-4.332301532458927e+02	
82	2.977291110694876e+05	-4.152230642982755e+02	
89	2.609906215601312e+06	-4.322419344258337e+02	
91	1.062176899401731e+06	-4.198525966813515e+02	
92	3.274490674352570e+07	-4.370192937102591e+02	
99	1.861462449637476e+05	-4.191932343774226e+02	
% instance = 7, name = bbob_f002_i15_d10__bbob_f021_i16_d10
% function evaluation | 2 objectives 
1	1.364779645311305e+07	1.025563125289037e+02	
2	4.010694628704146e+05	1.015179699254632e+02	
10	1.876828515471570e+07	9.617633155887617e+01	
24	1.817283074030729e+07	9.987767662644887e+01	
33	2.870115121520500e+07	8.698730256063575e+01	
34	9.032375271759368e+06	9.991041633462103e+01	
35	1.532517129857667e+07	9.665997183332223e+01	
41	9.846163177585976e+06	7.740498986396400e+01	
49	9.285100326644197e+06	9.509496396211065e+01	
55	3.642416807794351e+06	9.150524088546231e+01	
82	4.447877501888145e+05	1.012962451475028e+02	
99	2.839670849957971e+05	1.027694054407353e+02	
% instance = 8, name = bbob_f002_i17_d10__bbob_f021_i18_d10
% function evaluation | 2 objectives 
1	8.849905690699402e+06	-7.417851045538436e+02	
2	2.677737109360763e+06	-7.447342031873447e+02	
3	2.236034639484824e+06	-7.477359391464101e+02	
4	1.783278293549902e+06	-7.449574962534125e+02	
6	5.464069248589064e+06	-7.491612463968640e+02	
8	4.099000857503808e+07	-7.515807586846437e+02	
17	2.354537915072116e+07	-7.537703584972412e+02	
23	7.574360360084329e+06	-7.494116419401345e+02	
28	4.830810766615169e+06	-7.495720502263332e+02	
37	1.123487158416075e+06	-7.503000080169508e+02	
43	8.438826149857491e+06	-7.515546034233688e+02	
53	2.913668677319071e+06	-7.597818357608419e+02	
70	4.623785870592660e+06	-7.793825187066842e+02	
100	9.543090199649357e+05	-7.468194221605881e+02	
% instance = 9, name = bbob_f002_i19_d10__bbob_f021_i21_d10
% function evaluation | 2 objectives 
1	2.730373200003884e+06	-1.485337747269645e+02	
3	9.750609654779518e+06	-1.498691975766860e+02	
10	6.361424681587099e+05	-1.352986088483886e+02	
16	8.932987179550983e+05	-1.448327421277430e+02	
17	1.392783490586151e+06	-1.481169632904765e+02	
57	2.345859358097275e+07	-1.516999665031965e+02	
59	4.641280043601207e+05	-1.445919341519354e+02	
67	2.961007918298944e+05	-1.368973978791363e+02	
% instance = 10, name = bbob_f002_i21_d10__bbob_f021_i22_d10
% function evaluation | 2 objectives 
1	6.738244618499418e+06	3.517053133055867e+02	
2	3.730713104502396e+06	3.438795014856695e+02	
3	1.101876230419278e+06	3.572319451940535e+02	
4	2.217636928077359e+06	3.558548777310000e+02	
5	1.413669518658360e+06	3.536851253232389e+02	
8	4.024688869250929e+07	3.423818013804727e+02	
15	3.282255493771499e+07	3.331045026281859e+02	
20	5.839729103542954e+05	3.564262477162027e+02	
32	1.864175864650565e+06	3.500628100938370e+02	
34	1.055478165600747e+07	3.390442360846266e+02	
45	2.448636681717826e+06	3.491813559772531e+02	
55	1.534404191566540e+06	3.490379854416798e+02	
82	4.087560987775724e+06	3.382669053957837e+02	
93	1.967501875208718e+07	3.372038232063964e+02	
