% instance = 1, name = bbob_f017_i02_d03__bbob_f021_i04_d03
% function evaluation | 2 objectives | 3 variables
1	4.419645931050768e+01	6.395188289117591e+00	3.69838651e+00	1.17868371e+00	2.13308230e+00	
2	4.058834610160473e+01	-6.999319508671345e+00	-1.54466279e+00	3.21228504e+00	1.00967553e+00	
4	2.516647205874392e+01	2.663987923290765e+01	1.50496687e-02	-5.01498795e-01	6.43283104e-01	
5	3.309112092426544e+01	1.060652516559801e+01	-4.35973793e+00	2.22170005e+00	3.85125057e-01	
6	9.968495685544656e+01	-1.074749272871021e+01	-3.66696002e+00	-2.75778991e+00	3.46276250e+00	
7	9.901869393406713e+01	-2.206163753044365e+01	1.68641129e+00	-3.21077456e+00	3.80160537e+00	
8	3.280604936738358e+01	-1.089622169284380e+01	3.09018580e+00	2.05256524e+00	-3.06284170e-01	
9	2.821362462372907e+01	-1.762327687864699e+01	-3.12702245e+00	3.09109369e+00	-1.38020177e-01	
10	2.961046222906529e+01	-2.937521580016903e+01	-4.11748831e+00	9.90791217e-01	-1.73217382e+00	
13	2.571450397826298e+01	1.590957233081520e+01	1.72379929e+00	2.40744026e+00	1.80268659e+00	
18	2.543441908071390e+01	-5.391596649764146e+00	2.22847579e+00	-7.24791604e-01	-2.22361210e+00	
19	2.416190964273537e+01	2.509052404270515e+01	-2.45041604e+00	2.63168341e+00	-4.52394385e+00	
27	2.768640456407293e+01	-2.383121518338906e+01	8.87447394e-01	3.86215435e+00	-4.32069180e+00	
% instance = 2, name = bbob_f017_i03_d03__bbob_f021_i05_d03
% function evaluation | 2 objectives | 3 variables
1	3.627480601007651e+02	5.261355778768631e+02	3.69838651e+00	1.17868371e+00	2.13308230e+00	
2	2.784830762970967e+02	5.348453441885734e+02	-1.54466279e+00	3.21228504e+00	1.00967553e+00	
3	3.610106787107931e+02	5.314767358241317e+02	-8.56550696e-01	7.09471002e-02	3.01232920e+00	
4	3.393094335550879e+02	5.263769827557207e+02	1.50496687e-02	-5.01498795e-01	6.43283104e-01	
9	2.749170804213487e+02	5.734805652121330e+02	-3.12702245e+00	3.09109369e+00	-1.38020177e-01	
11	2.758054599580967e+02	5.625221532024833e+02	-3.79573636e+00	3.25988744e+00	6.08063478e-02	
13	2.885828728085673e+02	5.238611135691337e+02	1.72379929e+00	2.40744026e+00	1.80268659e+00	
14	3.819113209996028e+02	5.236623882368159e+02	-1.77936778e+00	-2.66793095e+00	-1.23218149e+00	
15	3.249350478669849e+02	5.216532643985826e+02	-3.68198521e+00	4.53000990e-01	-3.52038132e+00	
24	2.782105765282772e+02	5.442044518558432e+02	-4.94739350e+00	1.94595110e+00	-9.44855571e-01	
29	2.935320812964317e+02	5.205103520069136e+02	8.73324071e-01	3.78113711e+00	1.87056011e-02	
% instance = 3, name = bbob_f017_i07_d03__bbob_f021_i08_d03
% function evaluation | 2 objectives | 3 variables
1	1.440810075774536e+02	-4.390878432866253e+02	3.69838651e+00	1.17868371e+00	2.13308230e+00	
3	1.378223229286137e+02	-4.587729059526845e+02	-8.56550696e-01	7.09471002e-02	3.01232920e+00	
4	1.314561247712793e+02	-4.200700622600583e+02	1.50496687e-02	-5.01498795e-01	6.43283104e-01	
8	1.298793416409796e+02	-4.551185319690462e+02	3.09018580e+00	2.05256524e+00	-3.06284170e-01	
12	1.295069118636373e+02	-3.961034714990034e+02	-3.88380970e+00	-4.77025286e+00	-4.02033013e+00	
14	1.360345626075582e+02	-4.629050538751971e+02	-1.77936778e+00	-2.66793095e+00	-1.23218149e+00	
18	1.276669849559872e+02	-4.589618923724619e+02	2.22847579e+00	-7.24791604e-01	-2.22361210e+00	
22	1.517383518002195e+02	-4.656138144891989e+02	4.22332759e+00	4.26516627e+00	3.96501986e+00	
% instance = 4, name = bbob_f017_i09_d03__bbob_f021_i10_d03
% function evaluation | 2 objectives | 3 variables
1	1.061101358740332e+01	3.079121225495720e+02	3.69838651e+00	1.17868371e+00	2.13308230e+00	
3	2.065239749790004e+01	3.057474951350302e+02	-8.56550696e-01	7.09471002e-02	3.01232920e+00	
6	1.807134115778039e+01	3.050717195570105e+02	-3.66696002e+00	-2.75778991e+00	3.46276250e+00	
8	2.796481752768592e+01	2.931732724040633e+02	3.09018580e+00	2.05256524e+00	-3.06284170e-01	
9	5.718465063035068e+01	2.920909477991885e+02	-3.12702245e+00	3.09109369e+00	-1.38020177e-01	
11	1.819607805054087e+01	3.002449959065979e+02	-3.79573636e+00	3.25988744e+00	6.08063478e-02	
15	5.905079632185372e+01	2.864792532056977e+02	-3.68198521e+00	4.53000990e-01	-3.52038132e+00	
% instance = 5, name = bbob_f017_i11_d03__bbob_f021_i12_d03
% function evaluation | 2 objectives | 3 variables
1	3.085367623390275e+02	-1.557493452989510e+02	3.69838651e+00	1.17868371e+00	2.13308230e+00	
2	2.164383005645280e+02	-1.837246963543665e+02	-1.54466279e+00	3.21228504e+00	1.00967553e+00	
6	1.040942432398145e+03	-1.851465441622308e+02	-3.66696002e+00	-2.75778991e+00	3.46276250e+00	
9	2.049127449751028e+02	-1.295957780980371e+02	-3.12702245e+00	3.09109369e+00	-1.38020177e-01	
11	2.006612203239244e+02	-1.356209386219628e+02	-3.79573636e+00	3.25988744e+00	6.08063478e-02	
16	1.947993006544475e+02	-1.573515134102577e+02	-3.87371322e+00	3.38691965e+00	-3.05343055e+00	
19	2.007909218034156e+02	-1.650667963034383e+02	-2.45041604e+00	2.63168341e+00	-4.52394385e+00	
22	2.825419140793095e+02	-1.857202437187090e+02	4.22332759e+00	4.26516627e+00	3.96501986e+00	
24	2.034056080539706e+02	-1.873384861075739e+02	-4.94739350e+00	1.94595110e+00	-9.44855571e-01	
27	1.980085032524111e+02	-1.870139265619145e+02	8.87447394e-01	3.86215435e+00	-4.32069180e+00	
% instance = 6, name = bbob_f017_i13_d03__bbob_f021_i14_d03
% function evaluation | 2 objectives | 3 variables
1	2.267296049564153e+02	-4.810554034702012e+02	3.69838651e+00	1.17868371e+00	2.13308230e+00	
6	2.934675787915524e+02	-4.834190125743413e+02	-3.66696002e+00	-2.75778991e+00	3.46276250e+00	
7	2.191438201618415e+02	-4.897590415529626e+02	1.68641129e+00	-3.21077456e+00	3.80160537e+00	
10	2.156191559751267e+02	-4.639278214625492e+02	-4.11748831e+00	9.90791217e-01	-1.73217382e+00	
14	2.189343563195526e+02	-4.740365119763651e+02	-1.77936778e+00	-2.66793095e+00	-1.23218149e+00	
15	2.136660040831981e+02	-4.771725244901796e+02	-3.68198521e+00	4.53000990e-01	-3.52038132e+00	
16	2.117833947185359e+02	-4.782079528739204e+02	-3.87371322e+00	3.38691965e+00	-3.05343055e+00	
19	2.108358575833410e+02	-4.731031808222019e+02	-2.45041604e+00	2.63168341e+00	-4.52394385e+00	
27	2.147224999996566e+02	-4.846725561196791e+02	8.87447394e-01	3.86215435e+00	-4.32069180e+00	
28	2.097344540885439e+02	-4.785212413899951e+02	2.69951146e-01	3.74207563e+00	-2.95070304e+00	
% instance = 7, name = bbob_f017_i15_d03__bbob_f021_i16_d03
% function evaluation | 2 objectives | 3 variables
1	-3.068074456412478e+02	6.199806619219451e+01	3.69838651e+00	1.17868371e+00	2.13308230e+00	
2	-3.222875292799465e+02	5.612331120663229e+01	-1.54466279e+00	3.21228504e+00	1.00967553e+00	
3	-3.372417499026041e+02	3.943613547422150e+01	-8.56550696e-01	7.09471002e-02	3.01232920e+00	
4	-3.400817754423751e+02	4.059235174535033e+01	1.50496687e-02	-5.01498795e-01	6.43283104e-01	
6	-3.424260325189831e+02	6.111378111516707e+01	-3.66696002e+00	-2.75778991e+00	3.46276250e+00	
9	-3.201233314421602e+02	3.434563770949902e+01	-3.12702245e+00	3.09109369e+00	-1.38020177e-01	
% instance = 8, name = bbob_f017_i17_d03__bbob_f021_i18_d03
% function evaluation | 2 objectives | 3 variables
1	1.154509968844201e+02	-7.652134059316588e+02	3.69838651e+00	1.17868371e+00	2.13308230e+00	
2	2.355564874000831e+02	-7.847427225277054e+02	-1.54466279e+00	3.21228504e+00	1.00967553e+00	
3	1.060834168291243e+02	-8.024180227413201e+02	-8.56550696e-01	7.09471002e-02	3.01232920e+00	
4	1.003308156441220e+02	-7.785614870468955e+02	1.50496687e-02	-5.01498795e-01	6.43283104e-01	
5	2.832343854550440e+02	-8.216062570355122e+02	-4.35973793e+00	2.22170005e+00	3.85125057e-01	
6	1.314002829748876e+02	-8.060390319277616e+02	-3.66696002e+00	-2.75778991e+00	3.46276250e+00	
7	1.130894290156911e+02	-8.096067284351990e+02	1.68641129e+00	-3.21077456e+00	3.80160537e+00	
9	2.078173667556542e+02	-8.185575634071000e+02	-3.12702245e+00	3.09109369e+00	-1.38020177e-01	
10	1.456341719180584e+02	-8.103952265085661e+02	-4.11748831e+00	9.90791217e-01	-1.73217382e+00	
12	1.040312509399748e+02	-8.160882654199836e+02	-3.88380970e+00	-4.77025286e+00	-4.02033013e+00	
14	9.634863520327457e+01	-8.157419473648592e+02	-1.77936778e+00	-2.66793095e+00	-1.23218149e+00	
18	9.725918712514969e+01	-8.231523429758045e+02	2.22847579e+00	-7.24791604e-01	-2.22361210e+00	
% instance = 9, name = bbob_f017_i19_d03__bbob_f021_i21_d03
% function evaluation | 2 objectives | 3 variables
1	1.355111133478717e+02	-1.790957801422051e+02	3.69838651e+00	1.17868371e+00	2.13308230e+00	
3	1.302930026038658e+02	-1.864647671571864e+02	-8.56550696e-01	7.09471002e-02	3.01232920e+00	
4	1.272808335814951e+02	-1.950550309272413e+02	1.50496687e-02	-5.01498795e-01	6.43283104e-01	
8	1.419878925935864e+02	-2.059724819247204e+02	3.09018580e+00	2.05256524e+00	-3.06284170e-01	
9	1.427516203396845e+02	-2.091115127884323e+02	-3.12702245e+00	3.09109369e+00	-1.38020177e-01	
17	1.275794372758154e+02	-2.037812969473313e+02	8.79569963e-01	-1.53397246e+00	-4.73608956e-01	
18	1.355500388706951e+02	-2.060035917406193e+02	2.22847579e+00	-7.24791604e-01	-2.22361210e+00	
25	1.308783529542548e+02	-2.088417088549632e+02	-3.25586383e+00	-1.13827348e+00	2.49249916e+00	
28	1.347881949240669e+02	-2.104658797845719e+02	2.69951146e-01	3.74207563e+00	-2.95070304e+00	
% instance = 10, name = bbob_f017_i21_d03__bbob_f021_i22_d03
% function evaluation | 2 objectives | 3 variables
1	6.065408163748041e+01	2.956140761076100e+02	3.69838651e+00	1.17868371e+00	2.13308230e+00	
3	8.507854656867292e+01	2.746853626032127e+02	-8.56550696e-01	7.09471002e-02	3.01232920e+00	
4	5.340372679936808e+01	2.731729263743119e+02	1.50496687e-02	-5.01498795e-01	6.43283104e-01	
8	5.325112667612815e+01	3.044816883846994e+02	3.09018580e+00	2.05256524e+00	-3.06284170e-01	
18	4.207754582084650e+01	2.898221645039119e+02	2.22847579e+00	-7.24791604e-01	-2.22361210e+00	
20	4.531823921542185e+01	2.798833482362491e+02	3.53442828e+00	-3.25756491e-01	-4.43045699e+00	
