% instance = 1, name = bbob_f014_i02_d05__bbob_f020_i04_d05
% function evaluation | 2 objectives | 5 variables
1	-1.579623623574059e+02	7.333837945868555e+04	3.69838651e+00	1.17868371e+00	2.13308230e+00	-1.54466279e+00	3.21228504e+00	
2	-1.660542504299119e+02	4.607205136531452e+04	1.00967553e+00	-8.56550696e-01	7.09471002e-02	3.01232920e+00	1.50496687e-02	
3	-1.741895446757974e+02	2.750457868067527e+04	-5.01498795e-01	6.43283104e-01	-4.35973793e+00	2.22170005e+00	3.85125057e-01	
5	-1.322836942420369e+02	2.090723419755516e+04	3.80160537e+00	3.09018580e+00	2.05256524e+00	-3.06284170e-01	-3.12702245e+00	
6	-1.312783564929861e+02	3.084885122727720e+03	3.09109369e+00	-1.38020177e-01	-4.11748831e+00	9.90791217e-01	-1.73217382e+00	
10	-1.500882623261072e+02	3.883230218050768e+03	-3.87371322e+00	3.38691965e+00	-3.05343055e+00	8.79569963e-01	-1.53397246e+00	
11	-3.839158956063446e+01	1.289185010247346e+03	-4.73608956e-01	2.22847579e+00	-7.24791604e-01	-2.22361210e+00	-2.45041604e+00	
27	-1.603657470306339e+02	9.877470061277914e+03	-3.20850402e+00	3.87124503e+00	-3.88870196e+00	1.79204780e+00	-3.72717959e+00	
47	-1.700741641838942e+02	2.503784495537023e+04	-1.42084538e+00	4.05579072e-02	-3.99646278e+00	3.05886389e+00	-6.58934763e-01	
% instance = 2, name = bbob_f014_i03_d05__bbob_f020_i05_d05
% function evaluation | 2 objectives | 5 variables
1	1.083957823785403e+02	1.166433059781239e+05	3.69838651e+00	1.17868371e+00	2.13308230e+00	-1.54466279e+00	3.21228504e+00	
2	9.264232938832227e+01	8.498995461716853e+02	1.00967553e+00	-8.56550696e-01	7.09471002e-02	3.01232920e+00	1.50496687e-02	
9	8.662250759096547e+01	4.723519513840147e+03	-2.66793095e+00	-1.23218149e+00	-3.68198521e+00	4.53000990e-01	-3.52038132e+00	
15	7.965285388133570e+01	6.528811158344836e+04	1.94595110e+00	-9.44855571e-01	-3.25586383e+00	-1.13827348e+00	2.49249916e+00	
% instance = 3, name = bbob_f014_i07_d05__bbob_f020_i08_d05
% function evaluation | 2 objectives | 5 variables
1	-3.964094595579982e+01	7.230362048040304e+04	3.69838651e+00	1.17868371e+00	2.13308230e+00	-1.54466279e+00	3.21228504e+00	
2	-9.404905579739777e+01	4.620592475136273e+04	1.00967553e+00	-8.56550696e-01	7.09471002e-02	3.01232920e+00	1.50496687e-02	
3	-1.007235080490493e+02	2.763789137826713e+04	-5.01498795e-01	6.43283104e-01	-4.35973793e+00	2.22170005e+00	3.85125057e-01	
5	-9.662754153776203e+01	1.490716735589811e+04	3.80160537e+00	3.09018580e+00	2.05256524e+00	-3.06284170e-01	-3.12702245e+00	
6	-1.005226122775123e+02	3.219320577261719e+03	3.09109369e+00	-1.38020177e-01	-4.11748831e+00	9.90791217e-01	-1.73217382e+00	
8	-1.105026715726490e+02	3.553084752406786e+04	-4.02033013e+00	1.72379929e+00	2.40744026e+00	1.80268659e+00	-1.77936778e+00	
10	-1.019157307699526e+02	1.108848685237552e+04	-3.87371322e+00	3.38691965e+00	-3.05343055e+00	8.79569963e-01	-1.53397246e+00	
11	-1.171484506520807e+02	1.896701672629335e+03	-4.73608956e-01	2.22847579e+00	-7.24791604e-01	-2.22361210e+00	-2.45041604e+00	
50	-1.211998854517486e+02	3.542799250578324e+04	2.11361865e+00	4.99335782e-01	2.70928249e+00	-3.42739635e+00	-4.39799999e+00	
% instance = 4, name = bbob_f014_i09_d05__bbob_f020_i10_d05
% function evaluation | 2 objectives | 5 variables
1	-1.626950712409342e+01	7.873954468970253e+03	3.69838651e+00	1.17868371e+00	2.13308230e+00	-1.54466279e+00	3.21228504e+00	
2	-3.774105595988300e+01	4.587520312498996e+04	1.00967553e+00	-8.56550696e-01	7.09471002e-02	3.01232920e+00	1.50496687e-02	
3	-2.140480210653205e+01	1.819810156352261e+04	-5.01498795e-01	6.43283104e-01	-4.35973793e+00	2.22170005e+00	3.85125057e-01	
6	-2.245207111504888e+01	4.280575326640395e+04	3.09109369e+00	-1.38020177e-01	-4.11748831e+00	9.90791217e-01	-1.73217382e+00	
15	-2.669720040910124e+01	3.041632271156833e+01	1.94595110e+00	-9.44855571e-01	-3.25586383e+00	-1.13827348e+00	2.49249916e+00	
20	-3.121260428779804e+01	1.756273575019649e+04	1.05366801e+00	-4.21379652e+00	-3.85319946e-01	1.15662731e+00	5.85029306e-01	
43	-3.234307122781558e+01	1.071087210423110e+04	-3.45311681e+00	5.30566302e-01	-2.07346089e+00	8.28997022e-01	4.38672515e+00	
% instance = 5, name = bbob_f014_i11_d05__bbob_f020_i12_d05
% function evaluation | 2 objectives | 5 variables
1	4.583944883260206e+01	2.549169826308313e+04	3.69838651e+00	1.17868371e+00	2.13308230e+00	-1.54466279e+00	3.21228504e+00	
2	-5.782142146220002e+01	7.175308677141503e+02	1.00967553e+00	-8.56550696e-01	7.09471002e-02	3.01232920e+00	1.50496687e-02	
% instance = 6, name = bbob_f014_i13_d05__bbob_f020_i14_d05
% function evaluation | 2 objectives | 5 variables
1	-1.011166059948515e+00	7.148624174983234e+03	3.69838651e+00	1.17868371e+00	2.13308230e+00	-1.54466279e+00	3.21228504e+00	
2	-2.656230187097110e+01	9.337464506370573e+02	1.00967553e+00	-8.56550696e-01	7.09471002e-02	3.01232920e+00	1.50496687e-02	
4	-2.863669124231224e+01	6.417957294810461e+04	-3.66696002e+00	-2.75778991e+00	3.46276250e+00	1.68641129e+00	-3.21077456e+00	
8	-3.770987611429538e+01	2.604946594541959e+04	-4.02033013e+00	1.72379929e+00	2.40744026e+00	1.80268659e+00	-1.77936778e+00	
33	-2.969875506316146e+01	2.555240736626956e+04	-1.40054513e+00	4.02790616e+00	1.83609437e+00	1.19277786e+00	-1.57280981e+00	
45	-2.776837725784385e+01	3.044179531491276e+02	-3.29894135e+00	1.64481406e+00	1.81978044e+00	2.09421959e-01	1.86322811e+00	
% instance = 7, name = bbob_f014_i15_d05__bbob_f020_i16_d05
% function evaluation | 2 objectives | 5 variables
1	-5.436325478404580e+00	3.232173002799371e+03	3.69838651e+00	1.17868371e+00	2.13308230e+00	-1.54466279e+00	3.21228504e+00	
45	-1.247856369808513e+00	2.450947004550668e+03	-3.29894135e+00	1.64481406e+00	1.81978044e+00	2.09421959e-01	1.86322811e+00	
% instance = 8, name = bbob_f014_i17_d05__bbob_f020_i18_d05
% function evaluation | 2 objectives | 5 variables
1	3.688801916139154e+01	7.232566048040304e+04	3.69838651e+00	1.17868371e+00	2.13308230e+00	-1.54466279e+00	3.21228504e+00	
2	2.989952857465960e+02	4.622796475136274e+04	1.00967553e+00	-8.56550696e-01	7.09471002e-02	3.01232920e+00	1.50496687e-02	
3	4.574526758893894e+02	2.765993137826713e+04	-5.01498795e-01	6.43283104e-01	-4.35973793e+00	2.22170005e+00	3.85125057e-01	
4	1.360437694676028e+02	3.422746206898213e+04	-3.66696002e+00	-2.75778991e+00	3.46276250e+00	1.68641129e+00	-3.21077456e+00	
5	2.800385352379309e+02	1.492920735589811e+04	3.80160537e+00	3.09018580e+00	2.05256524e+00	-3.06284170e-01	-3.12702245e+00	
6	2.753468945515748e+02	3.241360577261719e+03	3.09109369e+00	-1.38020177e-01	-4.11748831e+00	9.90791217e-01	-1.73217382e+00	
9	2.387004987693759e+02	3.469577718713041e+03	-2.66793095e+00	-1.23218149e+00	-3.68198521e+00	4.53000990e-01	-3.52038132e+00	
11	1.409058309123224e+02	1.918741672629335e+03	-4.73608956e-01	2.22847579e+00	-7.24791604e-01	-2.22361210e+00	-2.45041604e+00	
12	4.780677190753032e+01	2.702733326554508e+04	2.63168341e+00	-4.52394385e+00	3.53442828e+00	-3.25756491e-01	-4.43045699e+00	
17	3.129546854029105e+01	2.716383640280687e+04	-4.32069180e+00	2.69951146e-01	3.74207563e+00	-2.95070304e+00	8.73324071e-01	
20	4.215561838621158e+01	2.539886128366689e+04	1.05366801e+00	-4.21379652e+00	-3.85319946e-01	1.15662731e+00	5.85029306e-01	
23	3.571615354661020e+01	2.164733177514030e+04	2.40544091e+00	1.46616732e+00	3.72709692e+00	-3.65613732e+00	-9.08285958e-01	
24	3.347017760776139e+01	1.785392189568931e+04	1.68973099e-01	1.96001352e-01	-3.31654651e+00	-3.04559847e+00	1.52402624e+00	
28	1.543995361696800e+01	2.268552575474041e+04	3.44662697e+00	-4.77817355e+00	4.38068074e+00	-1.32943465e+00	8.35497782e-02	
35	1.118236480905432e+02	7.916106027488852e+03	-2.22661870e+00	-3.26902349e+00	-4.14496618e+00	-3.87351586e-01	-3.41291341e+00	
36	1.814931028194448e+01	1.438644452813120e+04	1.89906958e+00	-1.43487488e+00	-7.29806604e-01	-4.56987303e+00	-2.81520924e+00	
44	6.133195428432879e+01	1.257140285011166e+04	-4.59230168e+00	-4.63636241e+00	7.91926949e-01	-4.98479394e+00	-2.15821010e+00	
% instance = 9, name = bbob_f014_i19_d05__bbob_f020_i21_d05
% function evaluation | 2 objectives | 5 variables
1	1.280637018616364e+02	6.902345200825085e+04	3.69838651e+00	1.17868371e+00	2.13308230e+00	-1.54466279e+00	3.21228504e+00	
2	4.983084148587666e+01	4.635500181374257e+04	1.00967553e+00	-8.56550696e-01	7.09471002e-02	3.01232920e+00	1.50496687e-02	
3	1.026322460364601e+02	2.881824024980826e+04	-5.01498795e-01	6.43283104e-01	-4.35973793e+00	2.22170005e+00	3.85125057e-01	
5	8.682784535005770e+01	5.443603252248652e+03	3.80160537e+00	3.09018580e+00	2.05256524e+00	-3.06284170e-01	-3.12702245e+00	
6	1.658881957348760e+02	2.959946180703494e+03	3.09109369e+00	-1.38020177e-01	-4.11748831e+00	9.90791217e-01	-1.73217382e+00	
9	4.205722426764702e+01	2.112520689019913e+03	-2.66793095e+00	-1.23218149e+00	-3.68198521e+00	4.53000990e-01	-3.52038132e+00	
11	7.365692664490314e+01	2.011380525542853e+02	-4.73608956e-01	2.22847579e+00	-7.24791604e-01	-2.22361210e+00	-2.45041604e+00	
12	3.884376370420176e+01	5.733453514949329e+04	2.63168341e+00	-4.52394385e+00	3.53442828e+00	-3.25756491e-01	-4.43045699e+00	
14	3.766048919713283e+01	1.106527390192511e+05	3.96501986e+00	-3.97381877e+00	2.97112672e+00	4.23338891e+00	-4.94739350e+00	
20	4.095624836340952e+01	3.376713903399876e+04	1.05366801e+00	-4.21379652e+00	-3.85319946e-01	1.15662731e+00	5.85029306e-01	
35	4.198798922396092e+01	5.048292656151447e+03	-2.22661870e+00	-3.26902349e+00	-4.14496618e+00	-3.87351586e-01	-3.41291341e+00	
% instance = 10, name = bbob_f014_i21_d05__bbob_f020_i22_d05
% function evaluation | 2 objectives | 5 variables
1	3.547470733491080e+01	9.827792472994994e+04	3.69838651e+00	1.17868371e+00	2.13308230e+00	-1.54466279e+00	3.21228504e+00	
2	2.541250924819947e+01	9.887371670072603e+02	1.00967553e+00	-8.56550696e-01	7.09471002e-02	3.01232920e+00	1.50496687e-02	
8	3.412711440173663e+01	9.855429360890987e+02	-4.02033013e+00	1.72379929e+00	2.40744026e+00	1.80268659e+00	-1.77936778e+00	
18	2.004621480745970e+01	5.841989975337045e+03	3.78113711e+00	1.87056011e-02	2.91115120e+00	3.47712339e+00	-2.29537778e+00	
33	2.641746245533489e+01	4.595372120723162e+02	-1.40054513e+00	4.02790616e+00	1.83609437e+00	1.19277786e+00	-1.57280981e+00	
