% instance = 1, name = bbob_f006_i02_d10__bbob_f006_i04_d10
% function evaluation | 2 objectives 
1	4.373773124975566e+05	1.183496603096325e+06	
2	1.753942183314612e+05	3.118973646048353e+05	
4	3.807558833938235e+04	4.490212470934278e+05	
6	3.314733876468963e+05	3.098119406152715e+05	
14	2.982045293347631e+05	4.035222723775076e+03	
40	2.657074625271668e+05	1.949701993902395e+05	
55	3.391829081914129e+04	5.798797189295479e+05	
56	4.439239057455612e+04	2.359935101071210e+05	
90	2.585861391405567e+05	8.616973751878378e+04	
% instance = 2, name = bbob_f006_i03_d10__bbob_f006_i05_d10
% function evaluation | 2 objectives 
1	1.083298767797177e+06	1.433551414537411e+05	
2	7.531714831097864e+05	1.307905332958352e+05	
4	6.068748628471328e+05	2.630829990300670e+03	
5	1.708405612696595e+05	1.247694688815008e+05	
17	5.797979766446311e+05	6.779203504675304e+04	
27	8.654633658641415e+05	8.998343962275494e+02	
30	5.967042461805254e+05	6.277694225388175e+04	
32	3.114478058785609e+05	1.136084755227003e+05	
37	5.916737366974740e+05	6.271096777696045e+04	
38	4.883352589550535e+05	3.982490867669410e+03	
42	3.185721484653488e+05	8.590511934751124e+04	
44	3.074709855350687e+05	1.206699829185580e+05	
50	1.676470193623249e+05	1.566647397287379e+05	
55	4.189129464015634e+05	9.751297195121817e+02	
75	1.495673291508151e+05	2.751493561560556e+05	
83	2.455227666629640e+05	4.129353215256814e+04	
84	1.551304006739687e+05	2.137851895079398e+05	
87	1.474236715988042e+05	6.470714313867151e+04	
88	1.453629423712589e+05	3.378865464711139e+05	
% instance = 3, name = bbob_f006_i07_d10__bbob_f006_i08_d10
% function evaluation | 2 objectives 
1	3.067668885602191e+05	1.854895349803948e+05	
2	1.462925042129006e+05	1.054194444599874e+06	
3	3.481752642529722e+05	1.346917953913777e+05	
5	6.372811936898760e+04	9.237518114523068e+05	
6	2.961625394557614e+05	4.773351092791062e+05	
8	2.425462795528587e+05	3.199565725418490e+05	
11	7.974610936754076e+05	2.729901062392762e+03	
12	3.752130730061624e+05	3.574740292145565e+03	
13	2.238422285225182e+05	5.057442370825578e+05	
28	2.123663487985506e+05	9.061225476034303e+05	
29	2.061806480002330e+05	5.885996522423450e+05	
31	1.253824058398980e+05	3.575835744952868e+05	
35	1.189919916109642e+05	7.489460646457376e+05	
44	3.177639196835048e+05	1.535906352576734e+05	
67	3.061053450745587e+05	2.002861909282426e+05	
70	3.247949116706787e+05	1.126345354866454e+05	
92	2.956516637232872e+05	1.733863169441175e+05	
94	4.453500435128472e+04	3.981150532604011e+05	
99	1.897438613583050e+05	2.009000323085771e+05	
% instance = 4, name = bbob_f006_i09_d10__bbob_f006_i10_d10
% function evaluation | 2 objectives 
1	1.934257395590845e+04	2.314398635548624e+05	
12	6.571338988572339e+04	6.323436595896274e+04	
30	1.444282529157992e+05	6.186930973062838e+04	
37	1.847222423527786e+05	1.356235555815896e+04	
54	4.680512567347669e+04	8.061013189048289e+04	
66	6.610300767822591e+04	3.571072448096603e+04	
% instance = 5, name = bbob_f006_i11_d10__bbob_f006_i12_d10
% function evaluation | 2 objectives 
1	5.739233779791387e+05	4.803703264138439e+05	
4	2.544557594979298e+05	5.831944961737065e+05	
6	1.808049989264718e+06	4.555374075694820e+05	
8	2.704520175507541e+05	5.772804097494035e+05	
9	7.056732363883355e+05	8.027673162606364e+04	
27	5.727847226716159e+05	4.680662857649170e+05	
30	5.329986928503955e+04	4.483336104608139e+05	
36	4.230671816454847e+05	3.770469485461315e+05	
44	3.652794548263420e+05	2.246044261993080e+05	
51	2.961295823419045e+05	3.727951969882537e+05	
58	5.781395935970244e+05	1.418394426729120e+05	
73	9.991169790532901e+04	2.732945808970893e+05	
% instance = 6, name = bbob_f006_i13_d10__bbob_f006_i14_d10
% function evaluation | 2 objectives 
1	1.028685028765051e+06	5.678011893772128e+05	
2	2.470908785200011e+05	2.944352613099253e+05	
4	2.083457748608178e+05	6.874261473836818e+05	
10	2.385052184575019e+05	5.519487371397053e+05	
13	1.072680261739670e+06	1.747038054983123e+05	
14	6.444257889211776e+04	7.080716060031340e+05	
16	2.216487156988666e+05	5.784056002330143e+05	
18	4.439364615848914e+05	2.239236249939916e+05	
25	3.606442276874856e+05	2.113131656670382e+05	
31	5.833047851646357e+05	2.005520603726182e+05	
33	3.693809503318382e+04	5.682614045388516e+05	
34	4.856200359677695e+05	1.874503100721065e+05	
35	3.688648156670961e+05	6.996387864204268e+04	
46	1.690300623636697e+05	3.087475271697709e+05	
56	1.199063368793186e+05	1.394256485062584e+05	
65	3.254798387997601e+05	1.220350780262181e+05	
90	3.520206973185539e+04	3.595504229921300e+05	
92	1.080612676374469e+05	2.853159176891524e+05	
% instance = 7, name = bbob_f006_i15_d10__bbob_f006_i16_d10
% function evaluation | 2 objectives 
1	3.266950834346070e+05	1.970350131129113e+04	
9	3.026161589086020e+05	7.462458074236725e+05	
32	1.012367230328661e+05	1.068764092013483e+06	
62	5.826711261217447e+05	2.781548463137255e+02	
67	1.318146673210149e+05	2.631620951532443e+05	
89	3.026771110690942e+05	2.502009734162005e+05	
% instance = 8, name = bbob_f006_i17_d10__bbob_f006_i18_d10
% function evaluation | 2 objectives 
1	2.644119479729186e+05	5.842731259946829e+05	
5	2.451559475764792e+05	3.514933532553646e+05	
8	8.973777367253606e+04	4.761245143210323e+05	
12	3.351034772891079e+05	3.256160646501970e+05	
15	3.028430042594939e+05	3.004268338274905e+05	
16	2.922188133859415e+04	2.753970609702459e+05	
19	3.581875556031848e+04	6.406091323981483e+04	
42	1.440564442171804e+05	3.796808005486069e+04	
% instance = 9, name = bbob_f006_i19_d10__bbob_f006_i21_d10
% function evaluation | 2 objectives 
1	5.662761381418217e+05	4.593997852787183e+05	
2	3.434171543000927e+05	2.511495860665152e+05	
6	1.430717884270831e+05	1.252190717717025e+05	
10	3.050568405716934e+05	1.165580249163649e+05	
18	5.914268734131122e+04	1.679380269449922e+05	
33	3.364765556636760e+05	8.267077931714451e+04	
49	1.732120228544905e+05	3.393040785580222e+04	
76	1.947199640314989e+05	2.127828466990485e+04	
% instance = 10, name = bbob_f006_i21_d10__bbob_f006_i22_d10
% function evaluation | 2 objectives 
1	4.593997852787183e+05	5.480981492595356e+05	
2	2.511495860665152e+05	4.157391727597462e+05	
6	1.252190717717025e+05	3.148945597252437e+05	
10	1.165580249163649e+05	3.412667406660627e+05	
18	1.679380269449922e+05	3.135744614648894e+05	
22	8.563181922128218e+05	3.067790264622449e+05	
31	2.281719259026061e+05	2.245058003590066e+05	
33	8.267077931714451e+04	3.239389885480106e+05	
34	1.898374955027859e+05	1.749169215820759e+05	
35	1.877092755098953e+05	1.255249699233364e+05	
49	3.393040785580222e+04	8.912789933990534e+04	
76	2.127828466990485e+04	3.520013295645784e+05	
