% instance = 1, name = bbob_f002_i02_d10__bbob_f017_i04_d10
% function evaluation | 2 objectives 
1	4.834166321000122e+06	6.669337103261881e+01	
3	1.284670747598090e+07	5.028186125276487e+01	
10	1.758084037701886e+06	5.563864106196315e+01	
11	6.377682858232209e+06	5.456146344213997e+01	
12	3.503830508401115e+06	5.540885106509576e+01	
16	1.434774696109477e+06	4.815881182958400e+01	
56	1.026013327278710e+06	6.904650127740555e+01	
67	1.252165695849842e+06	6.319332885911419e+01	
93	1.149912851761723e+06	6.345001292170802e+01	
% instance = 2, name = bbob_f002_i03_d10__bbob_f017_i05_d10
% function evaluation | 2 objectives 
1	1.820640025914968e+07	-1.337728922211298e+02	
3	2.928085594058354e+07	-1.340353325790425e+02	
6	5.836530376401863e+07	-1.347658065696693e+02	
8	4.326401673221053e+06	-1.288183427370784e+02	
10	1.069674755323773e+07	-1.302924005050601e+02	
11	2.428899258578302e+06	-9.540291375667798e+01	
12	5.004999449516990e+06	-1.303216412579750e+02	
15	3.790835204978030e+06	-1.225357988647423e+02	
16	7.074015338131788e+06	-1.309823732233521e+02	
17	9.869882093000956e+06	-1.336934246882744e+02	
21	1.635922299507137e+07	-1.355598674527816e+02	
30	1.389955617591185e+07	-1.368132756946448e+02	
31	2.475810256787671e+06	-1.275364506518856e+02	
38	3.369131244292474e+06	-1.275704669309557e+02	
39	1.184257253112715e+06	-1.328301733036743e+02	
44	5.279600903576219e+06	-1.339648842859243e+02	
46	1.179057314091340e+07	-1.381675243135492e+02	
47	1.057026788489245e+06	-1.229592033578575e+02	
48	8.660068730329510e+05	-9.912327904206461e+01	
50	8.767564663570604e+05	-1.023815995199145e+02	
60	3.318059589578655e+06	-1.330367347811440e+02	
61	1.132981476387370e+06	-1.340241705140081e+02	
63	6.523182996839036e+06	-1.392539241511879e+02	
92	4.071105525855999e+06	-1.371452976335350e+02	
% instance = 3, name = bbob_f002_i07_d10__bbob_f017_i08_d10
% function evaluation | 2 objectives 
1	7.451217660891488e+05	8.542420575698601e+01	
6	1.631205428252807e+07	7.958533176710276e+01	
10	2.532751582982085e+06	8.155410928551022e+01	
53	5.644844112039703e+05	8.805445909346470e+01	
78	1.618890047064777e+07	8.037037715038811e+01	
% instance = 4, name = bbob_f002_i09_d10__bbob_f017_i10_d10
% function evaluation | 2 objectives 
1	8.728632860421043e+06	3.997709367127770e+01	
2	6.409119682260099e+06	3.088044928494637e+01	
3	4.737936726572353e+06	3.333357182565859e+01	
4	3.577414314261866e+06	2.293177036579416e+01	
14	3.362799107336897e+06	3.130928268815515e+01	
22	2.909868240987229e+06	3.224444701330810e+01	
24	3.478465520266643e+06	1.779022504402262e+01	
26	1.301860344751670e+06	2.898995522702169e+01	
30	2.542211436232412e+06	2.874505068061318e+01	
37	8.725074430124802e+05	2.454806740530859e+01	
46	2.957663966697933e+06	2.060530661312876e+01	
76	7.415761353185005e+05	7.623261683016564e+01	
77	7.573538508096023e+05	3.236199577919438e+01	
100	1.181289391946076e+06	1.687488341183944e+01	
% instance = 5, name = bbob_f002_i11_d10__bbob_f017_i12_d10
% function evaluation | 2 objectives 
1	1.645265865394288e+07	7.824224954304321e+01	
2	8.508106474606608e+05	9.390964909546625e+01	
3	8.585637523174681e+06	8.432675776176083e+01	
7	1.652372442121314e+06	9.003675765249126e+01	
11	5.818785004550267e+07	6.566597979498701e+01	
34	1.244594170568108e+07	8.002675094011167e+01	
35	1.903826648598573e+07	7.471158365788516e+01	
49	1.190992341389172e+07	6.750636544064882e+01	
56	3.529902834058727e+07	5.770563479195576e+01	
80	6.018040903648530e+05	1.308709203619183e+02	
82	8.011490757280629e+05	1.302034031109611e+02	
89	3.614949581974560e+06	7.368322484529887e+01	
95	2.048194290257525e+06	7.179611124994256e+01	
99	8.651406260382028e+05	7.239011597128847e+01	
% instance = 6, name = bbob_f002_i13_d10__bbob_f017_i14_d10
% function evaluation | 2 objectives 
1	1.638878721758866e+07	-1.595990327049918e+02	
2	1.109338437504945e+06	-1.519231247808560e+02	
4	5.360994066579603e+06	-1.576136509209646e+02	
6	1.198416114816764e+06	-1.561319660124387e+02	
12	3.275737621368146e+07	-1.617163400333322e+02	
37	4.456013572245732e+06	-1.590665629668687e+02	
58	2.512351881044614e+07	-1.605543459815474e+02	
70	6.777533642698434e+06	-1.609000365202081e+02	
73	1.441566786385130e+07	-1.623233663133267e+02	
76	1.033508191106957e+07	-1.628482538625278e+02	
82	2.977291110694876e+05	-1.482629833261730e+02	
91	1.062176899401731e+06	-1.531628232457898e+02	
94	3.061906735070631e+06	-1.571331155449300e+02	
98	3.864121044984895e+06	-1.587637928504982e+02	
99	1.861462449637476e+05	-1.565942393924146e+02	
% instance = 7, name = bbob_f002_i15_d10__bbob_f017_i16_d10
% function evaluation | 2 objectives 
1	1.364779645311305e+07	2.626572586874343e+02	
2	4.010694628704146e+05	2.348176833929090e+02	
4	3.401063641426904e+06	1.918519712871810e+02	
6	1.941009242786429e+06	2.065114805028151e+02	
9	2.589111903450194e+06	1.944903249502092e+02	
37	5.569503128529988e+06	1.867490307139371e+02	
38	4.373583433989656e+07	1.843243250850135e+02	
40	1.708156856843936e+06	2.011262559482458e+02	
51	2.426910816934115e+06	1.958931905917916e+02	
80	5.820704990244000e+05	1.944475641401946e+02	
94	5.124662572714301e+06	1.821828497212518e+02	
99	2.839670849957971e+05	2.504354838074755e+02	
% instance = 8, name = bbob_f002_i17_d10__bbob_f017_i18_d10
% function evaluation | 2 objectives 
1	8.849905690699402e+06	-2.001141023360847e+02	
2	2.677737109360763e+06	-1.746163241102495e+02	
3	2.236034639484824e+06	-1.303458293364083e+02	
4	1.783278293549902e+06	-2.139284800337182e+02	
5	1.861799600235601e+06	-2.162011983717255e+02	
8	4.099000857503808e+07	-2.240567862448792e+02	
10	9.468717063383903e+06	-2.216784293992554e+02	
14	7.516151159256181e+06	-2.261881663356424e+02	
16	1.936261982904413e+07	-2.264530668416876e+02	
27	6.151192735884674e+06	-2.264315125059789e+02	
33	1.941789127308185e+07	-2.288526700387775e+02	
37	1.123487158416075e+06	-1.229500073628651e+02	
53	2.913668677319071e+06	-2.271805456106515e+02	
69	5.038386533252015e+06	-2.310715190280476e+02	
90	2.519825363629937e+06	-2.314912494822817e+02	
100	9.543090199649357e+05	-1.179957301363584e+02	
% instance = 9, name = bbob_f002_i19_d10__bbob_f017_i21_d10
% function evaluation | 2 objectives 
1	2.730373200003884e+06	6.742968609943097e+01	
2	2.172500240418195e+07	6.161553583668749e+01	
7	3.788183909919865e+07	6.060755053483145e+01	
10	6.361424681587099e+05	5.683526422111557e+01	
25	3.636848625503646e+07	5.313095278014890e+01	
33	1.845348849154018e+06	5.300612099634291e+01	
59	4.641280043601207e+05	9.982906008899185e+01	
67	2.961007918298944e+05	8.758121428537009e+01	
% instance = 10, name = bbob_f002_i21_d10__bbob_f017_i22_d10
% function evaluation | 2 objectives 
1	6.738244618499418e+06	1.139386815478918e+02	
2	3.730713104502396e+06	5.754612772995094e+01	
3	1.101876230419278e+06	9.224308022414159e+01	
4	2.217636928077359e+06	7.124679431104749e+01	
5	1.413669518658360e+06	9.198656257057476e+01	
20	5.839729103542954e+05	1.211672576064158e+02	
27	1.571169435234204e+06	6.505169592591966e+01	
35	1.060623781012867e+07	5.358896435201670e+01	
55	1.534404191566540e+06	5.553151407554357e+01	
62	6.947730505767077e+05	6.074765104874278e+01	
