% instance = 1, name = bbob_f015_i02_d20__bbob_f020_i04_d20
% function evaluation | 2 objectives 
1	3.728973183729100e+03	1.430553478190063e+05	
2	2.815265124551052e+03	3.483523395953301e+05	
3	1.302874153963579e+03	1.620610169281700e+05	
5	2.842988632402006e+03	9.954287678340945e+04	
6	2.368255290472791e+03	1.476756457453605e+05	
8	4.171855850124758e+03	9.158683032385010e+04	
17	1.401591961089104e+03	1.495154703394529e+05	
19	1.282566708632013e+03	3.937016016544366e+05	
29	1.252595045996763e+03	3.191012541874800e+05	
33	1.117765300504283e+03	1.325341672763248e+05	
35	9.157406966165280e+02	1.272650055451417e+05	
40	2.491911366737409e+03	8.544170482498370e+04	
41	1.936719805898874e+03	1.115360099726529e+05	
44	2.355627510957597e+03	1.058300997689826e+05	
68	2.536142647407505e+03	7.431313209519313e+04	
73	2.298935389240071e+03	5.462712425417536e+04	
76	9.093325262543133e+02	3.444346003837793e+05	
80	1.280298059564366e+03	1.123997809361471e+05	
83	2.163752358912209e+03	1.093544317215917e+05	
85	2.209733836205449e+03	8.573880423123475e+04	
99	1.333781172068322e+03	5.228425427030664e+04	
112	1.240550850427876e+03	1.203404106134871e+05	
167	1.803344664424424e+03	5.004207947891683e+04	
171	8.671086435459135e+02	2.829740751704788e+05	
193	1.231587572470054e+03	3.887598547782591e+04	
% instance = 2, name = bbob_f015_i03_d20__bbob_f020_i05_d20
% function evaluation | 2 objectives 
1	3.692009853428732e+03	1.549350975609651e+05	
2	2.067702967736421e+03	2.081788668399492e+05	
3	1.925062207870158e+03	9.529529947208401e+04	
5	4.058629658798267e+03	9.120164519426698e+04	
6	1.315859215234565e+03	1.225330941995088e+05	
8	1.599811949341769e+03	8.808187938886050e+04	
9	1.247264548040470e+03	4.554455037605448e+04	
17	1.327735630693322e+03	4.442719289425807e+04	
18	1.216754445463594e+03	2.659632075499498e+05	
20	1.137844910857968e+03	1.340434561205586e+05	
30	1.025743284936479e+03	2.195800517641604e+05	
38	7.204298911206668e+02	1.647551916806015e+05	
40	1.015584370089430e+03	1.184878097262412e+05	
85	8.039780902278853e+02	7.925208659752758e+04	
148	6.871036053200454e+02	1.846093585894158e+05	
165	1.212826028904428e+03	7.367208234779548e+04	
% instance = 3, name = bbob_f015_i07_d20__bbob_f020_i08_d20
% function evaluation | 2 objectives 
1	1.337546220679301e+03	1.779373397554627e+05	
4	2.408582558793153e+03	1.350047200739599e+05	
5	2.190144324908895e+03	1.049746708270858e+05	
6	2.103063375573291e+03	8.658887471099530e+04	
8	2.976859033734800e+03	5.966164895000730e+04	
18	1.572862869000091e+03	1.191837538358896e+05	
19	9.390466710888772e+02	3.544801812445575e+05	
22	2.604332717994694e+03	7.238210461285753e+04	
23	1.977973756207823e+03	1.071878907838223e+05	
30	1.974127460661056e+03	1.019740691833978e+05	
35	1.319524741568152e+03	2.469356682972996e+05	
41	1.071383250949401e+03	2.240300495868225e+05	
44	2.118502435546020e+03	6.168710137038027e+04	
46	1.140349858855541e+03	1.628889307832925e+05	
60	9.962004801591549e+02	2.707637847496886e+05	
70	1.356497003268186e+03	1.036714759382273e+05	
81	1.525393352206023e+03	5.628573315452304e+04	
103	1.050932438189275e+03	9.835267387518963e+04	
126	1.781956780108416e+03	4.531910595879135e+04	
152	1.654185464124328e+03	4.425073746864415e+04	
167	1.796052297983689e+03	4.345421752877694e+04	
168	9.198150863319959e+02	2.062308764635088e+05	
173	1.595236881617129e+03	5.317793315552984e+04	
199	1.237794978481265e+03	8.559412854950837e+04	
% instance = 4, name = bbob_f015_i09_d20__bbob_f020_i10_d20
% function evaluation | 2 objectives 
1	1.240597664206601e+03	1.318506383235456e+05	
2	2.010696545806595e+03	1.299616415306915e+05	
5	2.037320901608172e+03	1.028728638509827e+05	
8	9.625150124479669e+02	1.929191238237219e+05	
9	1.593618758026391e+03	7.270981924869446e+04	
15	1.318114979846697e+03	9.588699270345279e+04	
17	1.295059329642914e+03	5.158209018295019e+04	
18	8.283239323278909e+02	3.265976933362213e+05	
28	1.217178910457222e+03	6.583980859573887e+04	
35	1.210134541430215e+03	1.339516450174382e+05	
36	1.071515691120545e+03	1.231182148302162e+05	
42	8.224626308272913e+02	3.106456994412016e+05	
44	7.464510626785235e+02	2.237549434200746e+05	
46	1.171521433504499e+03	5.427467650206338e+04	
53	1.143857424428941e+03	1.222093810696086e+05	
54	1.100650462736913e+03	9.983027240724358e+04	
70	1.049524679507127e+03	1.649587229321113e+05	
98	9.734914626932220e+02	1.177021207490330e+05	
107	7.888371841633582e+02	1.968601058017285e+05	
152	9.076314623173333e+02	1.727260608450887e+05	
167	1.036223170167711e+03	1.002949829620387e+05	
200	1.597762851030295e+03	4.303531816393207e+04	
% instance = 5, name = bbob_f015_i11_d20__bbob_f020_i12_d20
% function evaluation | 2 objectives 
1	1.607369502456169e+03	3.341144658120919e+04	
5	1.253115429379704e+03	1.511375978169619e+05	
6	1.240420455200998e+03	3.134265466590496e+05	
8	1.052481411314403e+03	1.815265453465835e+05	
16	1.115623925220538e+03	1.122158136293821e+05	
18	9.852337496884301e+02	1.412132044935862e+05	
28	1.334815606700065e+03	8.165923479675036e+04	
33	1.101139771330626e+03	8.280654120262084e+04	
40	1.369019984250976e+03	7.047158647245675e+04	
43	6.195734628736720e+02	8.916718902393617e+04	
51	1.362988113240506e+03	5.426162552112909e+04	
78	4.868830477307625e+02	3.035274089292314e+05	
147	3.285347439746853e+02	3.369150049068460e+05	
148	1.570071538391800e+03	5.031785917879363e+04	
177	6.056237218597195e+02	1.695353769176608e+05	
% instance = 6, name = bbob_f015_i13_d20__bbob_f020_i14_d20
% function evaluation | 2 objectives 
1	3.970659045184682e+03	8.955544567402944e+04	
2	2.543093484098390e+03	1.224651952907676e+05	
3	2.313632203545601e+03	1.944756106225211e+05	
5	1.517914797428704e+03	6.604666710827829e+04	
9	1.401790827955929e+03	2.639030442782150e+05	
22	1.419181535627030e+03	1.738188187606402e+05	
28	1.692721876065076e+03	4.633164828758188e+04	
32	1.135057641682089e+03	3.175611525576110e+05	
35	1.120786083344765e+03	3.454468803978700e+05	
39	1.261010457147649e+03	2.442322873245648e+05	
43	1.238070210195686e+03	2.250353195903147e+05	
62	1.409059095633436e+03	2.046068622580976e+05	
64	1.134232157325015e+03	2.647640877924745e+05	
72	1.107860070580500e+03	1.394845854135868e+05	
74	1.408082667161965e+03	1.335454956164357e+05	
77	1.089154574982804e+03	2.238920253947450e+05	
90	1.290177213152672e+03	8.709234131019970e+04	
130	1.031723519444166e+03	4.097473803948230e+05	
169	1.088480880462339e+03	1.535391949964628e+05	
170	1.040314418935753e+03	2.134148359475783e+05	
175	8.276685052569334e+02	3.310463411659466e+05	
193	1.068911938726236e+03	1.548381441857042e+05	
200	2.685521380933224e+03	3.719022175834999e+04	
% instance = 7, name = bbob_f015_i15_d20__bbob_f020_i16_d20
% function evaluation | 2 objectives 
1	1.711677557910699e+03	9.598638119283406e+04	
3	4.105599955817367e+03	4.927308856504083e+04	
5	4.365263951489189e+02	1.519282809456363e+05	
7	1.380285475849295e+03	8.789748051981028e+04	
17	1.554264144431229e+03	6.800538879779386e+04	
23	4.462135175304496e+03	4.547015914527795e+04	
25	4.197714276339136e+02	2.769657789534486e+05	
29	1.178294665819826e+03	1.079594370637423e+05	
35	6.073511471189372e+02	9.179325610292466e+04	
40	1.763051865186069e+02	1.284120151401813e+05	
46	4.194387886736239e+03	4.002141195872925e+04	
53	4.127176669519444e+03	3.677388671284680e+04	
72	1.230502714135472e+03	7.803450156806289e+04	
75	9.876701265435295e+02	8.917266000831187e+04	
87	1.420370754816360e+03	7.324401506915863e+04	
112	1.204136094194709e+03	5.607265459867490e+04	
165	5.082343515057439e+02	1.154021349436902e+05	
171	6.045690146270961e+02	1.116239046859982e+05	
174	8.363957110845099e+02	8.043202909538976e+04	
193	3.270021471022296e+02	9.565553299210114e+04	
% instance = 8, name = bbob_f015_i17_d20__bbob_f020_i18_d20
% function evaluation | 2 objectives 
1	2.265324137231141e+03	1.410924942794475e+05	
3	3.255197662956212e+03	1.024335013397867e+05	
5	2.063186995574819e+03	2.082821018898624e+05	
9	1.601014739957995e+03	1.025385312423788e+05	
12	1.459152838922432e+03	2.186583146716668e+05	
17	1.094559714984036e+03	1.137516396521870e+05	
29	3.902593113121469e+03	6.371807218266292e+04	
32	1.568836211229208e+03	1.072665708891653e+05	
35	2.178058150338491e+03	6.731230818146240e+04	
46	1.558383978156514e+03	7.393972888629440e+04	
72	1.346790746555650e+03	4.437219525996719e+04	
90	8.116849670802945e+02	3.747427399205783e+05	
98	9.898683587524497e+02	1.777742087257100e+05	
102	8.436501066592265e+02	3.565732178126945e+05	
156	1.015912723153611e+03	1.125505986203049e+05	
% instance = 9, name = bbob_f015_i19_d20__bbob_f020_i21_d20
% function evaluation | 2 objectives 
1	1.372464328332853e+03	2.827924852854025e+05	
2	2.005883643702068e+03	1.383024731713841e+05	
4	1.885167637938037e+03	1.865874355085866e+05	
5	1.231874309950657e+03	1.963960469905040e+05	
6	1.531736318966793e+03	8.112350584775738e+04	
8	3.100899489215724e+03	6.006053339723767e+04	
18	2.139653223190256e+03	7.201934683712915e+04	
22	2.098016678228246e+03	6.548179276608006e+04	
25	1.196560003684190e+03	2.429838154563672e+05	
28	1.094457057171274e+03	2.196482233709084e+05	
30	1.180493966072115e+03	1.220283814806672e+05	
34	1.055509282375173e+03	3.291577154372936e+05	
38	9.275789214381198e+02	2.454067585637836e+05	
40	9.554837379164626e+02	1.147467276411559e+05	
43	1.992320389116075e+03	7.166824485557215e+04	
44	1.362343018646821e+03	6.772008456493614e+04	
49	8.654175567682599e+02	1.551822854265712e+05	
81	2.215914013607395e+03	6.265949740732699e+04	
83	1.158937035108685e+03	7.032091695822483e+04	
147	1.147004754100673e+03	9.007305233636044e+04	
152	1.362245596741626e+03	3.566544314031417e+04	
164	1.195675176218498e+03	5.477653639705479e+04	
% instance = 10, name = bbob_f015_i21_d20__bbob_f020_i22_d20
% function evaluation | 2 objectives 
1	4.300419590756721e+03	2.093118918965004e+05	
2	3.519780270274316e+03	2.643895666094487e+05	
3	1.753825859154642e+03	2.544679860681202e+05	
5	2.233598441437449e+03	1.294115235732496e+05	
8	4.750341612337395e+03	7.908027807803630e+04	
10	1.482336696539853e+03	2.302071640088033e+05	
16	3.460093583230286e+03	7.751335068853613e+04	
18	1.897343440052166e+03	1.161407098680550e+05	
20	1.351502758544618e+03	1.257279635277379e+05	
35	1.303616013648003e+03	1.614094323025829e+05	
39	1.026690158455807e+03	3.168260193112318e+05	
40	2.280998264056835e+03	7.793694016611732e+04	
43	2.770681263547095e+03	4.773649740262586e+04	
44	1.224351804095543e+03	7.723500912018093e+04	
73	6.749664244140063e+02	7.156215611175820e+04	
96	1.369275164396186e+03	3.445586416008342e+04	
197	5.252229073027593e+02	8.160521037031639e+04	
