% instance = 1, name = bbob_f015_i02_d02__bbob_f017_i04_d02
% function evaluation | 2 objectives | 2 variables
1	8.930000133910747e+02	4.591852891888148e+01	3.69838651e+00	1.17868371e+00	
2	1.854047022304119e+02	5.034622978895707e+01	2.13308230e+00	-1.54466279e+00	
4	1.438627515208989e+02	4.372690933402576e+01	-8.56550696e-01	7.09471002e-02	
6	2.022141237708202e+02	4.346523423764956e+01	-5.01498795e-01	6.43283104e-01	
7	1.934475830041139e+02	3.856953553682449e+01	-4.35973793e+00	2.22170005e+00	
8	8.885001738950739e+01	6.621632093586041e+01	3.85125057e-01	-3.66696002e+00	
15	1.177630608869496e+02	4.900992304050557e+01	9.90791217e-01	-1.73217382e+00	
% instance = 2, name = bbob_f015_i03_d02__bbob_f017_i05_d02
% function evaluation | 2 objectives | 2 variables
1	9.352924031885333e+02	1.794596607640292e+02	3.69838651e+00	1.17868371e+00	
2	1.234802451502370e+02	-1.196847147908852e+02	2.13308230e+00	-1.54466279e+00	
4	-1.051743045196439e+01	-1.431595653704319e+02	-8.56550696e-01	7.09471002e-02	
17	-1.596520541894030e+01	-1.398159893771044e+02	6.08063478e-02	-3.88380970e+00	
% instance = 3, name = bbob_f015_i07_d02__bbob_f017_i08_d02
% function evaluation | 2 objectives | 2 variables
1	3.979385922148070e+02	8.687541287663608e+01	3.69838651e+00	1.17868371e+00	
2	7.441908851511546e+02	8.084225167319985e+01	2.13308230e+00	-1.54466279e+00	
4	2.685390081910770e+02	7.718293336550099e+01	-8.56550696e-01	7.09471002e-02	
10	1.301121953888363e+03	7.686333064774983e+01	1.68641129e+00	-3.21077456e+00	
11	2.304218871760961e+02	9.243247706979567e+01	3.80160537e+00	3.09018580e+00	
17	1.062513932368175e+03	7.637437507893711e+01	6.08063478e-02	-3.88380970e+00	
% instance = 4, name = bbob_f015_i09_d02__bbob_f017_i10_d02
% function evaluation | 2 objectives | 2 variables
1	3.415054145216504e+02	6.869356394224809e+00	3.69838651e+00	1.17868371e+00	
2	1.840356303012321e+02	1.900793547753666e+01	2.13308230e+00	-1.54466279e+00	
3	2.915486872669497e+02	8.748982507005694e+00	3.21228504e+00	1.00967553e+00	
4	1.262198458325196e+02	3.019070889400271e+01	-8.56550696e-01	7.09471002e-02	
6	1.583790220622580e+02	1.704023435899510e+01	-5.01498795e-01	6.43283104e-01	
9	1.388946666420199e+02	2.842469414971236e+01	-2.75778991e+00	3.46276250e+00	
19	2.638769619424238e+02	1.493775843376254e+01	1.72379929e+00	2.40744026e+00	
% instance = 5, name = bbob_f015_i11_d02__bbob_f017_i12_d02
% function evaluation | 2 objectives | 2 variables
1	9.929855031387889e+02	6.509809863131198e+01	3.69838651e+00	1.17868371e+00	
2	7.383150211759519e+01	7.901607544920489e+01	2.13308230e+00	-1.54466279e+00	
3	8.614953591366753e+02	6.375535120115423e+01	3.21228504e+00	1.00967553e+00	
5	4.084062732493502e+02	6.196842900922351e+01	3.01232920e+00	1.50496687e-02	
8	-6.553686221114238e+01	8.268460371512526e+01	3.85125057e-01	-3.66696002e+00	
10	-3.917100705870224e+01	5.771607905554836e+01	1.68641129e+00	-3.21077456e+00	
% instance = 6, name = bbob_f015_i13_d02__bbob_f017_i14_d02
% function evaluation | 2 objectives | 2 variables
1	2.713881441166129e+02	-1.609898460884897e+02	3.69838651e+00	1.17868371e+00	
3	2.701068259790009e+02	-1.371615369323648e+02	3.21228504e+00	1.00967553e+00	
4	2.009886175883865e+02	-1.690733712898613e+02	-8.56550696e-01	7.09471002e-02	
6	1.907442918397185e+02	-1.592089886607862e+02	-5.01498795e-01	6.43283104e-01	
9	1.882268269836919e+02	-6.400290676282597e+01	-2.75778991e+00	3.46276250e+00	
11	1.545237165798487e+02	-1.625030888628129e+02	3.80160537e+00	3.09018580e+00	
19	1.526878091634436e+02	-1.663195345032191e+02	1.72379929e+00	2.40744026e+00	
% instance = 7, name = bbob_f015_i15_d02__bbob_f017_i16_d02
% function evaluation | 2 objectives | 2 variables
1	1.912714225116114e+02	2.430747006755209e+02	3.69838651e+00	1.17868371e+00	
2	-8.948707940512600e+01	1.886907235216862e+02	2.13308230e+00	-1.54466279e+00	
4	-2.456759865035057e+02	1.916184219538961e+02	-8.56550696e-01	7.09471002e-02	
7	-3.346691276895465e+02	2.895114631459925e+02	-4.35973793e+00	2.22170005e+00	
8	-2.851673072432862e+02	1.814662761287337e+02	3.85125057e-01	-3.66696002e+00	
14	-3.179548490875572e+02	1.788931518051583e+02	-1.38020177e-01	-4.11748831e+00	
18	-3.174210925216218e+02	1.783476076952160e+02	-4.77025286e+00	-4.02033013e+00	
% instance = 8, name = bbob_f015_i17_d02__bbob_f017_i18_d02
% function evaluation | 2 objectives | 2 variables
1	2.406817048266271e+02	-2.275167457242598e+02	3.69838651e+00	1.17868371e+00	
3	2.199667838017895e+02	-2.066752936781836e+02	3.21228504e+00	1.00967553e+00	
4	2.989738510395827e+02	-2.329297372537254e+02	-8.56550696e-01	7.09471002e-02	
6	1.992376651318986e+02	-2.255766427462532e+02	-5.01498795e-01	6.43283104e-01	
9	1.753298371081588e+02	-1.831399408614845e+02	-2.75778991e+00	3.46276250e+00	
13	1.884899630399709e+02	-2.096051692772848e+02	-3.12702245e+00	3.09109369e+00	
16	1.840353726861137e+02	-2.039184174967618e+02	-3.79573636e+00	3.25988744e+00	
% instance = 9, name = bbob_f015_i19_d02__bbob_f017_i21_d02
% function evaluation | 2 objectives | 2 variables
1	9.412230497366294e+02	4.579093599584111e+01	3.69838651e+00	1.17868371e+00	
2	4.404176146688283e+02	5.846521413248031e+01	2.13308230e+00	-1.54466279e+00	
3	8.279146500634120e+02	4.483633345140715e+01	3.21228504e+00	1.00967553e+00	
4	3.851994491613308e+02	5.489017132496521e+01	-8.56550696e-01	7.09471002e-02	
5	7.062991858529062e+02	4.725747907516325e+01	3.01232920e+00	1.50496687e-02	
8	2.243482122377505e+02	6.492695046659978e+01	3.85125057e-01	-3.66696002e+00	
10	3.137784161252274e+02	4.697858952341382e+01	1.68641129e+00	-3.21077456e+00	
14	1.986830391861131e+02	6.119603226641850e+01	-1.38020177e-01	-4.11748831e+00	
% instance = 10, name = bbob_f015_i21_d02__bbob_f017_i22_d02
% function evaluation | 2 objectives | 2 variables
1	3.863342758868416e+02	5.743409393976346e+01	3.69838651e+00	1.17868371e+00	
2	2.561984366482521e+02	4.711478590187752e+01	2.13308230e+00	-1.54466279e+00	
4	1.438239112200795e+02	5.649306457042755e+01	-8.56550696e-01	7.09471002e-02	
6	1.298271271987929e+02	5.993014323521211e+01	-5.01498795e-01	6.43283104e-01	
8	1.897624080025867e+02	5.428494605479138e+01	3.85125057e-01	-3.66696002e+00	
15	2.013271646027559e+02	5.033589604282456e+01	9.90791217e-01	-1.73217382e+00	
20	2.377813324009323e+02	4.672251656962015e+01	1.80268659e+00	-1.77936778e+00	
