% instance = 1, name = bbob_f002_i02_d03__bbob_f002_i04_d03
% function evaluation | 2 objectives | 3 variables
1	4.240848088213052e+06	5.145567877318188e+05	3.69838651e+00	1.17868371e+00	2.13308230e+00	
2	7.397433753511340e+05	1.962386965470263e+05	-1.54466279e+00	3.21228504e+00	1.00967553e+00	
4	3.581753356956791e+05	4.898918160643730e+05	1.50496687e-02	-5.01498795e-01	6.43283104e-01	
5	9.192913603950896e+04	1.073460587261482e+06	-4.35973793e+00	2.22170005e+00	3.85125057e-01	
9	5.244037445418056e+04	2.825637572153850e+06	-3.12702245e+00	3.09109369e+00	-1.38020177e-01	
11	1.314493686415824e+03	2.179109892158666e+06	-3.79573636e+00	3.25988744e+00	6.08063478e-02	
13	2.486608502001398e+06	1.664768875749039e+05	1.72379929e+00	2.40744026e+00	1.80268659e+00	
% instance = 2, name = bbob_f002_i03_d03__bbob_f002_i05_d03
% function evaluation | 2 objectives | 3 variables
1	6.615515636335403e+05	5.820154034740593e+05	3.69838651e+00	1.17868371e+00	2.13308230e+00	
2	5.744518103754200e+04	1.502121548198260e+05	-1.54466279e+00	3.21228504e+00	1.00967553e+00	
% instance = 3, name = bbob_f002_i07_d03__bbob_f002_i08_d03
% function evaluation | 2 objectives | 3 variables
1	1.820808387081586e+07	1.643138819948052e+05	3.69838651e+00	1.17868371e+00	2.13308230e+00	
2	9.363057358021613e+06	4.091954433409896e+05	-1.54466279e+00	3.21228504e+00	1.00967553e+00	
4	7.889568831345287e+06	1.181338531823548e+06	1.50496687e-02	-5.01498795e-01	6.43283104e-01	
5	7.003835235697976e+06	2.065230131405808e+06	-4.35973793e+00	2.22170005e+00	3.85125057e-01	
8	2.928610875419758e+06	4.114833205878722e+06	3.09018580e+00	2.05256524e+00	-3.06284170e-01	
9	3.893208091580394e+06	3.648881885396777e+06	-3.12702245e+00	3.09109369e+00	-1.38020177e-01	
10	1.490133085815487e+05	1.163118580763154e+07	-4.11748831e+00	9.90791217e-01	-1.73217382e+00	
11	5.241207150024992e+06	3.100980523216469e+06	-3.79573636e+00	3.25988744e+00	6.08063478e-02	
13	1.531690463309615e+07	1.361278308997283e+04	1.72379929e+00	2.40744026e+00	1.80268659e+00	
14	6.756196117368262e+05	8.178044287046157e+06	-1.77936778e+00	-2.66793095e+00	-1.23218149e+00	
17	2.311504370409059e+06	4.633640487458743e+06	8.79569963e-01	-1.53397246e+00	-4.73608956e-01	
18	1.089046665675080e+04	1.550630085337898e+07	2.22847579e+00	-7.24791604e-01	-2.22361210e+00	
24	1.703140262960138e+06	6.563272671004730e+06	-4.94739350e+00	1.94595110e+00	-9.44855571e-01	
29	4.962796609575569e+06	3.221842306582165e+06	8.73324071e-01	3.78113711e+00	1.87056011e-02	
% instance = 4, name = bbob_f002_i09_d03__bbob_f002_i10_d03
% function evaluation | 2 objectives | 3 variables
1	2.418143243137223e+07	1.150440397709110e+07	3.69838651e+00	1.17868371e+00	2.13308230e+00	
2	1.459322912585098e+07	6.251961525199012e+06	-1.54466279e+00	3.21228504e+00	1.00967553e+00	
4	1.152710184608723e+07	3.879921461669536e+06	1.50496687e-02	-5.01498795e-01	6.43283104e-01	
5	9.815440219552249e+06	2.547303278826248e+06	-4.35973793e+00	2.22170005e+00	3.85125057e-01	
8	7.075271855009778e+06	1.151496660070060e+06	3.09018580e+00	2.05256524e+00	-3.06284170e-01	
10	1.423707568045603e+06	1.605738061542380e+05	-4.11748831e+00	9.90791217e-01	-1.73217382e+00	
14	2.218518818624731e+06	3.035877961225542e+04	-1.77936778e+00	-2.66793095e+00	-1.23218149e+00	
15	3.913194946704695e+05	4.625121825892300e+06	-3.68198521e+00	4.53000990e-01	-3.52038132e+00	
16	5.753058400812927e+04	3.284582955828816e+06	-3.87371322e+00	3.38691965e+00	-3.05343055e+00	
18	4.432365255798397e+05	7.018190601770587e+05	2.22847579e+00	-7.24791604e-01	-2.22361210e+00	
28	2.569355317944044e+04	2.995324227330200e+06	2.69951146e-01	3.74207563e+00	-2.95070304e+00	
30	3.399577385661397e+05	8.708328213723523e+05	2.91115120e+00	3.47712339e+00	-2.29537778e+00	
% instance = 5, name = bbob_f002_i11_d03__bbob_f002_i12_d03
% function evaluation | 2 objectives | 3 variables
1	5.610981916038352e+05	2.201339910283691e+04	3.69838651e+00	1.17868371e+00	2.13308230e+00	
2	1.517433647667538e+05	1.552659674808955e+06	-1.54466279e+00	3.21228504e+00	1.00967553e+00	
13	2.440354295788589e+05	1.761126122625232e+05	1.72379929e+00	2.40744026e+00	1.80268659e+00	
% instance = 6, name = bbob_f002_i13_d03__bbob_f002_i14_d03
% function evaluation | 2 objectives | 3 variables
1	2.266536045420861e+07	3.314305078742511e+06	3.69838651e+00	1.17868371e+00	2.13308230e+00	
2	1.306100007884358e+07	7.624949987278673e+06	-1.54466279e+00	3.21228504e+00	1.00967553e+00	
3	3.194426647994049e+07	6.194694670487342e+05	-8.56550696e-01	7.09471002e-02	3.01232920e+00	
4	1.032175502957080e+07	9.940845334739575e+06	1.50496687e-02	-5.01498795e-01	6.43283104e-01	
5	8.924548502879111e+06	1.185869170249830e+07	-4.35973793e+00	2.22170005e+00	3.85125057e-01	
6	3.874332866374359e+07	1.581053665253208e+05	-3.66696002e+00	-2.75778991e+00	3.46276250e+00	
7	4.450392210953542e+07	2.680799196434324e+03	1.68641129e+00	-3.21077456e+00	3.80160537e+00	
8	6.258339315543057e+06	1.734817273430650e+07	3.09018580e+00	2.05256524e+00	-3.06284170e-01	
9	7.043724152747751e+06	1.601114248328172e+07	-3.12702245e+00	3.09109369e+00	-1.38020177e-01	
10	7.728302327512199e+05	2.866540152798727e+07	-4.11748831e+00	9.90791217e-01	-1.73217382e+00	
11	7.741553490849509e+06	1.441768341972139e+07	-3.79573636e+00	3.25988744e+00	6.08063478e-02	
13	1.993603938642692e+07	4.246686040804218e+06	1.72379929e+00	2.40744026e+00	1.80268659e+00	
14	2.051978372995961e+06	2.460888857394134e+07	-1.77936778e+00	-2.66793095e+00	-1.23218149e+00	
15	6.599271916519707e+05	4.877462143292417e+07	-3.68198521e+00	4.53000990e-01	-3.52038132e+00	
16	1.630108491539340e+05	4.228085763353939e+07	-3.87371322e+00	3.38691965e+00	-3.05343055e+00	
17	5.255225123893907e+06	1.865979538620591e+07	8.79569963e-01	-1.53397246e+00	-4.73608956e-01	
18	1.855706050822563e+05	3.304684183595836e+07	2.22847579e+00	-7.24791604e-01	-2.22361210e+00	
24	2.504859152619715e+06	2.239080717637196e+07	-4.94739350e+00	1.94595110e+00	-9.44855571e-01	
25	2.592576857116341e+07	2.192943615225746e+06	-3.25586383e+00	-1.13827348e+00	2.49249916e+00	
28	8.424750982197723e+04	4.099430483401410e+07	2.69951146e-01	3.74207563e+00	-2.95070304e+00	
29	7.604647038694392e+06	1.476322900353339e+07	8.73324071e-01	3.78113711e+00	1.87056011e-02	
30	1.289189838679192e+05	3.378499957510573e+07	2.91115120e+00	3.47712339e+00	-2.29537778e+00	
% instance = 7, name = bbob_f002_i15_d03__bbob_f002_i16_d03
% function evaluation | 2 objectives | 3 variables
1	3.271020365112165e+07	2.207082819420182e+06	3.69838651e+00	1.17868371e+00	2.13308230e+00	
2	2.113888462035989e+07	2.326435203717539e+05	-1.54466279e+00	3.21228504e+00	1.00967553e+00	
4	1.805318092463354e+07	1.363376285736421e+04	1.50496687e-02	-5.01498795e-01	6.43283104e-01	
5	1.580971031901453e+07	3.175550045611466e+04	-4.35973793e+00	2.22170005e+00	3.85125057e-01	
8	1.024059913444395e+07	6.215843002525788e+05	3.09018580e+00	2.05256524e+00	-3.06284170e-01	
9	1.140164717348941e+07	3.896444284831724e+05	-3.12702245e+00	3.09109369e+00	-1.38020177e-01	
10	3.159486683131859e+06	4.926154283562438e+06	-4.11748831e+00	9.90791217e-01	-1.73217382e+00	
11	1.298193867827845e+07	2.378229851808194e+05	-3.79573636e+00	3.25988744e+00	6.08063478e-02	
12	1.923906669556415e+05	2.050556893805407e+07	-3.88380970e+00	-4.77025286e+00	-4.02033013e+00	
14	6.303785334942000e+06	3.435585437208267e+06	-1.77936778e+00	-2.66793095e+00	-1.23218149e+00	
15	1.703720740516433e+04	1.650797169094940e+07	-3.68198521e+00	4.53000990e-01	-3.52038132e+00	
16	3.760018023103484e+05	1.279505174491253e+07	-3.87371322e+00	3.38691965e+00	-3.05343055e+00	
17	9.281952892896309e+06	1.014724723758393e+06	8.79569963e-01	-1.53397246e+00	-4.73608956e-01	
18	1.999191075121090e+06	7.119623947904555e+06	2.22847579e+00	-7.24791604e-01	-2.22361210e+00	
24	7.532369500945507e+06	2.599635828046134e+06	-4.94739350e+00	1.94595110e+00	-9.44855571e-01	
28	5.223700375002027e+05	1.200346412651074e+07	2.69951146e-01	3.74207563e+00	-2.95070304e+00	
29	1.264082185262756e+07	2.717892418011551e+05	8.73324071e-01	3.78113711e+00	1.87056011e-02	
30	1.981003302635361e+06	7.536074191312589e+06	2.91115120e+00	3.47712339e+00	-2.29537778e+00	
% instance = 8, name = bbob_f002_i17_d03__bbob_f002_i18_d03
% function evaluation | 2 objectives | 3 variables
1	5.452670699740213e+04	7.867121748215782e+04	3.69838651e+00	1.17868371e+00	2.13308230e+00	
13	9.064320910553071e+03	1.026071349059779e+04	1.72379929e+00	2.40744026e+00	1.80268659e+00	
% instance = 9, name = bbob_f002_i19_d03__bbob_f002_i21_d03
% function evaluation | 2 objectives | 3 variables
1	1.776656666509825e+05	2.083180739137305e+07	3.69838651e+00	1.17868371e+00	2.13308230e+00	
2	2.763487636408787e+06	1.131862106855606e+07	-1.54466279e+00	3.21228504e+00	1.00967553e+00	
4	3.802857043021421e+06	9.089141217282459e+06	1.50496687e-02	-5.01498795e-01	6.43283104e-01	
5	4.556850595891505e+06	8.090541204480550e+06	-4.35973793e+00	2.22170005e+00	3.85125057e-01	
8	7.633961418705546e+06	4.875654396902319e+06	3.09018580e+00	2.05256524e+00	-3.06284170e-01	
9	6.714227798365709e+06	5.973734333972896e+06	-3.12702245e+00	3.09109369e+00	-1.38020177e-01	
10	1.827762425022878e+07	5.042006152869887e+05	-4.11748831e+00	9.90791217e-01	-1.73217382e+00	
11	5.773742706068764e+06	6.972052160202925e+06	-3.79573636e+00	3.25988744e+00	6.08063478e-02	
13	4.555230481042721e+05	1.808500535164509e+07	1.72379929e+00	2.40744026e+00	1.80268659e+00	
14	1.428752590735965e+07	1.766522806262053e+06	-1.77936778e+00	-2.66793095e+00	-1.23218149e+00	
16	2.877238582423004e+07	3.520142138849872e+05	-3.87371322e+00	3.38691965e+00	-3.05343055e+00	
17	8.672282205451656e+06	3.737301242781305e+06	8.79569963e-01	-1.53397246e+00	-4.73608956e-01	
18	2.215661606775680e+07	4.804686505712778e+04	2.22847579e+00	-7.24791604e-01	-2.22361210e+00	
24	1.200821337023936e+07	2.078214926185391e+06	-4.94739350e+00	1.94595110e+00	-9.44855571e-01	
25	1.458578609811367e+04	2.384117491342228e+07	-3.25586383e+00	-1.13827348e+00	2.49249916e+00	
29	5.961058834327432e+06	6.795219545743315e+06	8.73324071e-01	3.78113711e+00	1.87056011e-02	
30	2.270873901473437e+07	4.519164747677607e+04	2.91115120e+00	3.47712339e+00	-2.29537778e+00	
% instance = 10, name = bbob_f002_i21_d03__bbob_f002_i22_d03
% function evaluation | 2 objectives | 3 variables
1	2.083180739137305e+07	8.221340014266122e+06	3.69838651e+00	1.17868371e+00	2.13308230e+00	
2	1.131862106855606e+07	2.607662845457816e+06	-1.54466279e+00	3.21228504e+00	1.00967553e+00	
4	9.089141217282459e+06	1.995043350352430e+06	1.50496687e-02	-5.01498795e-01	6.43283104e-01	
5	8.090541204480550e+06	1.483511980861999e+06	-4.35973793e+00	2.22170005e+00	3.85125057e-01	
8	4.875654396902319e+06	1.672035158782051e+05	3.09018580e+00	2.05256524e+00	-3.06284170e-01	
10	5.042006152869887e+05	9.945062935881736e+05	-4.11748831e+00	9.90791217e-01	-1.73217382e+00	
14	1.766522806262053e+06	2.488010316734231e+05	-1.77936778e+00	-2.66793095e+00	-1.23218149e+00	
16	3.520142138849872e+05	5.138170372027609e+06	-3.87371322e+00	3.38691965e+00	-3.05343055e+00	
17	3.737301242781305e+06	7.097990784296804e+04	8.79569963e-01	-1.53397246e+00	-4.73608956e-01	
18	4.804686505712778e+04	2.634541361572649e+06	2.22847579e+00	-7.24791604e-01	-2.22361210e+00	
24	2.078214926185391e+06	4.908206542264003e+04	-4.94739350e+00	1.94595110e+00	-9.44855571e-01	
30	4.519164747677607e+04	2.867766507462466e+06	2.91115120e+00	3.47712339e+00	-2.29537778e+00	
