% instance = 1, name = bbob_f015_i02_d05__bbob_f017_i04_d05
% function evaluation | 2 objectives | 5 variables
1	5.164305712513681e+02	8.709894366442646e+01	3.69838651e+00	1.17868371e+00	2.13308230e+00	-1.54466279e+00	3.21228504e+00	
2	4.738696179109264e+02	7.692575738995973e+01	1.00967553e+00	-8.56550696e-01	7.09471002e-02	3.01232920e+00	1.50496687e-02	
3	2.530582706938351e+02	1.139368301542977e+02	-5.01498795e-01	6.43283104e-01	-4.35973793e+00	2.22170005e+00	3.85125057e-01	
4	3.799087533569278e+02	4.530944126558433e+01	-3.66696002e+00	-2.75778991e+00	3.46276250e+00	1.68641129e+00	-3.21077456e+00	
8	3.325465387090277e+02	4.057662014820758e+01	-4.02033013e+00	1.72379929e+00	2.40744026e+00	1.80268659e+00	-1.77936778e+00	
9	1.503574502725104e+02	6.944179301741785e+01	-2.66793095e+00	-1.23218149e+00	-3.68198521e+00	4.53000990e-01	-3.52038132e+00	
11	2.650789479610877e+02	6.162628262438302e+01	-4.73608956e-01	2.22847579e+00	-7.24791604e-01	-2.22361210e+00	-2.45041604e+00	
24	1.477502724000096e+02	1.180621174765649e+02	1.68973099e-01	1.96001352e-01	-3.31654651e+00	-3.04559847e+00	1.52402624e+00	
35	1.376402749888730e+02	6.418883037639444e+01	-2.22661870e+00	-3.26902349e+00	-4.14496618e+00	-3.87351586e-01	-3.41291341e+00	
45	3.260230371694081e+02	4.816539584069886e+01	-3.29894135e+00	1.64481406e+00	1.81978044e+00	2.09421959e-01	1.86322811e+00	
% instance = 2, name = bbob_f015_i03_d05__bbob_f017_i05_d05
% function evaluation | 2 objectives | 5 variables
1	3.439388253447365e+02	-1.324809050395457e+02	3.69838651e+00	1.17868371e+00	2.13308230e+00	-1.54466279e+00	3.21228504e+00	
2	1.472649429020828e+02	-1.324147710205989e+02	1.00967553e+00	-8.56550696e-01	7.09471002e-02	3.01232920e+00	1.50496687e-02	
3	1.151563092824702e+02	-1.213494893209339e+02	-5.01498795e-01	6.43283104e-01	-4.35973793e+00	2.22170005e+00	3.85125057e-01	
4	2.889891678761074e+02	-1.332757248354534e+02	-3.66696002e+00	-2.75778991e+00	3.46276250e+00	1.68641129e+00	-3.21077456e+00	
5	1.114701434286738e+02	-1.387659445651603e+02	3.80160537e+00	3.09018580e+00	2.05256524e+00	-3.06284170e-01	-3.12702245e+00	
6	3.098962816649620e+01	-1.355502157480225e+02	3.09109369e+00	-1.38020177e-01	-4.11748831e+00	9.90791217e-01	-1.73217382e+00	
11	1.164486604951110e+02	-1.411272218085970e+02	-4.73608956e-01	2.22847579e+00	-7.24791604e-01	-2.22361210e+00	-2.45041604e+00	
% instance = 3, name = bbob_f015_i07_d05__bbob_f017_i08_d05
% function evaluation | 2 objectives | 5 variables
1	8.470602816174758e+02	1.106196129710537e+02	3.69838651e+00	1.17868371e+00	2.13308230e+00	-1.54466279e+00	3.21228504e+00	
2	5.279489663135830e+02	1.003230288224710e+02	1.00967553e+00	-8.56550696e-01	7.09471002e-02	3.01232920e+00	1.50496687e-02	
3	5.712341652001049e+02	8.358773895830223e+01	-5.01498795e-01	6.43283104e-01	-4.35973793e+00	2.22170005e+00	3.85125057e-01	
5	2.766161994690987e+02	1.555849141403405e+02	3.80160537e+00	3.09018580e+00	2.05256524e+00	-3.06284170e-01	-3.12702245e+00	
6	4.575327535648113e+02	1.055597786822589e+02	3.09109369e+00	-1.38020177e-01	-4.11748831e+00	9.90791217e-01	-1.73217382e+00	
9	5.055664025795674e+02	9.650218634515576e+01	-2.66793095e+00	-1.23218149e+00	-3.68198521e+00	4.53000990e-01	-3.52038132e+00	
11	2.995609353187531e+02	1.262603997164889e+02	-4.73608956e-01	2.22847579e+00	-7.24791604e-01	-2.22361210e+00	-2.45041604e+00	
17	1.148906342278823e+03	8.218270858745529e+01	-4.32069180e+00	2.69951146e-01	3.74207563e+00	-2.95070304e+00	8.73324071e-01	
24	1.110038086677119e+03	8.128595449286243e+01	1.68973099e-01	1.96001352e-01	-3.31654651e+00	-3.04559847e+00	1.52402624e+00	
31	5.231541112198381e+02	8.854486593937993e+01	-2.43459853e+00	2.95407268e+00	-1.68515048e+00	3.92421681e+00	-2.14977719e+00	
33	3.589949296351997e+02	1.045325469259128e+02	-1.40054513e+00	4.02790616e+00	1.83609437e+00	1.19277786e+00	-1.57280981e+00	
43	1.253395308329481e+03	7.689201126573963e+01	-3.45311681e+00	5.30566302e-01	-2.07346089e+00	8.28997022e-01	4.38672515e+00	
47	5.402303194930246e+02	8.158710371503039e+01	-1.42084538e+00	4.05579072e-02	-3.99646278e+00	3.05886389e+00	-6.58934763e-01	
% instance = 4, name = bbob_f015_i09_d05__bbob_f017_i10_d05
% function evaluation | 2 objectives | 5 variables
1	3.498144674611380e+02	4.880701833922559e+01	3.69838651e+00	1.17868371e+00	2.13308230e+00	-1.54466279e+00	3.21228504e+00	
2	2.320266972365934e+02	4.653317883125722e+01	1.00967553e+00	-8.56550696e-01	7.09471002e-02	3.01232920e+00	1.50496687e-02	
4	5.995804112055162e+02	3.590197524650433e+01	-3.66696002e+00	-2.75778991e+00	3.46276250e+00	1.68641129e+00	-3.21077456e+00	
5	7.351309733223919e+02	2.536658353562189e+01	3.80160537e+00	3.09018580e+00	2.05256524e+00	-3.06284170e-01	-3.12702245e+00	
6	3.219986020473270e+02	2.609652830543343e+01	3.09109369e+00	-1.38020177e-01	-4.11748831e+00	9.90791217e-01	-1.73217382e+00	
11	4.886260936049023e+02	1.254815228049678e+01	-4.73608956e-01	2.22847579e+00	-7.24791604e-01	-2.22361210e+00	-2.45041604e+00	
15	2.228547497283100e+02	4.477018815603868e+01	1.94595110e+00	-9.44855571e-01	-3.25586383e+00	-1.13827348e+00	2.49249916e+00	
16	2.054537271358300e+02	6.725622289557975e+01	-2.50951019e+00	8.03832730e-01	-4.72981706e+00	8.87447394e-01	3.86215435e+00	
19	3.097932398555023e+02	3.438574820603817e+01	-2.12772382e+00	-3.80008396e+00	-1.62846357e+00	4.25341385e+00	-3.76880429e-01	
20	2.803622548942544e+02	3.864915261849194e+01	1.05366801e+00	-4.21379652e+00	-3.85319946e-01	1.15662731e+00	5.85029306e-01	
24	2.669048567806825e+02	3.886343255717697e+01	1.68973099e-01	1.96001352e-01	-3.31654651e+00	-3.04559847e+00	1.52402624e+00	
32	1.882984929788666e+02	6.352069909150510e+01	5.21874355e-01	2.29748950e-01	-4.37792305e+00	1.07790691e+00	1.88506511e+00	
38	3.394816347689949e+02	2.403864032018283e+01	2.85598419e+00	-1.44575726e+00	-3.93593479e+00	-4.09089287e+00	1.36511600e+00	
45	2.837328008377258e+02	1.914650382056265e+01	-3.29894135e+00	1.64481406e+00	1.81978044e+00	2.09421959e-01	1.86322811e+00	
% instance = 5, name = bbob_f015_i11_d05__bbob_f017_i12_d05
% function evaluation | 2 objectives | 5 variables
1	5.640941788514997e+02	8.782110459354637e+01	3.69838651e+00	1.17868371e+00	2.13308230e+00	-1.54466279e+00	3.21228504e+00	
2	1.795661033009180e+02	6.577275076383111e+01	1.00967553e+00	-8.56550696e-01	7.09471002e-02	3.01232920e+00	1.50496687e-02	
12	1.074203890810402e+02	6.970429126779300e+01	2.63168341e+00	-4.52394385e+00	3.53442828e+00	-3.25756491e-01	-4.43045699e+00	
17	1.567578058909630e+03	6.444302914988543e+01	-4.32069180e+00	2.69951146e-01	3.74207563e+00	-2.95070304e+00	8.73324071e-01	
20	2.690717160223215e+01	5.760752301498081e+01	1.05366801e+00	-4.21379652e+00	-3.85319946e-01	1.15662731e+00	5.85029306e-01	
% instance = 6, name = bbob_f015_i13_d05__bbob_f017_i14_d05
% function evaluation | 2 objectives | 5 variables
1	2.802957893529280e+02	-1.620362805807506e+02	3.69838651e+00	1.17868371e+00	2.13308230e+00	-1.54466279e+00	3.21228504e+00	
17	2.696629275016263e+02	-1.565482866593743e+02	-4.32069180e+00	2.69951146e-01	3.74207563e+00	-2.95070304e+00	8.73324071e-01	
23	2.445099850681178e+02	-1.540754016781113e+02	2.40544091e+00	1.46616732e+00	3.72709692e+00	-3.65613732e+00	-9.08285958e-01	
48	6.311830996608126e+02	-1.631367732925545e+02	-2.94572673e+00	-4.63895986e+00	4.56205807e+00	-4.22388157e+00	-3.93649085e-01	
% instance = 7, name = bbob_f015_i15_d05__bbob_f017_i16_d05
% function evaluation | 2 objectives | 5 variables
1	8.152106038363700e+02	1.928425212679294e+02	3.69838651e+00	1.17868371e+00	2.13308230e+00	-1.54466279e+00	3.21228504e+00	
2	-2.176895618812156e+02	2.479856572365877e+02	1.00967553e+00	-8.56550696e-01	7.09471002e-02	3.01232920e+00	1.50496687e-02	
4	-2.701693441823910e+02	1.967529737121251e+02	-3.66696002e+00	-2.75778991e+00	3.46276250e+00	1.68641129e+00	-3.21077456e+00	
19	-3.265355857476991e+02	3.211952733375147e+02	-2.12772382e+00	-3.80008396e+00	-1.62846357e+00	4.25341385e+00	-3.76880429e-01	
22	3.889378863941146e+02	1.880129795206284e+02	3.33927582e+00	-1.00531698e+00	-3.84545670e+00	-4.07500857e+00	2.63965601e+00	
28	2.030469854210115e+02	1.957112269138401e+02	3.44662697e+00	-4.77817355e+00	4.38068074e+00	-1.32943465e+00	8.35497782e-02	
44	-2.133216174542691e+02	1.801709003590759e+02	-4.59230168e+00	-4.63636241e+00	7.91926949e-01	-4.98479394e+00	-2.15821010e+00	
% instance = 8, name = bbob_f015_i17_d05__bbob_f017_i18_d05
% function evaluation | 2 objectives | 5 variables
1	4.896273297697326e+02	-1.678499021649259e+02	3.69838651e+00	1.17868371e+00	2.13308230e+00	-1.54466279e+00	3.21228504e+00	
2	5.000460274128345e+02	-2.111459135813691e+02	1.00967553e+00	-8.56550696e-01	7.09471002e-02	3.01232920e+00	1.50496687e-02	
3	7.453473158053552e+02	-2.116006951762617e+02	-5.01498795e-01	6.43283104e-01	-4.35973793e+00	2.22170005e+00	3.85125057e-01	
4	4.873319207315814e+02	-2.263819120587177e+02	-3.66696002e+00	-2.75778991e+00	3.46276250e+00	1.68641129e+00	-3.21077456e+00	
8	3.404482777273289e+02	-2.308958986662692e+02	-4.02033013e+00	1.72379929e+00	2.40744026e+00	1.80268659e+00	-1.77936778e+00	
17	2.479069515291297e+02	-2.159709680837843e+02	-4.32069180e+00	2.69951146e-01	3.74207563e+00	-2.95070304e+00	8.73324071e-01	
% instance = 9, name = bbob_f015_i19_d05__bbob_f017_i21_d05
% function evaluation | 2 objectives | 5 variables
1	1.991181451812517e+03	9.412538912345133e+01	3.69838651e+00	1.17868371e+00	2.13308230e+00	-1.54466279e+00	3.21228504e+00	
2	1.178792011645155e+03	4.893508863808885e+01	1.00967553e+00	-8.56550696e-01	7.09471002e-02	3.01232920e+00	1.50496687e-02	
3	1.144052694001311e+03	5.492414431654476e+01	-5.01498795e-01	6.43283104e-01	-4.35973793e+00	2.22170005e+00	3.85125057e-01	
4	7.761288039612029e+02	1.572378348718317e+02	-3.66696002e+00	-2.75778991e+00	3.46276250e+00	1.68641129e+00	-3.21077456e+00	
7	9.109341060916726e+02	7.797095635270379e+01	-3.79573636e+00	3.25988744e+00	6.08063478e-02	-3.88380970e+00	-4.77025286e+00	
8	7.976805291972800e+02	7.687391131024714e+01	-4.02033013e+00	1.72379929e+00	2.40744026e+00	1.80268659e+00	-1.77936778e+00	
9	7.666605068247256e+02	7.792603443020502e+01	-2.66793095e+00	-1.23218149e+00	-3.68198521e+00	4.53000990e-01	-3.52038132e+00	
10	9.157177036320230e+02	6.413805856696945e+01	-3.87371322e+00	3.38691965e+00	-3.05343055e+00	8.79569963e-01	-1.53397246e+00	
11	8.795951892020360e+02	6.636344601001593e+01	-4.73608956e-01	2.22847579e+00	-7.24791604e-01	-2.22361210e+00	-2.45041604e+00	
16	8.531745656236641e+02	5.736792728366115e+01	-2.50951019e+00	8.03832730e-01	-4.72981706e+00	8.87447394e-01	3.86215435e+00	
17	3.254552301574273e+02	1.192555678284126e+02	-4.32069180e+00	2.69951146e-01	3.74207563e+00	-2.95070304e+00	8.73324071e-01	
19	6.810598334469436e+02	9.636707170298048e+01	-2.12772382e+00	-3.80008396e+00	-1.62846357e+00	4.25341385e+00	-3.76880429e-01	
20	6.011613295511438e+02	8.759624806721057e+01	1.05366801e+00	-4.21379652e+00	-3.85319946e-01	1.15662731e+00	5.85029306e-01	
24	6.561705141200769e+02	5.674830770198331e+01	1.68973099e-01	1.96001352e-01	-3.31654651e+00	-3.04559847e+00	1.52402624e+00	
29	1.721425750128787e+03	4.352304218405354e+01	2.63842771e+00	-1.62427859e+00	-2.89474646e+00	9.46874676e-01	4.76335813e+00	
31	1.123096589806722e+03	5.471175485082949e+01	-2.43459853e+00	2.95407268e+00	-1.68515048e+00	3.92421681e+00	-2.14977719e+00	
43	5.694053692548122e+02	5.921155037029269e+01	-3.45311681e+00	5.30566302e-01	-2.07346089e+00	8.28997022e-01	4.38672515e+00	
44	3.063696804845134e+02	1.386126753908084e+02	-4.59230168e+00	-4.63636241e+00	7.91926949e-01	-4.98479394e+00	-2.15821010e+00	
45	3.436428990104378e+02	6.398634090860445e+01	-3.29894135e+00	1.64481406e+00	1.81978044e+00	2.09421959e-01	1.86322811e+00	
47	9.177405631820726e+02	5.320941998170895e+01	-1.42084538e+00	4.05579072e-02	-3.99646278e+00	3.05886389e+00	-6.58934763e-01	
48	2.456676623084840e+02	1.533661776724745e+02	-2.94572673e+00	-4.63895986e+00	4.56205807e+00	-4.22388157e+00	-3.93649085e-01	
% instance = 10, name = bbob_f015_i21_d05__bbob_f017_i22_d05
% function evaluation | 2 objectives | 5 variables
1	6.239803862994784e+02	8.378492803733093e+01	3.69838651e+00	1.17868371e+00	2.13308230e+00	-1.54466279e+00	3.21228504e+00	
2	6.223442762856056e+02	4.951902427116595e+01	1.00967553e+00	-8.56550696e-01	7.09471002e-02	3.01232920e+00	1.50496687e-02	
4	3.494353889091817e+02	7.500229461549188e+01	-3.66696002e+00	-2.75778991e+00	3.46276250e+00	1.68641129e+00	-3.21077456e+00	
5	2.404270347377829e+02	8.266432208384228e+01	3.80160537e+00	3.09018580e+00	2.05256524e+00	-3.06284170e-01	-3.12702245e+00	
12	4.435043494242078e+02	7.260083679963932e+01	2.63168341e+00	-4.52394385e+00	3.53442828e+00	-3.25756491e-01	-4.43045699e+00	
14	5.856579746351408e+02	5.963100105929833e+01	3.96501986e+00	-3.97381877e+00	2.97112672e+00	4.23338891e+00	-4.94739350e+00	
17	2.306364770594845e+02	8.889692518774268e+01	-4.32069180e+00	2.69951146e-01	3.74207563e+00	-2.95070304e+00	8.73324071e-01	
18	3.628121986517967e+02	5.244597506797924e+01	3.78113711e+00	1.87056011e-02	2.91115120e+00	3.47712339e+00	-2.29537778e+00	
39	2.745208264765413e+02	7.901718592974780e+01	-1.17175287e+00	3.83588475e+00	1.87140953e+00	-3.10910315e+00	-4.86951215e+00	
50	2.584312083469248e+02	7.237739137870757e+01	2.11361865e+00	4.99335782e-01	2.70928249e+00	-3.42739635e+00	-4.39799999e+00	
