% instance = 1, name = bbob_f015_i02_d03__bbob_f015_i04_d03
% function evaluation | 2 objectives | 3 variables
1	3.574750780482176e+02	2.273008638300529e+03	3.69838651e+00	1.17868371e+00	2.13308230e+00	
2	8.289744449890615e+02	1.885343967281912e+03	-1.54466279e+00	3.21228504e+00	1.00967553e+00	
3	6.264461173003315e+02	5.671490984463373e+02	-8.56550696e-01	7.09471002e-02	3.01232920e+00	
4	2.037695304625274e+02	3.112985016496896e+02	1.50496687e-02	-5.01498795e-01	6.43283104e-01	
6	5.758575526944594e+02	7.213719690543292e+01	-3.66696002e+00	-2.75778991e+00	3.46276250e+00	
7	3.349486304645133e+02	2.700431086342776e+02	1.68641129e+00	-3.21077456e+00	3.80160537e+00	
8	1.802633596489333e+02	2.048990229363170e+03	3.09018580e+00	2.05256524e+00	-3.06284170e-01	
10	5.520507427259295e+02	1.321763973125357e+02	-4.11748831e+00	9.90791217e-01	-1.73217382e+00	
12	1.284534357823173e+02	1.689359932821236e+02	-3.88380970e+00	-4.77025286e+00	-4.02033013e+00	
14	1.408772096278950e+02	8.778116289554067e+01	-1.77936778e+00	-2.66793095e+00	-1.23218149e+00	
15	4.181418518647602e+02	6.544567290574945e+01	-3.68198521e+00	4.53000990e-01	-3.52038132e+00	
% instance = 2, name = bbob_f015_i03_d03__bbob_f015_i05_d03
% function evaluation | 2 objectives | 3 variables
1	3.583158540588583e+03	-1.134476946353541e+01	3.69838651e+00	1.17868371e+00	2.13308230e+00	
2	3.473514967041034e+02	-5.548529687184015e+01	-1.54466279e+00	3.21228504e+00	1.00967553e+00	
4	2.106235174686450e+02	-4.060301782650647e+01	1.50496687e-02	-5.01498795e-01	6.43283104e-01	
5	2.635707411361831e+01	7.268607786531845e+01	-4.35973793e+00	2.22170005e+00	3.85125057e-01	
9	5.067567092822438e+01	-2.251074555037880e+01	-3.12702245e+00	3.09109369e+00	-1.38020177e-01	
10	5.159901323828649e+00	6.486601649029296e+01	-4.11748831e+00	9.90791217e-01	-1.73217382e+00	
% instance = 3, name = bbob_f015_i07_d03__bbob_f015_i08_d03
% function evaluation | 2 objectives | 3 variables
1	3.522247219429789e+02	-5.106714152175311e+01	3.69838651e+00	1.17868371e+00	2.13308230e+00	
2	3.039743309200726e+02	-3.000251080068533e+01	-1.54466279e+00	3.21228504e+00	1.00967553e+00	
3	4.847529746262239e+02	-9.101210296296799e+01	-8.56550696e-01	7.09471002e-02	3.01232920e+00	
4	3.854210746769811e+02	-5.910805319925045e+01	1.50496687e-02	-5.01498795e-01	6.43283104e-01	
8	2.611978554363848e+02	-4.372972489371122e+01	3.09018580e+00	2.05256524e+00	-3.06284170e-01	
13	2.838368350822605e+02	-5.284009629948955e+01	1.72379929e+00	2.40744026e+00	1.80268659e+00	
29	2.368473859596711e+02	5.603003540751928e+00	8.73324071e-01	3.78113711e+00	1.87056011e-02	
% instance = 4, name = bbob_f015_i09_d03__bbob_f015_i10_d03
% function evaluation | 2 objectives | 3 variables
1	3.313892955573842e+02	6.124101636921933e+03	3.69838651e+00	1.17868371e+00	2.13308230e+00	
2	2.968990458371707e+02	1.880438971151289e+03	-1.54466279e+00	3.21228504e+00	1.00967553e+00	
4	2.131279271962970e+02	1.421098803814696e+03	1.50496687e-02	-5.01498795e-01	6.43283104e-01	
5	2.090113874345907e+02	1.244792966585690e+03	-4.35973793e+00	2.22170005e+00	3.85125057e-01	
6	1.560855769578714e+03	1.226971293975605e+03	-3.66696002e+00	-2.75778991e+00	3.46276250e+00	
10	1.718662924016185e+02	1.059099415107772e+03	-4.11748831e+00	9.90791217e-01	-1.73217382e+00	
14	2.920953852275071e+02	1.011020782156343e+03	-1.77936778e+00	-2.66793095e+00	-1.23218149e+00	
18	1.639166421894714e+02	1.259424532802119e+03	2.22847579e+00	-7.24791604e-01	-2.22361210e+00	
% instance = 5, name = bbob_f015_i11_d03__bbob_f015_i12_d03
% function evaluation | 2 objectives | 3 variables
1	2.707453208324656e+02	7.393687314164596e+02	3.69838651e+00	1.17868371e+00	2.13308230e+00	
3	4.079815596291823e+01	8.040651103058358e+02	-8.56550696e-01	7.09471002e-02	3.01232920e+00	
4	1.021470415751747e+02	6.989757952292696e+02	1.50496687e-02	-5.01498795e-01	6.43283104e-01	
6	1.237268065951943e+01	8.085579014763657e+02	-3.66696002e+00	-2.75778991e+00	3.46276250e+00	
7	-4.422483817072672e+01	8.636969760038571e+02	1.68641129e+00	-3.21077456e+00	3.80160537e+00	
10	2.088745232131320e+02	6.625094732423402e+02	-4.11748831e+00	9.90791217e-01	-1.73217382e+00	
14	1.105437071698361e+00	6.614337418103278e+02	-1.77936778e+00	-2.66793095e+00	-1.23218149e+00	
15	2.786296693276886e+02	6.254582881194873e+02	-3.68198521e+00	4.53000990e-01	-3.52038132e+00	
% instance = 6, name = bbob_f015_i13_d03__bbob_f015_i14_d03
% function evaluation | 2 objectives | 3 variables
1	2.441417472842521e+02	-3.496482919817720e+01	3.69838651e+00	1.17868371e+00	2.13308230e+00	
2	1.929501385374455e+02	-2.058179223963269e+02	-1.54466279e+00	3.21228504e+00	1.00967553e+00	
13	1.803908109229371e+02	-1.403495610893963e+02	1.72379929e+00	2.40744026e+00	1.80268659e+00	
% instance = 7, name = bbob_f015_i15_d03__bbob_f015_i16_d03
% function evaluation | 2 objectives | 3 variables
1	-2.227945229198073e+02	3.344576077611263e+02	3.69838651e+00	1.17868371e+00	2.13308230e+00	
2	-2.311159095935923e+02	4.551872965485659e+02	-1.54466279e+00	3.21228504e+00	1.00967553e+00	
3	-2.740456506518572e+02	3.450579345720329e+02	-8.56550696e-01	7.09471002e-02	3.01232920e+00	
4	-3.322248071335833e+02	2.819368707475196e+02	1.50496687e-02	-5.01498795e-01	6.43283104e-01	
14	-3.488110666846843e+02	3.363342779207066e+02	-1.77936778e+00	-2.66793095e+00	-1.23218149e+00	
% instance = 8, name = bbob_f015_i17_d03__bbob_f015_i18_d03
% function evaluation | 2 objectives | 3 variables
1	4.063920826583799e+02	1.060054770476826e+03	3.69838651e+00	1.17868371e+00	2.13308230e+00	
2	2.161392023608888e+02	6.780830775150520e+01	-1.54466279e+00	3.21228504e+00	1.00967553e+00	
3	2.550314404897532e+02	-5.136981971134549e+01	-8.56550696e-01	7.09471002e-02	3.01232920e+00	
10	3.848808103766547e+02	-5.295759296477046e+01	-4.11748831e+00	9.90791217e-01	-1.73217382e+00	
12	1.275057752794251e+03	-9.471319623157176e+01	-3.88380970e+00	-4.77025286e+00	-4.02033013e+00	
14	5.136940162827713e+02	-1.121669910846392e+02	-1.77936778e+00	-2.66793095e+00	-1.23218149e+00	
23	2.041248926383538e+02	-6.955347461421594e+01	-3.97381877e+00	2.97112672e+00	4.23338891e+00	
25	3.091067001178612e+02	-1.140719056471545e+02	-3.25586383e+00	-1.13827348e+00	2.49249916e+00	
% instance = 9, name = bbob_f015_i19_d03__bbob_f015_i21_d03
% function evaluation | 2 objectives | 3 variables
1	6.061617228139664e+02	1.861341219725269e+02	3.69838651e+00	1.17868371e+00	2.13308230e+00	
2	6.891923564742442e+02	1.791909008283071e+02	-1.54466279e+00	3.21228504e+00	1.00967553e+00	
3	3.370360525516711e+02	1.568598565446339e+02	-8.56550696e-01	7.09471002e-02	3.01232920e+00	
6	2.291165211092056e+02	3.090461055746686e+02	-3.66696002e+00	-2.75778991e+00	3.46276250e+00	
25	2.704815975674966e+02	1.848579564609335e+02	-3.25586383e+00	-1.13827348e+00	2.49249916e+00	
% instance = 10, name = bbob_f015_i21_d03__bbob_f015_i22_d03
% function evaluation | 2 objectives | 3 variables
1	1.861341219725269e+02	3.600626113321212e+02	3.69838651e+00	1.17868371e+00	2.13308230e+00	
2	1.791909008283071e+02	2.480865997889168e+02	-1.54466279e+00	3.21228504e+00	1.00967553e+00	
3	1.568598565446339e+02	5.552028912277447e+02	-8.56550696e-01	7.09471002e-02	3.01232920e+00	
8	1.861740034602164e+02	2.095370612678289e+02	3.09018580e+00	2.05256524e+00	-3.06284170e-01	
13	1.589204800709007e+02	3.092076140978577e+02	1.72379929e+00	2.40744026e+00	1.80268659e+00	
16	2.838022029522842e+02	1.910045757947723e+02	-3.87371322e+00	3.38691965e+00	-3.05343055e+00	
28	2.071240461214888e+02	1.789440596476665e+02	2.69951146e-01	3.74207563e+00	-2.95070304e+00	
29	2.003027794832360e+02	1.999250218315885e+02	8.73324071e-01	3.78113711e+00	1.87056011e-02	
30	2.012409605896438e+02	1.586896128923838e+02	2.91115120e+00	3.47712339e+00	-2.29537778e+00	
