% instance = 1, name = bbob_f001_i02_d20__bbob_f021_i04_d20
% function evaluation | 2 objectives 
1	7.543675018682395e+02	5.297922308288501e+01	
2	8.212131782153572e+02	5.275500139003707e+01	
3	5.542943736095265e+02	5.214140657591980e+01	
5	6.707044991028365e+02	5.014150181957993e+01	
20	7.398830621908145e+02	4.231341346957952e+01	
25	6.146679261752309e+02	5.194626824649377e+01	
28	5.716637505899289e+02	5.094537345979977e+01	
35	6.024346501350707e+02	4.820131374203980e+01	
40	6.592863986785455e+02	4.819581001730027e+01	
41	6.690331035166295e+02	4.355100447946997e+01	
46	5.978307893739975e+02	5.070508959187313e+01	
58	5.189151459478172e+02	5.304468411268800e+01	
80	4.778328425968614e+02	5.344025731260220e+01	
115	5.127286472778742e+02	4.881782786578522e+01	
116	6.171961962198436e+02	4.727189692381208e+01	
% instance = 2, name = bbob_f001_i03_d20__bbob_f021_i05_d20
% function evaluation | 2 objectives 
1	6.502698256036257e+01	5.991353615306726e+02	
2	5.316877571288080e+01	6.008743180942055e+02	
3	1.597251266185009e+01	6.005197941361195e+02	
5	3.659573595007038e+01	5.988706667181060e+02	
6	5.852228745546228e+00	6.012384602309827e+02	
8	1.582789637349771e+01	6.007840826802360e+02	
11	1.587969865353895e+02	5.986533037642532e+02	
14	-4.473735033027083e+00	6.015530694988552e+02	
15	-7.732294861753417e+00	6.007929610348771e+02	
16	3.007088823399147e+01	6.002414986289958e+02	
18	2.580338159804677e+01	5.940546098093292e+02	
21	1.235830175542054e+01	5.999011604060203e+02	
22	-9.041608825613520e+01	6.010052742656090e+02	
27	-1.474577817447482e+01	5.981195534963244e+02	
32	-6.587095893424683e+01	6.006009741524977e+02	
34	-4.011693060423048e+01	5.981007013386214e+02	
42	6.156712587397737e+01	5.932858359532639e+02	
46	3.276799236549272e+01	5.930404119530665e+02	
47	-1.031919497070003e+02	6.002903063740795e+02	
61	-5.124106178270983e+01	5.984503999162619e+02	
75	-7.108054336432394e+01	5.992385927965388e+02	
76	1.402514173167151e+01	5.951860023303548e+02	
88	-4.237542135924303e+01	5.879725334190407e+02	
128	-5.691700765238028e+01	5.956774847490868e+02	
167	-1.224602819469397e+02	5.982865922316876e+02	
193	-5.579981051908030e+01	5.941857149961829e+02	
% instance = 3, name = bbob_f001_i07_d20__bbob_f021_i08_d20
% function evaluation | 2 objectives 
1	-7.371998463767497e+02	-3.862350558763940e+02	
6	-7.745915010407390e+02	-3.873143754077438e+02	
8	-8.358990115817223e+02	-3.830278369756026e+02	
16	-8.661574762325745e+02	-3.822470348504767e+02	
18	-8.518842392863867e+02	-3.854614744354624e+02	
30	-7.635599858728419e+02	-3.874592398035641e+02	
35	-7.200312354128827e+02	-3.876753807024269e+02	
38	-7.829513295392916e+02	-3.871660154759046e+02	
39	-7.412220945342951e+02	-3.882984235131329e+02	
43	-9.105357891355504e+02	-3.836374939871804e+02	
46	-7.866937559813795e+02	-3.877386224341635e+02	
54	-8.495859043834387e+02	-3.855260799140425e+02	
63	-7.576302986109788e+02	-3.887439187017280e+02	
75	-8.142137776733541e+02	-3.865063860156651e+02	
83	-8.375420596531901e+02	-3.871275293651494e+02	
115	-6.214437538717650e+02	-4.000853711433246e+02	
116	-8.748671527529631e+02	-3.903502006649190e+02	
152	-8.801854851544927e+02	-3.873712508340093e+02	
162	-7.350840939100065e+02	-3.936576896695894e+02	
% instance = 4, name = bbob_f001_i09_d20__bbob_f021_i10_d20
% function evaluation | 2 objectives 
1	9.863197558033519e+01	3.709228299214931e+02	
2	1.797669827993518e+02	3.662444519605838e+02	
8	1.581842160849970e+02	3.689006219910091e+02	
9	1.267151713412387e+02	3.626799598966452e+02	
24	7.366468049414578e+01	3.726656122554169e+02	
28	6.653442386479716e+01	3.689134877710356e+02	
31	5.970845103814111e+01	3.713284883966441e+02	
70	4.912413440171164e+01	3.711993689648700e+02	
77	8.238354130202137e+01	3.648715075786318e+02	
88	4.898491726501030e+01	3.674659635288533e+02	
90	3.878205417960027e+01	3.725908862186935e+02	
128	4.380248775404951e+01	3.722204952379889e+02	
164	1.261371694645105e+02	3.630497463536784e+02	
% instance = 5, name = bbob_f001_i11_d20__bbob_f021_i12_d20
% function evaluation | 2 objectives 
1	3.521808438897043e+02	-1.129602199101113e+02	
25	4.061724931682982e+02	-1.171319011161244e+02	
28	3.912289237442284e+02	-1.144879888260864e+02	
109	3.295796445775107e+02	-1.112523436759340e+02	
118	4.694464621928091e+02	-1.178197999717576e+02	
132	4.356414561281408e+02	-1.171557617834888e+02	
161	3.788353732619847e+02	-1.225832465138305e+02	
195	4.502694435087008e+02	-1.234147168557415e+02	
% instance = 6, name = bbob_f001_i13_d20__bbob_f021_i14_d20
% function evaluation | 2 objectives 
1	1.871994667745604e+02	-4.160627885964146e+02	
2	7.255453494955131e+01	-4.156834462611361e+02	
3	1.074533076544676e+02	-4.190886389316413e+02	
17	1.157358018187094e+02	-4.196078587967926e+02	
18	6.789444701088826e+01	-4.128524183965415e+02	
30	4.803484362254130e+01	-4.133026774374338e+02	
35	5.545618056821908e+01	-4.174543401479206e+02	
53	1.555220238920035e+02	-4.281274906762199e+02	
85	9.996781185406539e+01	-4.185181704519923e+02	
131	1.371975443556442e+02	-4.199590000273575e+02	
157	3.150128823665288e+01	-4.126127046245765e+02	
176	1.427130679438920e+02	-4.208511158734688e+02	
180	6.452950578776438e+01	-4.197593190991086e+02	
% instance = 7, name = bbob_f001_i15_d20__bbob_f021_i16_d20
% function evaluation | 2 objectives 
1	5.160653640810701e+02	1.125431639986579e+02	
2	6.499685755463097e+02	1.090429297990315e+02	
3	3.345952901444124e+02	1.130651979722091e+02	
5	5.058572458045884e+02	1.100862178263276e+02	
8	5.027258796858114e+02	1.127867538915747e+02	
9	4.892046229663435e+02	1.119066744899893e+02	
17	4.015552897270120e+02	1.118240459540984e+02	
21	4.880962266788511e+02	1.115018482791019e+02	
28	4.052214503370277e+02	1.097736892961516e+02	
35	3.982888769157427e+02	1.117966603303506e+02	
47	3.860054351508594e+02	1.119992710865468e+02	
58	3.954069457334087e+02	1.105827780469726e+02	
75	3.167354361085767e+02	1.127230553822227e+02	
78	4.206469016944706e+02	1.063883886508086e+02	
99	3.553083261644491e+02	1.121994696264826e+02	
110	3.056889416446860e+02	1.130073789640417e+02	
141	3.830481519728065e+02	1.103328898844089e+02	
147	3.666811332549747e+02	1.109683292715035e+02	
152	4.046603786109944e+02	1.103000582954305e+02	
167	4.065658496476941e+02	1.073458123397564e+02	
% instance = 8, name = bbob_f001_i17_d20__bbob_f021_i18_d20
% function evaluation | 2 objectives 
1	-1.619638666796948e+01	-7.405289173471048e+02	
2	-1.117481450625519e+00	-7.408620793911932e+02	
5	-2.602901340802583e+01	-7.418560530488651e+02	
13	-8.798311094051058e+01	-7.399529478768509e+02	
16	-1.899029419261107e+02	-7.393514657842602e+02	
18	-1.386680181902050e+02	-7.428846276330657e+02	
21	-1.420724657359317e+02	-7.399485406167061e+02	
42	-2.091678465905767e+01	-7.459184250743905e+02	
59	-1.428347759333527e+02	-7.402112562348743e+02	
111	-1.671349103416802e+02	-7.398017007392768e+02	
118	-1.462256952186032e+02	-7.398960536825225e+02	
138	-1.467962548281034e+02	-7.431136797384100e+02	
170	-1.581574941707123e+02	-7.411159479337392e+02	
174	6.763579868093467e+01	-7.489721115641789e+02	
193	-5.926232303418428e+01	-7.495269715825627e+02	
% instance = 9, name = bbob_f001_i19_d20__bbob_f021_i21_d20
% function evaluation | 2 objectives 
1	4.243406470028276e+00	-1.295311611545226e+02	
3	-1.240130683450948e+01	-1.317230475995804e+02	
18	1.130530302701138e+01	-1.317927484419731e+02	
25	7.730540135072434e+01	-1.334147047747367e+02	
28	-6.412115476869914e+01	-1.298291388761108e+02	
33	-2.511133193436743e+01	-1.314915107046470e+02	
44	-2.167357127087948e+01	-1.339760072060184e+02	
46	8.770777365828204e+01	-1.362852738783733e+02	
50	-4.192880162613992e+01	-1.299522759779568e+02	
99	3.984170223228324e+01	-1.369389384187678e+02	
112	-3.111177570202190e+01	-1.300515710751357e+02	
152	3.519453184181006e+01	-1.411876913755493e+02	
170	-5.340473063210811e+01	-1.314905780877164e+02	
% instance = 10, name = bbob_f001_i21_d20__bbob_f021_i22_d20
% function evaluation | 2 objectives 
1	8.588600586480158e+01	3.577826425702194e+02	
2	1.436096382979991e+02	3.531417525110702e+02	
6	1.386299735070491e+02	3.556391954519892e+02	
8	2.922914912302488e+01	3.582398161245996e+02	
17	1.522362629894910e+02	3.505799446444055e+02	
18	1.129597544951774e+02	3.560686453170619e+02	
23	4.529183149416829e+01	3.560105853738148e+02	
28	7.921588570537364e+01	3.536991844090930e+02	
46	2.292955164534854e+01	3.560133782437545e+02	
50	1.183696590296807e+02	3.524524205976977e+02	
54	5.488762850093610e+01	3.533553314713370e+02	
70	-4.269286740340168e+01	3.568541337089760e+02	
81	3.599498674583219e+01	3.556467271135255e+02	
90	1.456276877029267e+02	3.522805350141705e+02	
117	-1.383810656467871e+01	3.561160125440929e+02	
130	8.514514874528751e+01	3.509634621502174e+02	
178	1.903805219295693e+02	3.503725268454430e+02	
199	2.538103936589962e+01	3.559191524741949e+02	
