% instance = 1, name = bbob_f006_i02_d05__bbob_f017_i04_d05
% function evaluation | 2 objectives | 5 variables
1	5.765574449728464e+05	8.709894366442646e+01	3.69838651e+00	1.17868371e+00	2.13308230e+00	-1.54466279e+00	3.21228504e+00	
2	1.924793093027600e+05	7.692575738995973e+01	1.00967553e+00	-8.56550696e-01	7.09471002e-02	3.01232920e+00	1.50496687e-02	
3	3.631399338199927e+03	1.139368301542977e+02	-5.01498795e-01	6.43283104e-01	-4.35973793e+00	2.22170005e+00	3.85125057e-01	
4	1.150789452867699e+05	4.530944126558433e+01	-3.66696002e+00	-2.75778991e+00	3.46276250e+00	1.68641129e+00	-3.21077456e+00	
7	6.874211142076894e+04	6.022291237996117e+01	-3.79573636e+00	3.25988744e+00	6.08063478e-02	-3.88380970e+00	-4.77025286e+00	
8	1.083195826116510e+05	4.057662014820758e+01	-4.02033013e+00	1.72379929e+00	2.40744026e+00	1.80268659e+00	-1.77936778e+00	
9	1.013928759559356e+02	6.944179301741785e+01	-2.66793095e+00	-1.23218149e+00	-3.68198521e+00	4.53000990e-01	-3.52038132e+00	
27	5.934687677391390e+04	5.679134041810058e+01	-3.20850402e+00	3.87124503e+00	-3.88870196e+00	1.79204780e+00	-3.72717959e+00	
31	3.567259097763955e+04	6.525953212918097e+01	-2.43459853e+00	2.95407268e+00	-1.68515048e+00	3.92421681e+00	-2.14977719e+00	
35	1.417570040210602e+02	6.418883037639444e+01	-2.22661870e+00	-3.26902349e+00	-4.14496618e+00	-3.87351586e-01	-3.41291341e+00	
45	3.394919997401821e+04	4.816539584069886e+01	-3.29894135e+00	1.64481406e+00	1.81978044e+00	2.09421959e-01	1.86322811e+00	
% instance = 2, name = bbob_f006_i03_d05__bbob_f017_i05_d05
% function evaluation | 2 objectives | 5 variables
1	3.025838848447044e+05	-1.324809050395457e+02	3.69838651e+00	1.17868371e+00	2.13308230e+00	-1.54466279e+00	3.21228504e+00	
2	1.022383972232504e+05	-1.324147710205989e+02	1.00967553e+00	-8.56550696e-01	7.09471002e-02	3.01232920e+00	1.50496687e-02	
4	3.674964926935871e+04	-1.332757248354534e+02	-3.66696002e+00	-2.75778991e+00	3.46276250e+00	1.68641129e+00	-3.21077456e+00	
5	5.752340835390083e+05	-1.387659445651603e+02	3.80160537e+00	3.09018580e+00	2.05256524e+00	-3.06284170e-01	-3.12702245e+00	
6	5.405157210536177e+05	-1.355502157480225e+02	3.09109369e+00	-1.38020177e-01	-4.11748831e+00	9.90791217e-01	-1.73217382e+00	
11	4.975304835875152e+05	-1.411272218085970e+02	-4.73608956e-01	2.22847579e+00	-7.24791604e-01	-2.22361210e+00	-2.45041604e+00	
15	3.347978680416294e+05	-1.343342617715099e+02	1.94595110e+00	-9.44855571e-01	-3.25586383e+00	-1.13827348e+00	2.49249916e+00	
31	1.920683139778296e+05	-1.345781968802620e+02	-2.43459853e+00	2.95407268e+00	-1.68515048e+00	3.92421681e+00	-2.14977719e+00	
33	1.530195821769236e+05	-1.332831323173745e+02	-1.40054513e+00	4.02790616e+00	1.83609437e+00	1.19277786e+00	-1.57280981e+00	
45	3.616518812482247e+04	-1.354739072469114e+02	-3.29894135e+00	1.64481406e+00	1.81978044e+00	2.09421959e-01	1.86322811e+00	
% instance = 3, name = bbob_f006_i07_d05__bbob_f017_i08_d05
% function evaluation | 2 objectives | 5 variables
1	5.932214069465233e+05	1.106196129710537e+02	3.69838651e+00	1.17868371e+00	2.13308230e+00	-1.54466279e+00	3.21228504e+00	
2	5.114026460820011e+05	1.003230288224710e+02	1.00967553e+00	-8.56550696e-01	7.09471002e-02	3.01232920e+00	1.50496687e-02	
3	1.091313211981423e+05	8.358773895830223e+01	-5.01498795e-01	6.43283104e-01	-4.35973793e+00	2.22170005e+00	3.85125057e-01	
15	1.027531457390119e+05	8.951414574327242e+01	1.94595110e+00	-9.44855571e-01	-3.25586383e+00	-1.13827348e+00	2.49249916e+00	
16	3.678320028035027e+02	8.545834822352961e+01	-2.50951019e+00	8.03832730e-01	-4.72981706e+00	8.87447394e-01	3.86215435e+00	
17	2.908355100534563e+05	8.218270858745529e+01	-4.32069180e+00	2.69951146e-01	3.74207563e+00	-2.95070304e+00	8.73324071e-01	
24	2.343062528892330e+04	8.128595449286243e+01	1.68973099e-01	1.96001352e-01	-3.31654651e+00	-3.04559847e+00	1.52402624e+00	
43	3.508005522194996e+04	7.689201126573963e+01	-3.45311681e+00	5.30566302e-01	-2.07346089e+00	8.28997022e-01	4.38672515e+00	
% instance = 4, name = bbob_f006_i09_d05__bbob_f017_i10_d05
% function evaluation | 2 objectives | 5 variables
1	1.394304118304247e+05	4.880701833922559e+01	3.69838651e+00	1.17868371e+00	2.13308230e+00	-1.54466279e+00	3.21228504e+00	
2	3.563257268265951e+05	4.653317883125722e+01	1.00967553e+00	-8.56550696e-01	7.09471002e-02	3.01232920e+00	1.50496687e-02	
4	1.122721921610788e+06	3.590197524650433e+01	-3.66696002e+00	-2.75778991e+00	3.46276250e+00	1.68641129e+00	-3.21077456e+00	
5	6.833002185181470e+05	2.536658353562189e+01	3.80160537e+00	3.09018580e+00	2.05256524e+00	-3.06284170e-01	-3.12702245e+00	
6	6.184734337457581e+05	2.609652830543343e+01	3.09109369e+00	-1.38020177e-01	-4.11748831e+00	9.90791217e-01	-1.73217382e+00	
8	5.742646015025611e+05	3.113507115271800e+01	-4.02033013e+00	1.72379929e+00	2.40744026e+00	1.80268659e+00	-1.77936778e+00	
11	7.516089587966452e+05	1.254815228049678e+01	-4.73608956e-01	2.22847579e+00	-7.24791604e-01	-2.22361210e+00	-2.45041604e+00	
15	3.883013907415571e+05	4.477018815603868e+01	1.94595110e+00	-9.44855571e-01	-3.25586383e+00	-1.13827348e+00	2.49249916e+00	
17	5.666738526763775e+05	2.394599789795056e+01	-4.32069180e+00	2.69951146e-01	3.74207563e+00	-2.95070304e+00	8.73324071e-01	
23	6.383788103873759e+05	1.856022325849823e+01	2.40544091e+00	1.46616732e+00	3.72709692e+00	-3.65613732e+00	-9.08285958e-01	
33	3.401134452766852e+05	2.795877272171948e+01	-1.40054513e+00	4.02790616e+00	1.83609437e+00	1.19277786e+00	-1.57280981e+00	
41	2.672155111495600e+05	3.561112352299196e+01	7.87424107e-01	4.07387102e+00	-2.94613359e+00	4.71410987e+00	-7.87220904e-01	
45	2.273141593428893e+05	1.914650382056265e+01	-3.29894135e+00	1.64481406e+00	1.81978044e+00	2.09421959e-01	1.86322811e+00	
% instance = 5, name = bbob_f006_i11_d05__bbob_f017_i12_d05
% function evaluation | 2 objectives | 5 variables
1	6.458300205679046e+05	8.782110459354637e+01	3.69838651e+00	1.17868371e+00	2.13308230e+00	-1.54466279e+00	3.21228504e+00	
2	1.917809627476181e+05	6.577275076383111e+01	1.00967553e+00	-8.56550696e-01	7.09471002e-02	3.01232920e+00	1.50496687e-02	
3	6.429681655661092e+04	8.012353191878364e+01	-5.01498795e-01	6.43283104e-01	-4.35973793e+00	2.22170005e+00	3.85125057e-01	
15	1.485534610981143e+05	7.500056758696320e+01	1.94595110e+00	-9.44855571e-01	-3.25586383e+00	-1.13827348e+00	2.49249916e+00	
16	2.015699389069787e+04	8.076665272622245e+01	-2.50951019e+00	8.03832730e-01	-4.72981706e+00	8.87447394e-01	3.86215435e+00	
17	2.945084328264642e+05	6.444302914988543e+01	-4.32069180e+00	2.69951146e-01	3.74207563e+00	-2.95070304e+00	8.73324071e-01	
20	1.847802803283968e+05	5.760752301498081e+01	1.05366801e+00	-4.21379652e+00	-3.85319946e-01	1.15662731e+00	5.85029306e-01	
37	9.692885415830432e+01	8.560043055189533e+01	-3.47188891e+00	3.95565111e-01	-2.84459500e+00	4.50669240e+00	3.20439031e+00	
42	7.440815738820843e+04	6.221311323067970e+01	-7.40405846e-01	-4.17573629e+00	-2.57687666e+00	4.31847043e+00	1.28889504e+00	
47	5.901223016200596e+04	6.396727985014640e+01	-1.42084538e+00	4.05579072e-02	-3.99646278e+00	3.05886389e+00	-6.58934763e-01	
% instance = 6, name = bbob_f006_i13_d05__bbob_f017_i14_d05
% function evaluation | 2 objectives | 5 variables
1	5.572597089408661e+05	-1.620362805807506e+02	3.69838651e+00	1.17868371e+00	2.13308230e+00	-1.54466279e+00	3.21228504e+00	
2	3.232756104097467e+04	-1.477473908283798e+02	1.00967553e+00	-8.56550696e-01	7.09471002e-02	3.01232920e+00	1.50496687e-02	
4	3.703525781270777e+05	-1.525510006713230e+02	-3.66696002e+00	-2.75778991e+00	3.46276250e+00	1.68641129e+00	-3.21077456e+00	
7	3.624711452399831e+05	-1.539676268877986e+02	-3.79573636e+00	3.25988744e+00	6.08063478e-02	-3.88380970e+00	-4.77025286e+00	
8	2.513962510488477e+05	-1.603550506459293e+02	-4.02033013e+00	1.72379929e+00	2.40744026e+00	1.80268659e+00	-1.77936778e+00	
10	1.333519610630607e+05	-1.572189957504805e+02	-3.87371322e+00	3.38691965e+00	-3.05343055e+00	8.79569963e-01	-1.53397246e+00	
11	1.146047579654821e+05	-1.604651136763983e+02	-4.73608956e-01	2.22847579e+00	-7.24791604e-01	-2.22361210e+00	-2.45041604e+00	
13	6.996107668427040e+03	-1.062605129775467e+02	4.65602862e+00	-4.65556244e+00	-4.30498398e+00	4.22332759e+00	4.26516627e+00	
15	1.783534647042471e+04	-1.547906655900448e+02	1.94595110e+00	-9.44855571e-01	-3.25586383e+00	-1.13827348e+00	2.49249916e+00	
29	4.436340567458315e+03	-1.395249866374029e+02	2.63842771e+00	-1.62427859e+00	-2.89474646e+00	9.46874676e-01	4.76335813e+00	
30	1.517511255816216e+02	-1.437422281528559e+02	3.38109972e+00	7.69281116e-01	-4.85886417e+00	5.13206545e-01	3.35674965e+00	
39	4.645155154912877e+05	-1.615897473172359e+02	-1.17175287e+00	3.83588475e+00	1.87140953e+00	-3.10910315e+00	-4.86951215e+00	
48	5.669180048134179e+05	-1.631367732925545e+02	-2.94572673e+00	-4.63895986e+00	4.56205807e+00	-4.22388157e+00	-3.93649085e-01	
% instance = 7, name = bbob_f006_i15_d05__bbob_f017_i16_d05
% function evaluation | 2 objectives | 5 variables
1	1.544365906039566e+05	1.928425212679294e+02	3.69838651e+00	1.17868371e+00	2.13308230e+00	-1.54466279e+00	3.21228504e+00	
2	4.978788248055497e+04	2.479856572365877e+02	1.00967553e+00	-8.56550696e-01	7.09471002e-02	3.01232920e+00	1.50496687e-02	
3	3.956796270730010e+02	3.998179252218075e+02	-5.01498795e-01	6.43283104e-01	-4.35973793e+00	2.22170005e+00	3.85125057e-01	
5	1.198397201414891e+05	2.478243589282613e+02	3.80160537e+00	3.09018580e+00	2.05256524e+00	-3.06284170e-01	-3.12702245e+00	
6	3.082214186811550e+02	3.585485394434210e+02	3.09109369e+00	-1.38020177e-01	-4.11748831e+00	9.90791217e-01	-1.73217382e+00	
11	3.408554442331708e+04	2.915179608039275e+02	-4.73608956e-01	2.22847579e+00	-7.24791604e-01	-2.22361210e+00	-2.45041604e+00	
12	1.429737708235770e+05	2.172146435848030e+02	2.63168341e+00	-4.52394385e+00	3.53442828e+00	-3.25756491e-01	-4.43045699e+00	
15	2.944983286373523e+02	2.413857565626121e+02	1.94595110e+00	-9.44855571e-01	-3.25586383e+00	-1.13827348e+00	2.49249916e+00	
17	1.263414550452096e+05	2.053971475227486e+02	-4.32069180e+00	2.69951146e-01	3.74207563e+00	-2.95070304e+00	8.73324071e-01	
20	1.904877578266046e+04	2.258853341599690e+02	1.05366801e+00	-4.21379652e+00	-3.85319946e-01	1.15662731e+00	5.85029306e-01	
22	1.792106189903033e+04	1.880129795206284e+02	3.33927582e+00	-1.00531698e+00	-3.84545670e+00	-4.07500857e+00	2.63965601e+00	
24	1.032152387311305e+04	2.179223770642642e+02	1.68973099e-01	1.96001352e-01	-3.31654651e+00	-3.04559847e+00	1.52402624e+00	
25	3.344681214378506e+02	2.171976946272414e+02	2.00330200e+00	-2.65156101e+00	-4.77401463e+00	-2.98787777e+00	2.31581151e+00	
44	4.072394258005642e+05	1.801709003590759e+02	-4.59230168e+00	-4.63636241e+00	7.91926949e-01	-4.98479394e+00	-2.15821010e+00	
48	2.320740325764784e+05	1.824097609631151e+02	-2.94572673e+00	-4.63895986e+00	4.56205807e+00	-4.22388157e+00	-3.93649085e-01	
50	8.818597883140255e+04	1.858745772363992e+02	2.11361865e+00	4.99335782e-01	2.70928249e+00	-3.42739635e+00	-4.39799999e+00	
% instance = 8, name = bbob_f006_i17_d05__bbob_f017_i18_d05
% function evaluation | 2 objectives | 5 variables
1	2.624827671761839e+05	-1.678499021649259e+02	3.69838651e+00	1.17868371e+00	2.13308230e+00	-1.54466279e+00	3.21228504e+00	
2	1.077480343571361e+05	-2.111459135813691e+02	1.00967553e+00	-8.56550696e-01	7.09471002e-02	3.01232920e+00	1.50496687e-02	
3	7.360853482361123e+04	-2.116006951762617e+02	-5.01498795e-01	6.43283104e-01	-4.35973793e+00	2.22170005e+00	3.85125057e-01	
4	3.916331933928278e+05	-2.263819120587177e+02	-3.66696002e+00	-2.75778991e+00	3.46276250e+00	1.68641129e+00	-3.21077456e+00	
6	2.537153629042991e+05	-2.234723672378935e+02	3.09109369e+00	-1.38020177e-01	-4.11748831e+00	9.90791217e-01	-1.73217382e+00	
8	3.064726198050518e+05	-2.308958986662692e+02	-4.02033013e+00	1.72379929e+00	2.40744026e+00	1.80268659e+00	-1.77936778e+00	
9	4.304228340124593e+04	-2.293689833107282e+02	-2.66793095e+00	-1.23218149e+00	-3.68198521e+00	4.53000990e-01	-3.52038132e+00	
10	2.309886001466779e+04	-2.197579328012593e+02	-3.87371322e+00	3.38691965e+00	-3.05343055e+00	8.79569963e-01	-1.53397246e+00	
31	7.928379013433936e+04	-2.308766556619561e+02	-2.43459853e+00	2.95407268e+00	-1.68515048e+00	3.92421681e+00	-2.14977719e+00	
37	7.376907968296941e+03	-1.269599723903260e+02	-3.47188891e+00	3.95565111e-01	-2.84459500e+00	4.50669240e+00	3.20439031e+00	
47	1.751760699142470e+04	-2.038029967898604e+02	-1.42084538e+00	4.05579072e-02	-3.99646278e+00	3.05886389e+00	-6.58934763e-01	
% instance = 9, name = bbob_f006_i19_d05__bbob_f017_i21_d05
% function evaluation | 2 objectives | 5 variables
1	8.400940306809328e+04	9.412538912345133e+01	3.69838651e+00	1.17868371e+00	2.13308230e+00	-1.54466279e+00	3.21228504e+00	
2	1.184119146126679e+05	4.893508863808885e+01	1.00967553e+00	-8.56550696e-01	7.09471002e-02	3.01232920e+00	1.50496687e-02	
3	3.662218439212870e+04	5.492414431654476e+01	-5.01498795e-01	6.43283104e-01	-4.35973793e+00	2.22170005e+00	3.85125057e-01	
6	3.435986644312656e+04	5.950206430128100e+01	3.09109369e+00	-1.38020177e-01	-4.11748831e+00	9.90791217e-01	-1.73217382e+00	
9	1.149364841862139e+04	7.792603443020502e+01	-2.66793095e+00	-1.23218149e+00	-3.68198521e+00	4.53000990e-01	-3.52038132e+00	
15	3.086244029515490e+02	5.242421937782319e+01	1.94595110e+00	-9.44855571e-01	-3.25586383e+00	-1.13827348e+00	2.49249916e+00	
29	1.044581543064358e+05	4.352304218405354e+01	2.63842771e+00	-1.62427859e+00	-2.89474646e+00	9.46874676e-01	4.76335813e+00	
% instance = 10, name = bbob_f006_i21_d05__bbob_f017_i22_d05
% function evaluation | 2 objectives | 5 variables
1	2.520134915922031e+05	8.378492803733093e+01	3.69838651e+00	1.17868371e+00	2.13308230e+00	-1.54466279e+00	3.21228504e+00	
2	2.088768417899464e+05	4.951902427116595e+01	1.00967553e+00	-8.56550696e-01	7.09471002e-02	3.01232920e+00	1.50496687e-02	
4	1.127847914356644e+05	7.500229461549188e+01	-3.66696002e+00	-2.75778991e+00	3.46276250e+00	1.68641129e+00	-3.21077456e+00	
7	3.105747491214463e+04	1.305084956926719e+02	-3.79573636e+00	3.25988744e+00	6.08063478e-02	-3.88380970e+00	-4.77025286e+00	
8	-1.953751077919664e+02	7.384793145210671e+01	-4.02033013e+00	1.72379929e+00	2.40744026e+00	1.80268659e+00	-1.77936778e+00	
12	1.930746235481124e+05	7.260083679963932e+01	2.63168341e+00	-4.52394385e+00	3.53442828e+00	-3.25756491e-01	-4.43045699e+00	
33	6.737530571223362e+04	6.416589783205781e+01	-1.40054513e+00	4.02790616e+00	1.83609437e+00	1.19277786e+00	-1.57280981e+00	
