% instance = 1, name = bbob_f002_i02_d10__bbob_f014_i04_d10
% function evaluation | 2 objectives 
1	4.834166321000122e+06	6.405190883087595e+01	
10	1.758084037701886e+06	1.289256357380530e+02	
12	3.503830508401115e+06	7.783226853705412e+01	
16	1.434774696109477e+06	1.898896625649439e+02	
17	2.274829186112481e+06	7.866065700100634e+01	
39	2.022223074313614e+06	1.112773704177784e+02	
44	3.546827397705216e+06	6.488599160094506e+01	
56	1.026013327278710e+06	1.367437894725171e+02	
59	1.512591110099837e+06	1.080430898760452e+02	
66	1.495840134012641e+06	7.458166386443567e+01	
67	1.252165695849842e+06	8.015680857154163e+01	
87	5.422109530769617e+06	6.325324178135946e+01	
% instance = 2, name = bbob_f002_i03_d10__bbob_f014_i05_d10
% function evaluation | 2 objectives 
1	1.820640025914968e+07	2.522740600810937e+02	
3	2.928085594058354e+07	-1.986806906842121e+01	
5	2.749007081255927e+07	2.148439456682574e+01	
8	4.326401673221053e+06	1.354647968310269e+02	
10	1.069674755323773e+07	1.265461061924765e+02	
11	2.428899258578302e+06	1.549910581758340e+01	
12	5.004999449516990e+06	-4.562339088743424e+01	
39	1.184257253112715e+06	3.224769596012088e+00	
47	1.057026788489245e+06	1.425723342092618e+02	
48	8.660068730329510e+05	2.064331498365782e+02	
50	8.767564663570604e+05	2.661410176095897e+01	
61	1.132981476387370e+06	-1.296795225888673e+01	
% instance = 3, name = bbob_f002_i07_d10__bbob_f014_i08_d10
% function evaluation | 2 objectives 
1	7.451217660891488e+05	1.590902536647003e+02	
2	6.485388299073926e+06	4.767497411130513e+01	
3	3.370018059299753e+06	1.473831246770168e+02	
4	1.661501825335342e+06	8.162874589536439e+01	
5	2.591548895151975e+06	3.292328906153467e+01	
10	2.532751582982085e+06	1.874456177046969e+01	
41	1.770836109783353e+06	5.505080226097852e+01	
53	5.644844112039703e+05	2.359478641408194e+01	
% instance = 4, name = bbob_f002_i09_d10__bbob_f014_i10_d10
% function evaluation | 2 objectives 
1	8.728632860421043e+06	8.480653555043506e+02	
2	6.409119682260099e+06	1.342185893850016e+03	
3	4.737936726572353e+06	8.546089389478320e+02	
4	3.577414314261866e+06	1.000492078575897e+03	
14	3.362799107336897e+06	1.290610879219448e+03	
18	3.853376448559355e+06	9.869640886669994e+02	
22	2.909868240987229e+06	1.127875521165760e+03	
26	1.301860344751670e+06	9.451930005327752e+02	
30	2.542211436232412e+06	8.909359278714654e+02	
32	7.698327525649327e+06	8.496534984293428e+02	
37	8.725074430124802e+05	8.506226359252094e+02	
42	2.553526956357802e+07	8.408227155877163e+02	
63	9.448295893674027e+06	8.358549946454407e+02	
73	1.635704616501978e+06	8.340369207744437e+02	
76	7.415761353185005e+05	8.787015271495980e+02	
77	7.573538508096023e+05	8.320508524987905e+02	
% instance = 5, name = bbob_f002_i11_d10__bbob_f014_i12_d10
% function evaluation | 2 objectives 
1	1.645265865394288e+07	-2.011494970968184e+01	
2	8.508106474606608e+05	1.772842545750923e+01	
22	1.511662648665003e+07	-1.231441193663750e+01	
26	1.384156795035919e+07	-6.061557076877172e+00	
34	1.244594170568108e+07	-1.010353568886615e+00	
37	7.182821909852602e+06	-2.287231927877310e+01	
45	1.587228999232850e+06	-3.877494619154390e+01	
80	6.018040903648530e+05	2.462816677810170e+01	
% instance = 6, name = bbob_f002_i13_d10__bbob_f014_i14_d10
% function evaluation | 2 objectives 
1	1.638878721758866e+07	-1.162139192045651e+02	
2	1.109338437504945e+06	-7.934365064270446e+01	
4	5.360994066579603e+06	-1.196917076348101e+02	
9	4.275496674078519e+06	-1.045411856459800e+02	
12	3.275737621368146e+07	-1.452704228800437e+02	
23	5.292473170080395e+06	-1.214638493103126e+02	
33	3.290689909943000e+07	-1.485737665817560e+02	
37	4.456013572245732e+06	-1.323614283938535e+02	
51	4.334496841154450e+06	-1.178986849205374e+02	
55	6.422850461574658e+06	-1.368768480785001e+02	
58	2.512351881044614e+07	-1.509190386438428e+02	
69	8.588319938880468e+06	-1.569235657980274e+02	
70	6.777533642698434e+06	-1.412290001215665e+02	
78	1.871211424357220e+06	-1.291240804847475e+02	
80	1.633904004328466e+06	-9.368972391256992e+01	
82	2.977291110694876e+05	-8.862770119431484e+01	
89	2.609906215601312e+06	-1.337082918307464e+02	
91	1.062176899401731e+06	-1.310095991785401e+02	
99	1.861462449637476e+05	-1.219524049512883e+02	
% instance = 7, name = bbob_f002_i15_d10__bbob_f014_i16_d10
% function evaluation | 2 objectives 
1	1.364779645311305e+07	6.966419562959024e+01	
2	4.010694628704146e+05	1.086032343941494e+02	
5	6.416217682549113e+06	5.575893269068803e+00	
9	2.589111903450194e+06	3.539952799962255e+01	
36	5.531171234333809e+07	-1.142345540283202e+01	
40	1.708156856843936e+06	4.187731649560464e+01	
53	6.208790456413635e+06	1.009518666533318e+01	
55	3.642416807794351e+06	2.112691774288013e+01	
69	5.583175568842788e+06	-1.924192821101165e+00	
80	5.820704990244000e+05	4.131201041524417e+00	
82	4.447877501888145e+05	-1.991281983119091e+00	
88	2.013327538932064e+07	-8.123852817476038e+00	
99	2.839670849957971e+05	5.122042998915983e+01	
% instance = 8, name = bbob_f002_i17_d10__bbob_f014_i18_d10
% function evaluation | 2 objectives 
1	8.849905690699402e+06	4.365796522512438e+02	
2	2.677737109360763e+06	4.611388338465705e+02	
3	2.236034639484824e+06	4.783622441755614e+02	
4	1.783278293549902e+06	4.584038407590293e+02	
30	4.954069102566933e+06	4.463015214375894e+02	
37	1.123487158416075e+06	4.431812638632553e+02	
39	2.466023587377946e+07	4.348551028410035e+02	
55	3.982677728758234e+06	4.316008123432143e+02	
87	3.327419914056106e+07	4.271803827932699e+02	
100	9.543090199649357e+05	4.907256000190445e+02	
% instance = 9, name = bbob_f002_i19_d10__bbob_f014_i21_d10
% function evaluation | 2 objectives 
1	2.730373200003884e+06	5.630907630844303e+01	
10	6.361424681587099e+05	2.538290533025040e+02	
16	8.932987179550983e+05	7.699726025157528e+01	
17	1.392783490586151e+06	4.960407787307510e+01	
30	5.384560043263737e+06	4.324002924563502e+01	
37	1.975617779270023e+07	3.382542696454019e+01	
50	1.265671183449160e+07	2.604371772170895e+01	
59	4.641280043601207e+05	8.849355051692126e+01	
65	6.653988163575541e+06	3.504373819216143e+01	
67	2.961007918298944e+05	1.158718354673877e+02	
% instance = 10, name = bbob_f002_i21_d10__bbob_f014_i22_d10
% function evaluation | 2 objectives 
1	6.738244618499418e+06	-5.651269165929499e+00	
2	3.730713104502396e+06	1.837924372558899e+01	
3	1.101876230419278e+06	5.363374557267959e+01	
4	2.217636928077359e+06	2.043113706349809e+01	
6	9.175962952738076e+06	-2.381610456667354e+01	
9	2.232625359511496e+06	-2.195531280712581e+01	
14	1.322923550969035e+07	-2.588492225145457e+01	
20	5.839729103542954e+05	4.744015764654788e+01	
23	1.545100918696135e+07	-3.438563892285033e+01	
37	7.675970782787229e+06	-4.904741528742563e+01	
55	1.534404191566540e+06	3.175728105721605e+01	
89	1.312186847709225e+06	6.996441224792541e+00	
100	7.530960050335629e+06	-3.950665351654936e+01	
