% instance = 1, name = bbob_f001_i02_d05__bbob_f006_i04_d05
% function evaluation | 2 objectives | 5 variables
1	5.392209313270785e+02	1.427960716982494e+06	3.69838651e+00	1.17868371e+00	2.13308230e+00	-1.54466279e+00	3.21228504e+00	
2	4.392190886436089e+02	9.641859875735882e+05	1.00967553e+00	-8.56550696e-01	7.09471002e-02	3.01232920e+00	1.50496687e-02	
3	4.218767457497569e+02	2.992384007513805e+05	-5.01498795e-01	6.43283104e-01	-4.35973793e+00	2.22170005e+00	3.85125057e-01	
7	5.396065817176209e+02	2.822655277601187e+05	-3.79573636e+00	3.25988744e+00	6.08063478e-02	-3.88380970e+00	-4.77025286e+00	
9	4.298594148718080e+02	1.535705873270146e+05	-2.66793095e+00	-1.23218149e+00	-3.68198521e+00	4.53000990e-01	-3.52038132e+00	
10	4.493304388657210e+02	1.646718169972744e+04	-3.87371322e+00	3.38691965e+00	-3.05343055e+00	8.79569963e-01	-1.53397246e+00	
19	4.048176879520487e+02	6.301005098010451e+05	-2.12772382e+00	-3.80008396e+00	-1.62846357e+00	4.25341385e+00	-3.76880429e-01	
37	4.122380985173860e+02	4.323619518547071e+05	-3.47188891e+00	3.95565111e-01	-2.84459500e+00	4.50669240e+00	3.20439031e+00	
47	4.122681467176205e+02	2.990868557640017e+05	-1.42084538e+00	4.05579072e-02	-3.99646278e+00	3.05886389e+00	-6.58934763e-01	
% instance = 2, name = bbob_f001_i03_d05__bbob_f006_i05_d05
% function evaluation | 2 objectives | 5 variables
1	-1.375375876300153e+02	1.123540814537531e+06	3.69838651e+00	1.17868371e+00	2.13308230e+00	-1.54466279e+00	3.21228504e+00	
2	-1.676526151747578e+02	5.737712014413367e+05	1.00967553e+00	-8.56550696e-01	7.09471002e-02	3.01232920e+00	1.50496687e-02	
3	-1.754856906488530e+02	3.634157611566659e+05	-5.01498795e-01	6.43283104e-01	-4.35973793e+00	2.22170005e+00	3.85125057e-01	
4	-1.921387056913997e+02	5.785322712507657e+05	-3.66696002e+00	-2.75778991e+00	3.46276250e+00	1.68641129e+00	-3.21077456e+00	
6	-1.639991914674488e+02	2.367560724172862e+05	3.09109369e+00	-1.38020177e-01	-4.11748831e+00	9.90791217e-01	-1.73217382e+00	
7	-2.343716251053904e+02	5.720866282605634e+05	-3.79573636e+00	3.25988744e+00	6.08063478e-02	-3.88380970e+00	-4.77025286e+00	
9	-2.174751279610476e+02	6.745784881896559e+04	-2.66793095e+00	-1.23218149e+00	-3.68198521e+00	4.53000990e-01	-3.52038132e+00	
11	-2.293781592331092e+02	5.206143398808294e+05	-4.73608956e-01	2.22847579e+00	-7.24791604e-01	-2.22361210e+00	-2.45041604e+00	
25	-1.588142063513944e+02	6.372927739827200e+04	2.00330200e+00	-2.65156101e+00	-4.77401463e+00	-2.98787777e+00	2.31581151e+00	
35	-2.096408363617574e+02	1.847427488771631e+03	-2.22661870e+00	-3.26902349e+00	-4.14496618e+00	-3.87351586e-01	-3.41291341e+00	
36	-2.111113435475133e+02	6.319605264507332e+04	1.89906958e+00	-1.43487488e+00	-7.29806604e-01	-4.56987303e+00	-2.81520924e+00	
44	-2.182998430219117e+02	1.157176243822548e+05	-4.59230168e+00	-4.63636241e+00	7.91926949e-01	-4.98479394e+00	-2.15821010e+00	
% instance = 3, name = bbob_f001_i07_d05__bbob_f006_i08_d05
% function evaluation | 2 objectives | 5 variables
1	-9.771649211459110e+02	3.443640318574272e+04	3.69838651e+00	1.17868371e+00	2.13308230e+00	-1.54466279e+00	3.21228504e+00	
2	-9.757607741690100e+02	6.711827177240405e+03	1.00967553e+00	-8.56550696e-01	7.09471002e-02	3.01232920e+00	1.50496687e-02	
3	-9.664528511616628e+02	1.911975905923067e+02	-5.01498795e-01	6.43283104e-01	-4.35973793e+00	2.22170005e+00	3.85125057e-01	
9	-9.274990721534136e+02	1.140102751268269e+02	-2.66793095e+00	-1.23218149e+00	-3.68198521e+00	4.53000990e-01	-3.52038132e+00	
10	-9.398455963157530e+02	6.029748545737122e+01	-3.87371322e+00	3.38691965e+00	-3.05343055e+00	8.79569963e-01	-1.53397246e+00	
15	-9.821186548916546e+02	1.252404796187713e+02	1.94595110e+00	-9.44855571e-01	-3.25586383e+00	-1.13827348e+00	2.49249916e+00	
19	-9.435108455414182e+02	1.197051980746282e+02	-2.12772382e+00	-3.80008396e+00	-1.62846357e+00	4.25341385e+00	-3.76880429e-01	
20	-9.685063220808878e+02	1.113566741816652e+02	1.05366801e+00	-4.21379652e+00	-3.85319946e-01	1.15662731e+00	5.85029306e-01	
24	-9.759898188073851e+02	7.671431092426413e+01	1.68973099e-01	1.96001352e-01	-3.31654651e+00	-3.04559847e+00	1.52402624e+00	
43	-9.834282963204772e+02	4.394944778994006e+02	-3.45311681e+00	5.30566302e-01	-2.07346089e+00	8.28997022e-01	4.38672515e+00	
45	-9.807759544309138e+02	-8.391903848788451e+01	-3.29894135e+00	1.64481406e+00	1.81978044e+00	2.09421959e-01	1.86322811e+00	
% instance = 4, name = bbob_f001_i09_d05__bbob_f006_i10_d05
% function evaluation | 2 objectives | 5 variables
1	-5.172404894848582e+01	1.911103203175465e+04	3.69838651e+00	1.17868371e+00	2.13308230e+00	-1.54466279e+00	3.21228504e+00	
5	-8.910699651250152e+01	4.193154796521503e+05	3.80160537e+00	3.09018580e+00	2.05256524e+00	-3.06284170e-01	-3.12702245e+00	
11	-8.780835236865840e+01	2.975468634980062e+05	-4.73608956e-01	2.22847579e+00	-7.24791604e-01	-2.22361210e+00	-2.45041604e+00	
23	-9.062589309883241e+01	1.776029831450903e+05	2.40544091e+00	1.46616732e+00	3.72709692e+00	-3.65613732e+00	-9.08285958e-01	
50	-9.388450194720805e+01	3.700624229692996e+05	2.11361865e+00	4.99335782e-01	2.70928249e+00	-3.42739635e+00	-4.39799999e+00	
% instance = 5, name = bbob_f001_i11_d05__bbob_f006_i12_d05
% function evaluation | 2 objectives | 5 variables
1	2.508297571268885e+02	1.720039403778554e+05	3.69838651e+00	1.17868371e+00	2.13308230e+00	-1.54466279e+00	3.21228504e+00	
5	3.154719771329480e+02	4.752479566025458e+04	3.80160537e+00	3.09018580e+00	2.05256524e+00	-3.06284170e-01	-3.12702245e+00	
6	2.886338018770716e+02	1.181598096931920e+05	3.09109369e+00	-1.38020177e-01	-4.11748831e+00	9.90791217e-01	-1.73217382e+00	
12	2.918782464431162e+02	1.067575489254229e+05	2.63168341e+00	-4.52394385e+00	3.53442828e+00	-3.25756491e-01	-4.43045699e+00	
15	2.506896783594643e+02	3.511714965449339e+04	1.94595110e+00	-9.44855571e-01	-3.25586383e+00	-1.13827348e+00	2.49249916e+00	
20	2.359954097788220e+02	1.324145316198838e+05	1.05366801e+00	-4.21379652e+00	-3.85319946e-01	1.15662731e+00	5.85029306e-01	
22	2.708301755738000e+02	3.085221814953580e+04	3.33927582e+00	-1.00531698e+00	-3.84545670e+00	-4.07500857e+00	2.63965601e+00	
36	2.937181655277207e+02	2.387859951406596e+04	1.89906958e+00	-1.43487488e+00	-7.29806604e-01	-4.56987303e+00	-2.81520924e+00	
% instance = 6, name = bbob_f001_i13_d05__bbob_f006_i14_d05
% function evaluation | 2 objectives | 5 variables
1	2.382043941743134e+01	6.022314021166741e+05	3.69838651e+00	1.17868371e+00	2.13308230e+00	-1.54466279e+00	3.21228504e+00	
2	-3.618549460021452e+01	1.191744820816944e+05	1.00967553e+00	-8.56550696e-01	7.09471002e-02	3.01232920e+00	1.50496687e-02	
3	-2.734175582589582e+01	1.105167786800378e+05	-5.01498795e-01	6.43283104e-01	-4.35973793e+00	2.22170005e+00	3.85125057e-01	
4	-5.208748153659582e+01	1.606035334423538e+05	-3.66696002e+00	-2.75778991e+00	3.46276250e+00	1.68641129e+00	-3.21077456e+00	
7	-5.464585295187629e+01	2.022813549191896e+05	-3.79573636e+00	3.25988744e+00	6.08063478e-02	-3.88380970e+00	-4.77025286e+00	
8	-6.753362948284214e+01	1.206793687661544e+05	-4.02033013e+00	1.72379929e+00	2.40744026e+00	1.80268659e+00	-1.77936778e+00	
9	-5.576113971148519e+01	1.765668968766971e+04	-2.66793095e+00	-1.23218149e+00	-3.68198521e+00	4.53000990e-01	-3.52038132e+00	
11	-6.074323596851823e+01	1.120483268349592e+05	-4.73608956e-01	2.22847579e+00	-7.24791604e-01	-2.22361210e+00	-2.45041604e+00	
35	-3.649552721197659e+01	1.655841522298471e+04	-2.22661870e+00	-3.26902349e+00	-4.14496618e+00	-3.87351586e-01	-3.41291341e+00	
44	-1.051586153627552e+01	1.941985943711793e+03	-4.59230168e+00	-4.63636241e+00	7.91926949e-01	-4.98479394e+00	-2.15821010e+00	
% instance = 7, name = bbob_f001_i15_d05__bbob_f006_i16_d05
% function evaluation | 2 objectives | 5 variables
1	3.387026772848192e+02	1.943424424402505e+03	3.69838651e+00	1.17868371e+00	2.13308230e+00	-1.54466279e+00	3.21228504e+00	
2	2.734828022966710e+02	5.634390694302776e+05	1.00967553e+00	-8.56550696e-01	7.09471002e-02	3.01232920e+00	1.50496687e-02	
3	2.530813820653708e+02	3.511256600649154e+05	-5.01498795e-01	6.43283104e-01	-4.35973793e+00	2.22170005e+00	3.85125057e-01	
6	2.734863684816185e+02	3.056048711096712e+05	3.09109369e+00	-1.38020177e-01	-4.11748831e+00	9.90791217e-01	-1.73217382e+00	
9	2.230294139725147e+02	5.772323331725799e+05	-2.66793095e+00	-1.23218149e+00	-3.68198521e+00	4.53000990e-01	-3.52038132e+00	
11	2.564614100163582e+02	2.182000596186337e+05	-4.73608956e-01	2.22847579e+00	-7.24791604e-01	-2.22361210e+00	-2.45041604e+00	
15	2.667860625605911e+02	3.638107171783978e+04	1.94595110e+00	-9.44855571e-01	-3.25586383e+00	-1.13827348e+00	2.49249916e+00	
22	2.934356494939832e+02	1.732307329425362e+02	3.33927582e+00	-1.00531698e+00	-3.84545670e+00	-4.07500857e+00	2.63965601e+00	
24	2.502102165991735e+02	2.065014938130450e+04	1.68973099e-01	1.96001352e-01	-3.31654651e+00	-3.04559847e+00	1.52402624e+00	
25	2.675903139390014e+02	1.073810581869095e+04	2.00330200e+00	-2.65156101e+00	-4.77401463e+00	-2.98787777e+00	2.31581151e+00	
35	2.203240933118554e+02	5.135709393170216e+05	-2.22661870e+00	-3.26902349e+00	-4.14496618e+00	-3.87351586e-01	-3.41291341e+00	
38	2.762464251222231e+02	4.783207512590473e+03	2.85598419e+00	-1.44575726e+00	-3.93593479e+00	-4.09089287e+00	1.36511600e+00	
44	2.477373323607423e+02	3.726192776368503e+05	-4.59230168e+00	-4.63636241e+00	7.91926949e-01	-4.98479394e+00	-2.15821010e+00	
% instance = 8, name = bbob_f001_i17_d05__bbob_f006_i18_d05
% function evaluation | 2 objectives | 5 variables
1	-2.165822183052509e+02	4.188972502475316e+05	3.69838651e+00	1.17868371e+00	2.13308230e+00	-1.54466279e+00	3.21228504e+00	
2	-2.736421457370190e+02	1.430028142234385e+05	1.00967553e+00	-8.56550696e-01	7.09471002e-02	3.01232920e+00	1.50496687e-02	
3	-2.367993266342546e+02	1.289681364117021e+05	-5.01498795e-01	6.43283104e-01	-4.35973793e+00	2.22170005e+00	3.85125057e-01	
12	-2.852475584178082e+02	3.690507260044472e+05	2.63168341e+00	-4.52394385e+00	3.53442828e+00	-3.25756491e-01	-4.43045699e+00	
15	-2.372663993378990e+02	1.117506511216000e+05	1.94595110e+00	-9.44855571e-01	-3.25586383e+00	-1.13827348e+00	2.49249916e+00	
16	-1.794014769745879e+02	4.694307052625429e+04	-2.50951019e+00	8.03832730e-01	-4.72981706e+00	8.87447394e-01	3.86215435e+00	
19	-2.578619517118688e+02	9.566390936210200e+04	-2.12772382e+00	-3.80008396e+00	-1.62846357e+00	4.25341385e+00	-3.76880429e-01	
20	-2.791786612297346e+02	6.314073711036152e+04	1.05366801e+00	-4.21379652e+00	-3.85319946e-01	1.15662731e+00	5.85029306e-01	
43	-1.840817891862602e+02	2.530685829251890e+04	-3.45311681e+00	5.30566302e-01	-2.07346089e+00	8.28997022e-01	4.38672515e+00	
% instance = 9, name = bbob_f001_i19_d05__bbob_f006_i21_d05
% function evaluation | 2 objectives | 5 variables
1	-1.006742711514455e+02	2.520134915922031e+05	3.69838651e+00	1.17868371e+00	2.13308230e+00	-1.54466279e+00	3.21228504e+00	
2	-1.664083867358067e+02	2.088768417899464e+05	1.00967553e+00	-8.56550696e-01	7.09471002e-02	3.01232920e+00	1.50496687e-02	
4	-1.172727030409959e+02	1.127847914356644e+05	-3.66696002e+00	-2.75778991e+00	3.46276250e+00	1.68641129e+00	-3.21077456e+00	
7	-7.122433557630173e+01	3.105747491214463e+04	-3.79573636e+00	3.25988744e+00	6.08063478e-02	-3.88380970e+00	-4.77025286e+00	
8	-1.193122122762148e+02	-1.953751077919664e+02	-4.02033013e+00	1.72379929e+00	2.40744026e+00	1.80268659e+00	-1.77936778e+00	
10	-1.198936527869144e+02	9.326130274728773e+04	-3.87371322e+00	3.38691965e+00	-3.05343055e+00	8.79569963e-01	-1.53397246e+00	
11	-1.314289696369440e+02	5.774092651564699e+04	-4.73608956e-01	2.22847579e+00	-7.24791604e-01	-2.22361210e+00	-2.45041604e+00	
31	-1.419629383059952e+02	1.647961115376264e+05	-2.43459853e+00	2.95407268e+00	-1.68515048e+00	3.92421681e+00	-2.14977719e+00	
% instance = 10, name = bbob_f001_i21_d05__bbob_f006_i22_d05
% function evaluation | 2 objectives | 5 variables
1	-1.158366890084368e+02	4.269339545533982e+05	3.69838651e+00	1.17868371e+00	2.13308230e+00	-1.54466279e+00	3.21228504e+00	
2	-8.918080560307661e+01	1.852402688088200e+05	1.00967553e+00	-8.56550696e-01	7.09471002e-02	3.01232920e+00	1.50496687e-02	
3	-8.259929118222928e+01	1.202010046453207e+05	-5.01498795e-01	6.43283104e-01	-4.35973793e+00	2.22170005e+00	3.85125057e-01	
6	-7.666106990026830e+01	6.267445893375293e+04	3.09109369e+00	-1.38020177e-01	-4.11748831e+00	9.90791217e-01	-1.73217382e+00	
15	-9.893748182169867e+01	4.446902571429023e+04	1.94595110e+00	-9.44855571e-01	-3.25586383e+00	-1.13827348e+00	2.49249916e+00	
30	-1.057682080003470e+02	3.532153505844302e+04	3.38109972e+00	7.69281116e-01	-4.85886417e+00	5.13206545e-01	3.35674965e+00	
34	-1.066628962064585e+02	2.662507592685405e+05	4.13182559e+00	-7.80688517e-02	7.78186548e-01	3.44882889e+00	2.17850785e+00	
