% instance = 1, name = bbob_f014_i02_d05__bbob_f014_i04_d05
% function evaluation | 2 objectives | 5 variables
1	-1.579623623574059e+02	9.615565962348526e+01	3.69838651e+00	1.17868371e+00	2.13308230e+00	-1.54466279e+00	3.21228504e+00	
2	-1.660542504299119e+02	5.077107501914166e+01	1.00967553e+00	-8.56550696e-01	7.09471002e-02	3.01232920e+00	1.50496687e-02	
3	-1.741895446757974e+02	8.812963449560758e+01	-5.01498795e-01	6.43283104e-01	-4.35973793e+00	2.22170005e+00	3.85125057e-01	
11	-3.839158956063446e+01	4.822675933334146e+01	-4.73608956e-01	2.22847579e+00	-7.24791604e-01	-2.22361210e+00	-2.45041604e+00	
% instance = 2, name = bbob_f014_i03_d05__bbob_f014_i05_d05
% function evaluation | 2 objectives | 5 variables
1	1.083957823785403e+02	-3.352076354374952e+01	3.69838651e+00	1.17868371e+00	2.13308230e+00	-1.54466279e+00	3.21228504e+00	
2	9.264232938832227e+01	-2.434219936108088e+01	1.00967553e+00	-8.56550696e-01	7.09471002e-02	3.01232920e+00	1.50496687e-02	
5	1.448047453377126e+02	-5.156237768378104e+01	3.80160537e+00	3.09018580e+00	2.05256524e+00	-3.06284170e-01	-3.12702245e+00	
9	8.662250759096547e+01	4.141377670092831e+01	-2.66793095e+00	-1.23218149e+00	-3.68198521e+00	4.53000990e-01	-3.52038132e+00	
11	9.214675817251572e+01	-3.717985531850226e+01	-4.73608956e-01	2.22847579e+00	-7.24791604e-01	-2.22361210e+00	-2.45041604e+00	
15	7.965285388133570e+01	1.852601653124995e+01	1.94595110e+00	-9.44855571e-01	-3.25586383e+00	-1.13827348e+00	2.49249916e+00	
24	8.059172434953049e+01	1.448677873053514e+01	1.68973099e-01	1.96001352e-01	-3.31654651e+00	-3.04559847e+00	1.52402624e+00	
36	9.015137549121560e+01	-3.954931715627620e+01	1.89906958e+00	-1.43487488e+00	-7.29806604e-01	-4.56987303e+00	-2.81520924e+00	
50	1.789122629422333e+02	-5.312706305269788e+01	2.11361865e+00	4.99335782e-01	2.70928249e+00	-3.42739635e+00	-4.39799999e+00	
% instance = 3, name = bbob_f014_i07_d05__bbob_f014_i08_d05
% function evaluation | 2 objectives | 5 variables
1	-3.964094595579982e+01	2.510439291488429e+01	3.69838651e+00	1.17868371e+00	2.13308230e+00	-1.54466279e+00	3.21228504e+00	
2	-9.404905579739777e+01	2.552172730602037e+00	1.00967553e+00	-8.56550696e-01	7.09471002e-02	3.01232920e+00	1.50496687e-02	
3	-1.007235080490493e+02	2.307688771718972e+01	-5.01498795e-01	6.43283104e-01	-4.35973793e+00	2.22170005e+00	3.85125057e-01	
8	-1.105026715726490e+02	9.095329114676765e+01	-4.02033013e+00	1.72379929e+00	2.40744026e+00	1.80268659e+00	-1.77936778e+00	
11	-1.171484506520807e+02	3.691210976933842e+02	-4.73608956e-01	2.22847579e+00	-7.24791604e-01	-2.22361210e+00	-2.45041604e+00	
20	-9.901232296149473e+01	7.367110174766109e+00	1.05366801e+00	-4.21379652e+00	-3.85319946e-01	1.15662731e+00	5.85029306e-01	
23	-1.130340903525631e+02	1.887757670035461e+02	2.40544091e+00	1.46616732e+00	3.72709692e+00	-3.65613732e+00	-9.08285958e-01	
33	-1.096259301850122e+02	8.832101535909213e+01	-1.40054513e+00	4.02790616e+00	1.83609437e+00	1.19277786e+00	-1.57280981e+00	
37	-1.017669884746288e+02	3.007411619173261e+01	-3.47188891e+00	3.95565111e-01	-2.84459500e+00	4.50669240e+00	3.20439031e+00	
43	-1.044833230405621e+02	6.021154719368150e+01	-3.45311681e+00	5.30566302e-01	-2.07346089e+00	8.28997022e-01	4.38672515e+00	
45	-1.157769027294928e+02	4.012223413414194e+01	-3.29894135e+00	1.64481406e+00	1.81978044e+00	2.09421959e-01	1.86322811e+00	
47	-1.005841146748192e+02	2.213111251295882e+01	-1.42084538e+00	4.05579072e-02	-3.99646278e+00	3.05886389e+00	-6.58934763e-01	
50	-1.211998854517486e+02	4.844701964821912e+02	2.11361865e+00	4.99335782e-01	2.70928249e+00	-3.42739635e+00	-4.39799999e+00	
% instance = 4, name = bbob_f014_i09_d05__bbob_f014_i10_d05
% function evaluation | 2 objectives | 5 variables
1	-1.626950712409342e+01	9.123815355868580e+02	3.69838651e+00	1.17868371e+00	2.13308230e+00	-1.54466279e+00	3.21228504e+00	
2	-3.774105595988300e+01	8.345281640252390e+02	1.00967553e+00	-8.56550696e-01	7.09471002e-02	3.01232920e+00	1.50496687e-02	
20	-3.121260428779804e+01	8.224801930117878e+02	1.05366801e+00	-4.21379652e+00	-3.85319946e-01	1.15662731e+00	5.85029306e-01	
% instance = 5, name = bbob_f014_i11_d05__bbob_f014_i12_d05
% function evaluation | 2 objectives | 5 variables
1	4.583944883260206e+01	-4.972459902814911e+00	3.69838651e+00	1.17868371e+00	2.13308230e+00	-1.54466279e+00	3.21228504e+00	
2	-5.782142146220002e+01	-3.124064389214170e+01	1.00967553e+00	-8.56550696e-01	7.09471002e-02	3.01232920e+00	1.50496687e-02	
3	-5.697751904001790e+01	-3.301541189660102e+01	-5.01498795e-01	6.43283104e-01	-4.35973793e+00	2.22170005e+00	3.85125057e-01	
16	-2.003240965565915e+01	-3.371317962131658e+01	-2.50951019e+00	8.03832730e-01	-4.72981706e+00	8.87447394e-01	3.86215435e+00	
32	-5.434829963499621e+01	-3.604326911062287e+01	5.21874355e-01	2.29748950e-01	-4.37792305e+00	1.07790691e+00	1.88506511e+00	
% instance = 6, name = bbob_f014_i13_d05__bbob_f014_i14_d05
% function evaluation | 2 objectives | 5 variables
1	-1.011166059948515e+00	2.092123937301592e+02	3.69838651e+00	1.17868371e+00	2.13308230e+00	-1.54466279e+00	3.21228504e+00	
2	-2.656230187097110e+01	-1.490309632435367e+02	1.00967553e+00	-8.56550696e-01	7.09471002e-02	3.01232920e+00	1.50496687e-02	
4	-2.863669124231224e+01	-1.432180445894177e+02	-3.66696002e+00	-2.75778991e+00	3.46276250e+00	1.68641129e+00	-3.21077456e+00	
8	-3.770987611429538e+01	-1.641790152832359e+02	-4.02033013e+00	1.72379929e+00	2.40744026e+00	1.80268659e+00	-1.77936778e+00	
17	5.569835715985612e+00	-1.668124545130051e+02	-4.32069180e+00	2.69951146e-01	3.74207563e+00	-2.95070304e+00	8.73324071e-01	
45	-2.776837725784385e+01	-1.691111005230025e+02	-3.29894135e+00	1.64481406e+00	1.81978044e+00	2.09421959e-01	1.86322811e+00	
% instance = 7, name = bbob_f014_i15_d05__bbob_f014_i16_d05
% function evaluation | 2 objectives | 5 variables
1	-5.436325478404580e+00	1.287740817267002e+02	3.69838651e+00	1.17868371e+00	2.13308230e+00	-1.54466279e+00	3.21228504e+00	
2	4.261799038268600e+01	1.213569931415821e+01	1.00967553e+00	-8.56550696e-01	7.09471002e-02	3.01232920e+00	1.50496687e-02	
3	3.075283304557740e+01	3.114317584952465e+01	-5.01498795e-01	6.43283104e-01	-4.35973793e+00	2.22170005e+00	3.85125057e-01	
4	1.989305758461624e+02	2.189100074658509e+00	-3.66696002e+00	-2.75778991e+00	3.46276250e+00	1.68641129e+00	-3.21077456e+00	
8	1.795686109462579e+01	-1.161790221346338e+01	-4.02033013e+00	1.72379929e+00	2.40744026e+00	1.80268659e+00	-1.77936778e+00	
9	5.739823728782297e+01	-1.366021005426830e+01	-2.66793095e+00	-1.23218149e+00	-3.68198521e+00	4.53000990e-01	-3.52038132e+00	
10	1.275291551558474e+01	1.602861400436464e+01	-3.87371322e+00	3.38691965e+00	-3.05343055e+00	8.79569963e-01	-1.53397246e+00	
16	1.388729011921924e+01	1.422029550779079e+01	-2.50951019e+00	8.03832730e-01	-4.72981706e+00	8.87447394e-01	3.86215435e+00	
19	1.114086204237870e+02	-1.699184796999647e+01	-2.12772382e+00	-3.80008396e+00	-1.62846357e+00	4.25341385e+00	-3.76880429e-01	
23	5.014277999928343e-01	1.235915121233606e+02	2.40544091e+00	1.46616732e+00	3.72709692e+00	-3.65613732e+00	-9.08285958e-01	
31	9.847536397893299e+00	5.204430167262029e+01	-2.43459853e+00	2.95407268e+00	-1.68515048e+00	3.92421681e+00	-2.14977719e+00	
33	-2.680661957693373e+00	8.099158006471336e+01	-1.40054513e+00	4.02790616e+00	1.83609437e+00	1.19277786e+00	-1.57280981e+00	
37	1.272890572004995e+01	-1.352213013124096e+00	-3.47188891e+00	3.95565111e-01	-2.84459500e+00	4.50669240e+00	3.20439031e+00	
42	7.632491099107814e+01	-1.443690747742397e+01	-7.40405846e-01	-4.17573629e+00	-2.57687666e+00	4.31847043e+00	1.28889504e+00	
43	7.027551213178169e+00	-1.406494175812004e+00	-3.45311681e+00	5.30566302e-01	-2.07346089e+00	8.28997022e-01	4.38672515e+00	
45	-1.247856369808513e+00	-8.572916446908801e+00	-3.29894135e+00	1.64481406e+00	1.81978044e+00	2.09421959e-01	1.86322811e+00	
% instance = 8, name = bbob_f014_i17_d05__bbob_f014_i18_d05
% function evaluation | 2 objectives | 5 variables
1	3.688801916139154e+01	5.143581016859505e+02	3.69838651e+00	1.17868371e+00	2.13308230e+00	-1.54466279e+00	3.21228504e+00	
2	2.989952857465960e+02	5.126755374783968e+02	1.00967553e+00	-8.56550696e-01	7.09471002e-02	3.01232920e+00	1.50496687e-02	
3	4.574526758893894e+02	4.386588667353344e+02	-5.01498795e-01	6.43283104e-01	-4.35973793e+00	2.22170005e+00	3.85125057e-01	
6	2.753468945515748e+02	4.223184368253585e+02	3.09109369e+00	-1.38020177e-01	-4.11748831e+00	9.90791217e-01	-1.73217382e+00	
7	1.596012140045327e+02	4.301580645597204e+02	-3.79573636e+00	3.25988744e+00	6.08063478e-02	-3.88380970e+00	-4.77025286e+00	
9	2.387004987693759e+02	4.119520244447819e+02	-2.66793095e+00	-1.23218149e+00	-3.68198521e+00	4.53000990e-01	-3.52038132e+00	
10	6.414069031147698e+02	4.080928480899279e+02	-3.87371322e+00	3.38691965e+00	-3.05343055e+00	8.79569963e-01	-1.53397246e+00	
11	1.409058309123224e+02	4.063011119358391e+02	-4.73608956e-01	2.22847579e+00	-7.24791604e-01	-2.22361210e+00	-2.45041604e+00	
15	5.378912217294449e+01	4.533861770845853e+02	1.94595110e+00	-9.44855571e-01	-3.25586383e+00	-1.13827348e+00	2.49249916e+00	
17	3.129546854029105e+01	4.819025990606474e+02	-4.32069180e+00	2.69951146e-01	3.74207563e+00	-2.95070304e+00	8.73324071e-01	
22	3.695609490069413e+01	4.319721426291368e+02	3.33927582e+00	-1.00531698e+00	-3.84545670e+00	-4.07500857e+00	2.63965601e+00	
24	3.347017760776139e+01	4.187968539425863e+02	1.68973099e-01	1.96001352e-01	-3.31654651e+00	-3.04559847e+00	1.52402624e+00	
28	1.543995361696800e+01	9.306102689319082e+02	3.44662697e+00	-4.77817355e+00	4.38068074e+00	-1.32943465e+00	8.35497782e-02	
35	1.118236480905432e+02	4.186139718753157e+02	-2.22661870e+00	-3.26902349e+00	-4.14496618e+00	-3.87351586e-01	-3.41291341e+00	
36	1.814931028194448e+01	4.154406251554343e+02	1.89906958e+00	-1.43487488e+00	-7.29806604e-01	-4.56987303e+00	-2.81520924e+00	
% instance = 9, name = bbob_f014_i19_d05__bbob_f014_i21_d05
% function evaluation | 2 objectives | 5 variables
1	1.280637018616364e+02	3.547470733491080e+01	3.69838651e+00	1.17868371e+00	2.13308230e+00	-1.54466279e+00	3.21228504e+00	
2	4.983084148587666e+01	2.541250924819947e+01	1.00967553e+00	-8.56550696e-01	7.09471002e-02	3.01232920e+00	1.50496687e-02	
9	4.205722426764702e+01	2.873583375121380e+02	-2.66793095e+00	-1.23218149e+00	-3.68198521e+00	4.53000990e-01	-3.52038132e+00	
12	3.884376370420176e+01	6.337249452352570e+01	2.63168341e+00	-4.52394385e+00	3.53442828e+00	-3.25756491e-01	-4.43045699e+00	
14	3.766048919713283e+01	3.589222014822980e+01	3.96501986e+00	-3.97381877e+00	2.97112672e+00	4.23338891e+00	-4.94739350e+00	
18	4.712100002971557e+01	2.004621480745970e+01	3.78113711e+00	1.87056011e-02	2.91115120e+00	3.47712339e+00	-2.29537778e+00	
% instance = 10, name = bbob_f014_i21_d05__bbob_f014_i22_d05
% function evaluation | 2 objectives | 5 variables
1	3.547470733491080e+01	-4.179204081309729e+01	3.69838651e+00	1.17868371e+00	2.13308230e+00	-1.54466279e+00	3.21228504e+00	
2	2.541250924819947e+01	-4.370467698716737e+01	1.00967553e+00	-8.56550696e-01	7.09471002e-02	3.01232920e+00	1.50496687e-02	
18	2.004621480745970e+01	8.029677366707148e+00	3.78113711e+00	1.87056011e-02	2.91115120e+00	3.47712339e+00	-2.29537778e+00	
34	2.639456219921144e+01	-4.925047085028024e+01	4.13182559e+00	-7.80688517e-02	7.78186548e-01	3.44882889e+00	2.17850785e+00	
