% instance = 1, name = bbob_f014_i02_d20__bbob_f015_i04_d20
% function evaluation | 2 objectives 
1	-6.667757450663078e+01	1.145452177085533e+03	
8	-1.040151677625077e+02	5.714276796945768e+03	
16	-7.172504558835087e+01	1.861279948449113e+03	
19	-1.079044288172412e+02	2.894107375497820e+03	
20	3.157954082824589e+02	9.705913998309504e+02	
28	-9.329060561496100e+01	2.135359497819372e+03	
33	-9.660707994242891e+01	2.262480914667365e+03	
37	-9.752739971624941e+01	2.177802103737473e+03	
40	1.020671248929503e+02	6.990544806298388e+02	
62	-2.264149455697367e+01	1.078127272826878e+03	
63	-2.233240079159688e+01	9.358067456788475e+02	
65	-1.177739639453348e+02	1.849324858236344e+03	
76	-1.435523006110385e+02	1.739107157613193e+03	
88	8.044798812816285e+01	7.795732958264489e+02	
98	-1.204799150324993e+02	7.133190615691097e+02	
% instance = 2, name = bbob_f014_i03_d20__bbob_f015_i05_d20
% function evaluation | 2 objectives 
1	2.915426029294592e+02	2.566071629603528e+03	
3	1.879844909293925e+02	2.961407795380597e+03	
5	1.821646247533589e+02	1.039471771911965e+03	
8	1.335084687496135e+02	3.468591344656575e+03	
18	1.195330947548314e+02	6.082220838404198e+02	
33	1.154278642404365e+02	2.677173531019251e+03	
49	1.046558383850902e+02	1.350147136600615e+03	
116	2.013286457936840e+02	5.303163248575097e+02	
167	1.188471171876310e+02	1.327315939880903e+03	
199	1.193767129106737e+02	1.030680744117982e+03	
% instance = 3, name = bbob_f014_i07_d20__bbob_f015_i08_d20
% function evaluation | 2 objectives 
1	6.702051458133946e+01	1.039430679498661e+03	
2	1.720176945280619e+01	1.521201160975297e+03	
3	5.202158340884179e+01	1.226285015121110e+03	
6	-4.219055282546263e+01	9.483770960248395e+02	
21	-4.690181580877670e+01	1.032233529219059e+03	
22	-3.672068741846374e+01	8.245433110146771e+02	
32	1.893077078611716e+02	6.701559470120233e+02	
33	-8.476301105689583e+01	1.561909946784682e+03	
38	1.874511118944643e+02	7.603653846803892e+02	
39	2.702722833900705e+02	5.934650829081980e+02	
47	-2.679661722300993e+01	7.294305512879398e+02	
59	-8.557574312688820e+01	1.450337179315825e+03	
61	-2.205330729624858e+01	4.774914568561768e+02	
70	-6.281480538988508e+01	9.784680620010171e+02	
85	-7.933516693518487e+01	1.206268182453841e+03	
90	-5.140378515134779e+01	9.250916267537126e+02	
95	-6.456167568346658e+01	9.731739332114142e+02	
148	-4.248548412851511e+01	8.778727552565098e+02	
% instance = 4, name = bbob_f014_i09_d20__bbob_f015_i10_d20
% function evaluation | 2 objectives 
1	2.895158869227491e+02	5.147194816880628e+03	
2	2.575677943076835e+02	4.697329663969434e+03	
3	1.303331706579101e+02	3.323311066513765e+03	
4	3.344756837246720e+02	2.269614786296286e+03	
5	5.825011031937643e+01	2.423584652661559e+03	
21	4.911373768879867e+01	3.399819826510899e+03	
22	1.084087292563115e+02	2.397897936810298e+03	
25	8.755238639782428e+01	2.010651876217108e+03	
28	3.391762374403749e+01	2.855008195685728e+03	
35	1.579747186055771e+01	2.120418310353480e+03	
57	3.922835186072684e+02	1.804240107490007e+03	
59	-2.048800391976819e+00	2.535185492755178e+03	
85	1.213285001573590e+01	2.453674260081310e+03	
124	8.699517494103776e+01	2.028903922872148e+03	
164	1.713181198701936e+01	2.016239761710474e+03	
193	8.866692329371909e+01	1.972766207399653e+03	
% instance = 5, name = bbob_f014_i11_d20__bbob_f015_i12_d20
% function evaluation | 2 objectives 
1	4.170146650207452e+01	2.985261413441594e+03	
3	2.764761135888658e+01	2.563556993155958e+03	
8	6.804190750101377e+01	1.919236996979255e+03	
9	1.123089077947840e+02	1.678255532017520e+03	
18	3.060335774544903e+01	1.496665071160559e+03	
24	2.171598423620254e+01	3.093052796263783e+03	
28	6.571531899658297e+00	2.810072585013963e+03	
33	2.855088971131674e+01	2.204202810573352e+03	
36	1.302290858302953e+00	3.922857989148713e+03	
44	-6.441257590438838e+00	1.389545716982804e+03	
52	-1.248376715912696e+01	2.465241138916722e+03	
76	-2.121691626160313e+01	3.757513454221319e+03	
% instance = 6, name = bbob_f014_i13_d20__bbob_f015_i14_d20
% function evaluation | 2 objectives 
1	4.906870588431849e+01	1.211157692237785e+03	
2	3.943296175289710e+01	8.325511875695606e+02	
5	7.218856271843933e+01	7.925621648059266e+02	
9	1.308085971092466e+01	2.084450735516818e+03	
22	3.520117651528909e+01	1.095699564056121e+03	
28	1.331000037641937e+02	7.394087631552661e+02	
30	3.124940013937383e+01	8.753552561894578e+02	
32	3.130877340596406e+00	2.606717637437442e+03	
35	2.992855693475586e+01	1.699677503273233e+03	
40	2.503702884887255e+01	7.499322028002518e+02	
44	1.796729335131178e+01	1.443319165786906e+03	
47	1.481974793294479e+01	1.733984498383679e+03	
49	7.883813144718476e+01	6.929382742942464e+02	
74	1.346240533332543e+01	1.125141340658765e+03	
102	8.171623792450823e+00	2.469182608592117e+03	
108	8.946841119153717e+00	1.472758259047840e+03	
113	3.457599522307062e+01	4.152080079681431e+02	
122	8.189872414712283e+00	1.456920067196112e+03	
162	3.736235410999387e+01	3.854702416095584e+02	
% instance = 7, name = bbob_f014_i15_d20__bbob_f015_i16_d20
% function evaluation | 2 objectives 
1	8.586030220618453e+01	2.066167515323907e+03	
6	1.585038248909649e+02	2.027880919330305e+03	
14	2.662958399475603e+02	1.382527239115717e+03	
18	2.632541043565512e+02	1.350544025119041e+03	
19	3.167493300446114e+01	4.455105430089917e+03	
20	8.105275956681166e+01	2.336573921436903e+03	
24	2.687397787228428e+01	4.381353314013291e+03	
25	7.902632051815404e+01	1.799135708377563e+03	
28	9.558585961212984e+01	1.320129026839995e+03	
29	7.571262451517576e+01	2.656083890480577e+03	
34	1.187514111273657e+01	3.018558370894560e+03	
35	5.025006690595043e+01	2.261390145443404e+03	
46	4.787099291615719e+01	2.030925815847758e+03	
47	9.266632535830144e+01	1.506664379800590e+03	
53	3.905612037122686e+01	2.223609087814290e+03	
54	2.459157116992812e+02	1.317248432020229e+03	
76	1.302598234619973e+02	9.725990285351495e+02	
88	2.712836157052590e+01	2.627503476635891e+03	
145	9.246025708884257e+01	1.623148833385965e+03	
148	8.524292173040764e+01	1.240915747960286e+03	
164	7.222383888881929e+01	1.728342052176096e+03	
168	5.220519469277511e+01	1.646501593847325e+03	
% instance = 8, name = bbob_f014_i17_d20__bbob_f015_i18_d20
% function evaluation | 2 objectives 
1	3.424137765586768e+01	1.217210717106261e+03	
5	1.555252102575918e+02	1.016027082268461e+03	
25	2.233726164803761e+02	7.455327221652058e+02	
34	2.354544505951696e+02	6.161597286450116e+02	
46	1.156019395696273e+02	1.089010052333786e+03	
54	2.129613749880136e+02	6.942613366378016e+02	
55	8.154353635481641e+01	7.294355357715395e+02	
100	1.824776688015342e+02	5.791540987803744e+02	
116	3.264846666781007e+02	5.375246865396060e+02	
126	2.011760317494037e+02	4.190200955607013e+02	
194	7.964690529762767e+01	1.183838718193701e+03	
% instance = 9, name = bbob_f014_i19_d20__bbob_f015_i21_d20
% function evaluation | 2 objectives 
1	1.617903779526177e+02	4.300419590756721e+03	
2	2.357319834564277e+02	3.519780270274316e+03	
3	4.766232102556298e+02	1.753825859154642e+03	
5	3.663809444283620e+02	2.233598441437449e+03	
6	1.591445030706454e+02	2.770808644854550e+03	
8	9.234981952341191e+01	4.750341612337395e+03	
10	2.765554423815174e+02	1.482336696539853e+03	
16	1.029216439374593e+02	3.460093583230286e+03	
18	2.257034294392638e+02	1.897343440052166e+03	
20	2.995121440552205e+02	1.351502758544618e+03	
21	1.018738963085436e+02	3.690571154770940e+03	
31	9.468230553491151e+01	1.963511743145246e+03	
35	8.929431177926008e+01	1.303616013648003e+03	
39	3.580016167850205e+02	1.026690158455807e+03	
44	1.604304520156664e+02	1.224351804095543e+03	
56	7.702096051358876e+01	3.481746279955533e+03	
73	3.630099992629109e+02	6.749664244140063e+02	
133	8.805479747249038e+01	3.270942970951791e+03	
180	2.381317918946555e+02	9.552617020807007e+02	
197	3.219871502793188e+02	5.252229073027593e+02	
% instance = 10, name = bbob_f014_i21_d20__bbob_f015_i22_d20
% function evaluation | 2 objectives 
1	2.165035359261015e+02	2.376710994111103e+03	
2	2.555893106828415e+02	1.655976899498906e+03	
6	1.952585975488321e+02	5.371511021629512e+03	
8	7.737922629849334e+01	2.302816844037991e+03	
14	1.107541027866497e+02	2.157997966771823e+03	
16	1.630055497022731e+02	1.558290126693278e+03	
18	1.944500569687021e+02	1.480557759356950e+03	
32	1.115021835095787e+02	2.125024529849062e+03	
42	1.250652291671925e+02	1.750332028624015e+03	
43	1.287224010195531e+02	1.472055580570806e+03	
44	5.007717391963436e+01	1.830515947996657e+03	
47	7.872467846983739e+01	1.275653265771003e+03	
74	1.502380399516263e+02	7.766074196919982e+02	
