% function evaluation | noise-free fitness - Fopt (1.491500000000e+02) | best noise-free fitness - Fopt | measured fitness | best measured fitness | x1 | x2...
1 +2.902929287e+05 +2.902929287e+05 +2.904420787e+05 +2.904420787e+05 +3.6984e+00 +1.1787e+00 +2.1331e+00 -1.5447e+00 +3.2123e+00 +1.0097e+00 -8.5655e-01 +7.0947e-02 +3.0123e+00 +1.5050e-02
2 +1.411893043e+05 +1.411893043e+05 +1.413384543e+05 +1.413384543e+05 -5.0150e-01 +6.4328e-01 -4.3597e+00 +2.2217e+00 +3.8513e-01 -3.6670e+00 -2.7578e+00 +3.4628e+00 +1.6864e+00 -3.2108e+00
5 +8.834857312e+04 +8.834857312e+04 +8.849772312e+04 +8.849772312e+04 -2.6679e+00 -1.2322e+00 -3.6820e+00 +4.5300e-01 -3.5204e+00 -3.8737e+00 +3.3869e+00 -3.0534e+00 +8.7957e-01 -1.5340e+00
10 +3.915350549e+04 +3.915350549e+04 +3.930265549e+04 +3.930265549e+04 -2.1277e+00 -3.8001e+00 -1.6285e+00 +4.2534e+00 -3.7688e-01 +1.0537e+00 -4.2138e+00 -3.8532e-01 +1.1566e+00 +5.8503e-01
% function evaluation | noise-free fitness - Fopt (-1.000000000000e+03) | best noise-free fitness - Fopt | measured fitness | best measured fitness | x1 | x2...
1 +4.660694803e+05 +4.660694803e+05 +4.650694803e+05 +4.650694803e+05 +3.6984e+00 +1.1787e+00 +2.1331e+00 -1.5447e+00 +3.2123e+00 +1.0097e+00 -8.5655e-01 +7.0947e-02 +3.0123e+00 +1.5050e-02
2 +2.178480205e+05 +2.178480205e+05 +2.168480205e+05 +2.168480205e+05 -5.0150e-01 +6.4328e-01 -4.3597e+00 +2.2217e+00 +3.8513e-01 -3.6670e+00 -2.7578e+00 +3.4628e+00 +1.6864e+00 -3.2108e+00
4 +9.183035895e+04 +9.183035895e+04 +9.083035895e+04 +9.083035895e+04 -3.7957e+00 +3.2599e+00 +6.0806e-02 -3.8838e+00 -4.7703e+00 -4.0203e+00 +1.7238e+00 +2.4074e+00 +1.8027e+00 -1.7794e+00
39 +3.478701734e+04 +3.478701734e+04 +3.378701734e+04 +3.378701734e+04 -7.5780e-01 -1.1157e-01 +7.3709e-01 -4.6407e+00 -2.6740e+00 -4.5940e+00 -3.1744e+00 -1.3496e+00 -1.4738e+00 +2.6441e+00
