% function evaluation | noise-free fitness - Fopt (-4.257500000000e+02) | best noise-free fitness - Fopt | measured fitness | best measured fitness | x1 | x2...
1 +3.173479364e+05 +3.173479364e+05 +3.169221864e+05 +3.169221864e+05 +3.6984e+00 +1.1787e+00 +2.1331e+00 -1.5447e+00 +3.2123e+00 +1.0097e+00 -8.5655e-01 +7.0947e-02 +3.0123e+00 +1.5050e-02
5 +1.106806891e+05 +1.106806891e+05 +1.102549391e+05 +1.102549391e+05 -2.6679e+00 -1.2322e+00 -3.6820e+00 +4.5300e-01 -3.5204e+00 -3.8737e+00 +3.3869e+00 -3.0534e+00 +8.7957e-01 -1.5340e+00
8 +5.622235560e+04 +5.622235560e+04 +5.579660560e+04 +5.579660560e+04 +1.9460e+00 -9.4486e-01 -3.2559e+00 -1.1383e+00 +2.4925e+00 -2.5095e+00 +8.0383e-01 -4.7298e+00 +8.8745e-01 +3.8622e+00
91 +3.526353748e+04 +3.526353748e+04 +3.483778748e+04 +3.483778748e+04 -2.7233e+00 +4.1322e+00 +1.2122e+00 -6.2887e-01 +3.8728e+00 -4.5817e+00 +7.4960e-01 -8.0148e-01 -1.0138e+00 -4.2586e+00
94 +2.358515848e+04 +2.358515848e+04 +2.315940848e+04 +2.315940848e+04 -7.2479e-01 -8.2692e-01 -1.1018e+00 -4.9368e+00 +5.1692e-02 -1.3804e+00 +3.3787e+00 -2.8906e+00 -2.2001e+00 -3.2303e+00
% function evaluation | noise-free fitness - Fopt (-2.209000000000e+02) | best noise-free fitness - Fopt | measured fitness | best measured fitness | x1 | x2...
1 +1.113514473e+05 +1.113514473e+05 +1.111305473e+05 +1.111305473e+05 +3.6984e+00 +1.1787e+00 +2.1331e+00 -1.5447e+00 +3.2123e+00 +1.0097e+00 -8.5655e-01 +7.0947e-02 +3.0123e+00 +1.5050e-02
2 +5.608124190e+04 +5.608124190e+04 +5.586034190e+04 +5.586034190e+04 -5.0150e-01 +6.4328e-01 -4.3597e+00 +2.2217e+00 +3.8513e-01 -3.6670e+00 -2.7578e+00 +3.4628e+00 +1.6864e+00 -3.2108e+00
10 +2.867036460e+04 +2.867036460e+04 +2.844946460e+04 +2.844946460e+04 -2.1277e+00 -3.8001e+00 -1.6285e+00 +4.2534e+00 -3.7688e-01 +1.0537e+00 -4.2138e+00 -3.8532e-01 +1.1566e+00 +5.8503e-01
33 +3.397830117e+03 +3.397830117e+03 +3.176930117e+03 +3.176930117e+03 -4.6348e-01 -1.2142e+00 -1.8215e+00 +2.4228e+00 +1.5386e+00 +2.7974e+00 -1.3636e+00 +3.9759e+00 +3.3439e+00 +1.6748e+00
% function evaluation | noise-free fitness - Fopt (-3.594800000000e+02) | best noise-free fitness - Fopt | measured fitness | best measured fitness | x1 | x2...
1 +3.529662152e+05 +3.529662152e+05 +3.526067352e+05 +3.526067352e+05 +3.6984e+00 +1.1787e+00 +2.1331e+00 -1.5447e+00 +3.2123e+00 +1.0097e+00 -8.5655e-01 +7.0947e-02 +3.0123e+00 +1.5050e-02
2 +1.564725543e+05 +1.564725543e+05 +1.561130743e+05 +1.561130743e+05 -5.0150e-01 +6.4328e-01 -4.3597e+00 +2.2217e+00 +3.8513e-01 -3.6670e+00 -2.7578e+00 +3.4628e+00 +1.6864e+00 -3.2108e+00
26 +6.573644329e+04 +6.573644329e+04 +6.537696329e+04 +6.537696329e+04 -4.9593e+00 -2.3553e+00 -4.7812e-01 +2.9855e+00 +2.7789e+00 -4.6047e+00 -3.7758e+00 +3.8020e+00 -1.4761e+00 -7.6161e-01
35 +6.219836226e+04 +6.219836226e+04 +6.183888226e+04 +6.183888226e+04 -3.9024e-01 -2.8740e+00 -2.2689e+00 +1.2948e+00 +1.4631e+00 -2.0998e+00 -3.3686e+00 +6.3188e-01 -2.8744e+00 -3.8943e-01
66 +1.213755401e+04 +1.213755401e+04 +1.177807401e+04 +1.177807401e+04 -3.5116e+00 -3.5025e+00 +3.2925e+00 -2.3709e+00 +1.8350e+00 -3.3833e+00 -1.1747e+00 +1.8524e+00 +2.6345e+00 +1.1008e+00
% function evaluation | noise-free fitness - Fopt (2.748000000000e+01) | best noise-free fitness - Fopt | measured fitness | best measured fitness | x1 | x2...
1 +9.209943049e+04 +9.209943049e+04 +9.212691049e+04 +9.212691049e+04 +3.6984e+00 +1.1787e+00 +2.1331e+00 -1.5447e+00 +3.2123e+00 +1.0097e+00 -8.5655e-01 +7.0947e-02 +3.0123e+00 +1.5050e-02
8 +5.999299359e+04 +5.999299359e+04 +6.002047359e+04 +6.002047359e+04 +1.9460e+00 -9.4486e-01 -3.2559e+00 -1.1383e+00 +2.4925e+00 -2.5095e+00 +8.0383e-01 -4.7298e+00 +8.8745e-01 +3.8622e+00
12 +3.514223809e+04 +3.514223809e+04 +3.516971809e+04 +3.516971809e+04 +2.4054e+00 +1.4662e+00 +3.7271e+00 -3.6561e+00 -9.0829e-01 +1.6897e-01 +1.9600e-01 -3.3165e+00 -3.0456e+00 +1.5240e+00
30 +1.577696199e+04 +1.577696199e+04 +1.580444199e+04 +1.580444199e+04 +2.2036e+00 +9.8612e-01 +1.5909e+00 -4.9250e+00 +1.2844e+00 -4.8487e+00 +3.7483e+00 +2.9109e+00 -9.4389e-01 -1.5703e-01
% function evaluation | noise-free fitness - Fopt (3.609000000000e+01) | best noise-free fitness - Fopt | measured fitness | best measured fitness | x1 | x2...
1 +2.816781873e+05 +2.816781873e+05 +2.817142773e+05 +2.817142773e+05 +3.6984e+00 +1.1787e+00 +2.1331e+00 -1.5447e+00 +3.2123e+00 +1.0097e+00 -8.5655e-01 +7.0947e-02 +3.0123e+00 +1.5050e-02
3 +1.546832530e+05 +1.546832530e+05 +1.547193430e+05 +1.547193430e+05 +3.8016e+00 +3.0902e+00 +2.0526e+00 -3.0628e-01 -3.1270e+00 +3.0911e+00 -1.3802e-01 -4.1175e+00 +9.9079e-01 -1.7322e+00
8 +7.301789281e+04 +7.301789281e+04 +7.305398281e+04 +7.305398281e+04 +1.9460e+00 -9.4486e-01 -3.2559e+00 -1.1383e+00 +2.4925e+00 -2.5095e+00 +8.0383e-01 -4.7298e+00 +8.8745e-01 +3.8622e+00
19 +1.749188201e+04 +1.749188201e+04 +1.752797201e+04 +1.752797201e+04 -3.4719e+00 +3.9557e-01 -2.8446e+00 +4.5067e+00 +3.2044e+00 +2.8560e+00 -1.4458e+00 -3.9359e+00 -4.0909e+00 +1.3651e+00
34 +1.556496384e+04 +1.556496384e+04 +1.560105384e+04 +1.560105384e+04 -6.3943e-01 +1.6363e-01 -3.4782e+00 -4.1129e-01 -4.0606e-01 -3.4226e-01 -3.8379e+00 -7.8617e-01 -4.4380e+00 -2.7828e+00
