% function evaluation | noise-free fitness - Fopt (-3.175000000000e+01) | best noise-free fitness - Fopt | measured fitness | best measured fitness | x1 | x2...
1 +1.963646235e+07 +1.963646235e+07 +1.963643060e+07 +1.963643060e+07 +3.6984e+00 +1.1787e+00 +2.1331e+00 -1.5447e+00 +3.2123e+00 +1.0097e+00 -8.5655e-01 +7.0947e-02 +3.0123e+00 +1.5050e-02 -5.0150e-01 +6.4328e-01 -4.3597e+00 +2.2217e+00 +3.8513e-01 -3.6670e+00 -2.7578e+00 +3.4628e+00 +1.6864e+00 -3.2108e+00
4 +8.263769539e+06 +8.263769539e+06 +8.263737789e+06 +8.263737789e+06 +4.6560e+00 -4.6556e+00 -4.3050e+00 +4.2233e+00 +4.2652e+00 +3.9650e+00 -3.9738e+00 +2.9711e+00 +4.2334e+00 -4.9474e+00 +1.9460e+00 -9.4486e-01 -3.2559e+00 -1.1383e+00 +2.4925e+00 -2.5095e+00 +8.0383e-01 -4.7298e+00 +8.8745e-01 +3.8622e+00
10 +3.570840897e+06 +3.570840897e+06 +3.570809147e+06 +3.570809147e+06 -3.4719e+00 +3.9557e-01 -2.8446e+00 +4.5067e+00 +3.2044e+00 +2.8560e+00 -1.4458e+00 -3.9359e+00 -4.0909e+00 +1.3651e+00 -1.1718e+00 +3.8359e+00 +1.8714e+00 -3.1091e+00 -4.8695e+00 +4.1803e+00 -4.9001e+00 -3.5422e+00 +2.1031e+00 -1.8608e+00
46 +1.706984261e+06 +1.706984261e+06 +1.706952511e+06 +1.706952511e+06 -2.7233e+00 +4.1322e+00 +1.2122e+00 -6.2887e-01 +3.8728e+00 -4.5817e+00 +7.4960e-01 -8.0148e-01 -1.0138e+00 -4.2586e+00 -1.8802e-03 +3.5071e+00 -1.3078e+00 -6.3364e-02 +1.2853e+00 +5.0184e-01 -1.0603e+00 +1.3823e+00 -3.4474e+00 +1.5078e+00
% function evaluation | noise-free fitness - Fopt (5.432000000000e+01) | best noise-free fitness - Fopt | measured fitness | best measured fitness | x1 | x2...
1 +7.083642853e+06 +7.083642853e+06 +7.083697173e+06 +7.083697173e+06 +3.6984e+00 +1.1787e+00 +2.1331e+00 -1.5447e+00 +3.2123e+00 +1.0097e+00 -8.5655e-01 +7.0947e-02 +3.0123e+00 +1.5050e-02 -5.0150e-01 +6.4328e-01 -4.3597e+00 +2.2217e+00 +3.8513e-01 -3.6670e+00 -2.7578e+00 +3.4628e+00 +1.6864e+00 -3.2108e+00
2 +4.950572465e+06 +4.950572465e+06 +4.950626785e+06 +4.950626785e+06 +3.8016e+00 +3.0902e+00 +2.0526e+00 -3.0628e-01 -3.1270e+00 +3.0911e+00 -1.3802e-01 -4.1175e+00 +9.9079e-01 -1.7322e+00 -3.7957e+00 +3.2599e+00 +6.0806e-02 -3.8838e+00 -4.7703e+00 -4.0203e+00 +1.7238e+00 +2.4074e+00 +1.8027e+00 -1.7794e+00
6 +2.578199167e+06 +2.578199167e+06 +2.578253487e+06 +2.578253487e+06 +3.8828e+00 -1.1870e+00 +1.6380e+00 +3.8079e+00 -4.8715e+00 +3.3393e+00 -1.0053e+00 -3.8455e+00 -4.0750e+00 +2.6397e+00 +2.4054e+00 +1.4662e+00 +3.7271e+00 -3.6561e+00 -9.0829e-01 +1.6897e-01 +1.9600e-01 -3.3165e+00 -3.0456e+00 +1.5240e+00
61 +2.215483572e+06 +2.215483572e+06 +2.215537892e+06 +2.215537892e+06 -1.3917e+00 +3.5897e+00 +1.9687e+00 +1.3176e+00 +4.8593e-01 +8.9325e-01 +4.9447e+00 -3.5689e-01 -4.7733e+00 +3.8220e-01 +1.0343e+00 +1.9273e+00 +1.6192e+00 -3.6633e+00 -6.8033e-01 -3.5874e+00 +1.3798e+00 +2.7304e+00 +3.4348e+00 +3.8338e+00
% function evaluation | noise-free fitness - Fopt (4.052000000000e+01) | best noise-free fitness - Fopt | measured fitness | best measured fitness | x1 | x2...
1 +8.641497562e+06 +8.641497562e+06 +8.641538082e+06 +8.641538082e+06 +3.6984e+00 +1.1787e+00 +2.1331e+00 -1.5447e+00 +3.2123e+00 +1.0097e+00 -8.5655e-01 +7.0947e-02 +3.0123e+00 +1.5050e-02 -5.0150e-01 +6.4328e-01 -4.3597e+00 +2.2217e+00 +3.8513e-01 -3.6670e+00 -2.7578e+00 +3.4628e+00 +1.6864e+00 -3.2108e+00
2 +4.742814057e+06 +4.742814057e+06 +4.742854577e+06 +4.742854577e+06 +3.8016e+00 +3.0902e+00 +2.0526e+00 -3.0628e-01 -3.1270e+00 +3.0911e+00 -1.3802e-01 -4.1175e+00 +9.9079e-01 -1.7322e+00 -3.7957e+00 +3.2599e+00 +6.0806e-02 -3.8838e+00 -4.7703e+00 -4.0203e+00 +1.7238e+00 +2.4074e+00 +1.8027e+00 -1.7794e+00
10 +3.572962727e+06 +3.572962727e+06 +3.573003247e+06 +3.573003247e+06 -3.4719e+00 +3.9557e-01 -2.8446e+00 +4.5067e+00 +3.2044e+00 +2.8560e+00 -1.4458e+00 -3.9359e+00 -4.0909e+00 +1.3651e+00 -1.1718e+00 +3.8359e+00 +1.8714e+00 -3.1091e+00 -4.8695e+00 +4.1803e+00 -4.9001e+00 -3.5422e+00 +2.1031e+00 -1.8608e+00
% function evaluation | noise-free fitness - Fopt (-1.184900000000e+02) | best noise-free fitness - Fopt | measured fitness | best measured fitness | x1 | x2...
1 +3.813169687e+07 +3.813169687e+07 +3.813157838e+07 +3.813157838e+07 +3.6984e+00 +1.1787e+00 +2.1331e+00 -1.5447e+00 +3.2123e+00 +1.0097e+00 -8.5655e-01 +7.0947e-02 +3.0123e+00 +1.5050e-02 -5.0150e-01 +6.4328e-01 -4.3597e+00 +2.2217e+00 +3.8513e-01 -3.6670e+00 -2.7578e+00 +3.4628e+00 +1.6864e+00 -3.2108e+00
3 +5.672600711e+06 +5.672600711e+06 +5.672482221e+06 +5.672482221e+06 -2.6679e+00 -1.2322e+00 -3.6820e+00 +4.5300e-01 -3.5204e+00 -3.8737e+00 +3.3869e+00 -3.0534e+00 +8.7957e-01 -1.5340e+00 -4.7361e-01 +2.2285e+00 -7.2479e-01 -2.2236e+00 -2.4504e+00 +2.6317e+00 -4.5239e+00 +3.5344e+00 -3.2576e-01 -4.4305e+00
58 +3.214798999e+06 +3.214798999e+06 +3.214680509e+06 +3.214680509e+06 -4.2756e-01 +2.6690e+00 -4.2579e+00 -1.5613e+00 +7.7503e-01 -4.9958e+00 +1.7784e+00 +1.9698e+00 -3.5460e+00 -2.6438e+00 +1.1548e+00 +3.3292e+00 +1.8383e+00 +3.0116e+00 -4.3972e+00 +3.2521e+00 -4.3499e+00 -9.2214e-01 -3.1302e+00 -1.9841e+00
% function evaluation | noise-free fitness - Fopt (2.810000000000e+01) | best noise-free fitness - Fopt | measured fitness | best measured fitness | x1 | x2...
1 +1.920211901e+07 +1.920211901e+07 +1.920214711e+07 +1.920214711e+07 +3.6984e+00 +1.1787e+00 +2.1331e+00 -1.5447e+00 +3.2123e+00 +1.0097e+00 -8.5655e-01 +7.0947e-02 +3.0123e+00 +1.5050e-02 -5.0150e-01 +6.4328e-01 -4.3597e+00 +2.2217e+00 +3.8513e-01 -3.6670e+00 -2.7578e+00 +3.4628e+00 +1.6864e+00 -3.2108e+00
3 +8.549427617e+06 +8.549427617e+06 +8.549455717e+06 +8.549455717e+06 -2.6679e+00 -1.2322e+00 -3.6820e+00 +4.5300e-01 -3.5204e+00 -3.8737e+00 +3.3869e+00 -3.0534e+00 +8.7957e-01 -1.5340e+00 -4.7361e-01 +2.2285e+00 -7.2479e-01 -2.2236e+00 -2.4504e+00 +2.6317e+00 -4.5239e+00 +3.5344e+00 -3.2576e-01 -4.4305e+00
4 +4.589719693e+06 +4.589719693e+06 +4.589747793e+06 +4.589747793e+06 +4.6560e+00 -4.6556e+00 -4.3050e+00 +4.2233e+00 +4.2652e+00 +3.9650e+00 -3.9738e+00 +2.9711e+00 +4.2334e+00 -4.9474e+00 +1.9460e+00 -9.4486e-01 -3.2559e+00 -1.1383e+00 +2.4925e+00 -2.5095e+00 +8.0383e-01 -4.7298e+00 +8.8745e-01 +3.8622e+00
6 +3.564294492e+06 +3.564294492e+06 +3.564322592e+06 +3.564322592e+06 +3.8828e+00 -1.1870e+00 +1.6380e+00 +3.8079e+00 -4.8715e+00 +3.3393e+00 -1.0053e+00 -3.8455e+00 -4.0750e+00 +2.6397e+00 +2.4054e+00 +1.4662e+00 +3.7271e+00 -3.6561e+00 -9.0829e-01 +1.6897e-01 +1.9600e-01 -3.3165e+00 -3.0456e+00 +1.5240e+00
16 +1.487256894e+06 +1.487256894e+06 +1.487284994e+06 +1.487284994e+06 +2.3183e+00 -4.7614e+00 -2.6018e+00 +2.6097e+00 +2.1237e+00 -1.3652e+00 +3.6204e-01 -1.6886e+00 -2.9395e+00 +2.1651e+00 -4.3870e+00 -4.9192e+00 +3.8791e+00 +2.7267e-01 +2.8341e+00 -7.4496e-02 +4.3375e+00 -4.2943e+00 +2.5227e+00 -1.1147e+00
