% function evaluation | noise-free fitness - Fopt (-5.847300000000e+02) | best noise-free fitness - Fopt | measured fitness | best measured fitness | x1 | x2...
1 +3.343463854e+03 +3.343463854e+03 +2.758733854e+03 +2.758733854e+03 +3.6984e+00 +1.1787e+00 +2.1331e+00 -1.5447e+00 +3.2123e+00 +1.0097e+00 -8.5655e-01 +7.0947e-02 +3.0123e+00 +1.5050e-02 -5.0150e-01 +6.4328e-01 -4.3597e+00 +2.2217e+00 +3.8513e-01 -3.6670e+00 -2.7578e+00 +3.4628e+00 +1.6864e+00 -3.2108e+00
2 +1.884814635e+03 +1.884814635e+03 +1.300084635e+03 +1.300084635e+03 +3.8016e+00 +3.0902e+00 +2.0526e+00 -3.0628e-01 -3.1270e+00 +3.0911e+00 -1.3802e-01 -4.1175e+00 +9.9079e-01 -1.7322e+00 -3.7957e+00 +3.2599e+00 +6.0806e-02 -3.8838e+00 -4.7703e+00 -4.0203e+00 +1.7238e+00 +2.4074e+00 +1.8027e+00 -1.7794e+00
3 +1.140546536e+03 +1.140546536e+03 +5.558165363e+02 +5.558165363e+02 -2.6679e+00 -1.2322e+00 -3.6820e+00 +4.5300e-01 -3.5204e+00 -3.8737e+00 +3.3869e+00 -3.0534e+00 +8.7957e-01 -1.5340e+00 -4.7361e-01 +2.2285e+00 -7.2479e-01 -2.2236e+00 -2.4504e+00 +2.6317e+00 -4.5239e+00 +3.5344e+00 -3.2576e-01 -4.4305e+00
% function evaluation | noise-free fitness - Fopt (-3.654000000000e+01) | best noise-free fitness - Fopt | measured fitness | best measured fitness | x1 | x2...
1 +4.521301858e+03 +4.521301858e+03 +4.484761858e+03 +4.484761858e+03 +3.6984e+00 +1.1787e+00 +2.1331e+00 -1.5447e+00 +3.2123e+00 +1.0097e+00 -8.5655e-01 +7.0947e-02 +3.0123e+00 +1.5050e-02 -5.0150e-01 +6.4328e-01 -4.3597e+00 +2.2217e+00 +3.8513e-01 -3.6670e+00 -2.7578e+00 +3.4628e+00 +1.6864e+00 -3.2108e+00
2 +2.780998163e+03 +2.780998163e+03 +2.744458163e+03 +2.744458163e+03 +3.8016e+00 +3.0902e+00 +2.0526e+00 -3.0628e-01 -3.1270e+00 +3.0911e+00 -1.3802e-01 -4.1175e+00 +9.9079e-01 -1.7322e+00 -3.7957e+00 +3.2599e+00 +6.0806e-02 -3.8838e+00 -4.7703e+00 -4.0203e+00 +1.7238e+00 +2.4074e+00 +1.8027e+00 -1.7794e+00
3 +1.683022347e+03 +1.683022347e+03 +1.646482347e+03 +1.646482347e+03 -2.6679e+00 -1.2322e+00 -3.6820e+00 +4.5300e-01 -3.5204e+00 -3.8737e+00 +3.3869e+00 -3.0534e+00 +8.7957e-01 -1.5340e+00 -4.7361e-01 +2.2285e+00 -7.2479e-01 -2.2236e+00 -2.4504e+00 +2.6317e+00 -4.5239e+00 +3.5344e+00 -3.2576e-01 -4.4305e+00
20 +1.462117220e+03 +1.462117220e+03 +1.425577220e+03 +1.425577220e+03 -7.5780e-01 -1.1157e-01 +7.3709e-01 -4.6407e+00 -2.6740e+00 -4.5940e+00 -3.1744e+00 -1.3496e+00 -1.4738e+00 +2.6441e+00 -3.7722e+00 +4.2144e+00 -2.0379e+00 +4.6783e+00 -8.7739e-01 +1.0890e+00 +2.2344e-01 +2.6992e+00 +1.5822e+00 -4.8664e+00
47 +9.199991590e+02 +9.199991590e+02 +8.834591590e+02 +8.834591590e+02 -1.0575e+00 -2.4050e+00 -1.6355e+00 -4.1741e+00 -2.7969e+00 +8.1521e-01 +1.5144e+00 -3.6285e+00 +4.0245e-01 +2.0038e+00 -7.2479e-01 -8.2692e-01 -1.1018e+00 -4.9368e+00 +5.1692e-02 -1.3804e+00 +3.3787e+00 -2.8906e+00 -2.2001e+00 -3.2303e+00
% function evaluation | noise-free fitness - Fopt (1.000000000000e+03) | best noise-free fitness - Fopt | measured fitness | best measured fitness | x1 | x2...
1 +2.139345445e+03 +2.139345445e+03 +3.139345445e+03 +3.139345445e+03 +3.6984e+00 +1.1787e+00 +2.1331e+00 -1.5447e+00 +3.2123e+00 +1.0097e+00 -8.5655e-01 +7.0947e-02 +3.0123e+00 +1.5050e-02 -5.0150e-01 +6.4328e-01 -4.3597e+00 +2.2217e+00 +3.8513e-01 -3.6670e+00 -2.7578e+00 +3.4628e+00 +1.6864e+00 -3.2108e+00
3 +1.483425758e+03 +1.483425758e+03 +2.483425758e+03 +2.483425758e+03 -2.6679e+00 -1.2322e+00 -3.6820e+00 +4.5300e-01 -3.5204e+00 -3.8737e+00 +3.3869e+00 -3.0534e+00 +8.7957e-01 -1.5340e+00 -4.7361e-01 +2.2285e+00 -7.2479e-01 -2.2236e+00 -2.4504e+00 +2.6317e+00 -4.5239e+00 +3.5344e+00 -3.2576e-01 -4.4305e+00
28 +9.651812468e+02 +9.651812468e+02 +1.965181247e+03 +1.965181247e+03 +5.4614e-01 -3.0977e-01 +8.1796e-01 +9.0493e-01 -1.9825e+00 -3.6743e+00 +3.0444e+00 +1.2164e+00 +3.5955e+00 -1.8303e+00 +1.9040e+00 -3.8622e-01 -3.3380e+00 +3.3910e+00 -1.0533e+00 -6.7269e-01 -1.9267e+00 +4.5029e+00 -8.4398e-01 +1.7211e+00
% function evaluation | noise-free fitness - Fopt (4.661000000000e+01) | best noise-free fitness - Fopt | measured fitness | best measured fitness | x1 | x2...
1 +4.460290260e+03 +4.460290260e+03 +4.506900260e+03 +4.506900260e+03 +3.6984e+00 +1.1787e+00 +2.1331e+00 -1.5447e+00 +3.2123e+00 +1.0097e+00 -8.5655e-01 +7.0947e-02 +3.0123e+00 +1.5050e-02 -5.0150e-01 +6.4328e-01 -4.3597e+00 +2.2217e+00 +3.8513e-01 -3.6670e+00 -2.7578e+00 +3.4628e+00 +1.6864e+00 -3.2108e+00
2 +3.082530470e+03 +3.082530470e+03 +3.129140470e+03 +3.129140470e+03 +3.8016e+00 +3.0902e+00 +2.0526e+00 -3.0628e-01 -3.1270e+00 +3.0911e+00 -1.3802e-01 -4.1175e+00 +9.9079e-01 -1.7322e+00 -3.7957e+00 +3.2599e+00 +6.0806e-02 -3.8838e+00 -4.7703e+00 -4.0203e+00 +1.7238e+00 +2.4074e+00 +1.8027e+00 -1.7794e+00
3 +1.177729769e+03 +1.177729769e+03 +1.224339769e+03 +1.224339769e+03 -2.6679e+00 -1.2322e+00 -3.6820e+00 +4.5300e-01 -3.5204e+00 -3.8737e+00 +3.3869e+00 -3.0534e+00 +8.7957e-01 -1.5340e+00 -4.7361e-01 +2.2285e+00 -7.2479e-01 -2.2236e+00 -2.4504e+00 +2.6317e+00 -4.5239e+00 +3.5344e+00 -3.2576e-01 -4.4305e+00
% function evaluation | noise-free fitness - Fopt (-2.643100000000e+02) | best noise-free fitness - Fopt | measured fitness | best measured fitness | x1 | x2...
1 +2.907481017e+03 +2.907481017e+03 +2.643171017e+03 +2.643171017e+03 +3.6984e+00 +1.1787e+00 +2.1331e+00 -1.5447e+00 +3.2123e+00 +1.0097e+00 -8.5655e-01 +7.0947e-02 +3.0123e+00 +1.5050e-02 -5.0150e-01 +6.4328e-01 -4.3597e+00 +2.2217e+00 +3.8513e-01 -3.6670e+00 -2.7578e+00 +3.4628e+00 +1.6864e+00 -3.2108e+00
2 +1.740722073e+03 +1.740722073e+03 +1.476412073e+03 +1.476412073e+03 +3.8016e+00 +3.0902e+00 +2.0526e+00 -3.0628e-01 -3.1270e+00 +3.0911e+00 -1.3802e-01 -4.1175e+00 +9.9079e-01 -1.7322e+00 -3.7957e+00 +3.2599e+00 +6.0806e-02 -3.8838e+00 -4.7703e+00 -4.0203e+00 +1.7238e+00 +2.4074e+00 +1.8027e+00 -1.7794e+00
3 +1.220685998e+03 +1.220685998e+03 +9.563759977e+02 +9.563759977e+02 -2.6679e+00 -1.2322e+00 -3.6820e+00 +4.5300e-01 -3.5204e+00 -3.8737e+00 +3.3869e+00 -3.0534e+00 +8.7957e-01 -1.5340e+00 -4.7361e-01 +2.2285e+00 -7.2479e-01 -2.2236e+00 -2.4504e+00 +2.6317e+00 -4.5239e+00 +3.5344e+00 -3.2576e-01 -4.4305e+00
83 +8.769027642e+02 +8.769027642e+02 +6.125927642e+02 +6.125927642e+02 -2.8564e+00 -4.5727e+00 +2.9756e+00 +1.7048e+00 -6.6754e-01 +1.8368e+00 -3.1148e+00 -3.4012e+00 -3.5932e+00 +3.9085e-02 -1.1509e+00 -3.0706e+00 -3.9428e-01 -3.7681e+00 +6.5343e-02 -1.6281e+00 +1.2215e+00 -3.2471e+00 +2.3186e+00 -1.3680e+00
