% function evaluation | noise-free fitness - Fopt (-4.620900000000e+02) | best noise-free fitness - Fopt | measured fitness | best measured fitness | x1 | x2...
1 +1.690392096e+03 +1.690392096e+03 +1.228302096e+03 +1.228302096e+03 +3.6984e+00 +1.1787e+00 +2.1331e+00 -1.5447e+00 +3.2123e+00 +1.0097e+00 -8.5655e-01 +7.0947e-02 +3.0123e+00 +1.5050e-02 -5.0150e-01 +6.4328e-01 -4.3597e+00 +2.2217e+00 +3.8513e-01 -3.6670e+00 -2.7578e+00 +3.4628e+00 +1.6864e+00 -3.2108e+00
12 +1.491329064e+03 +1.491329064e+03 +1.029239064e+03 +1.029239064e+03 -3.2989e+00 +1.6448e+00 +1.8198e+00 +2.0942e-01 +1.8632e+00 +4.0093e+00 -1.3215e+00 +4.3981e+00 -3.4588e+00 -4.6136e+00 -1.4208e+00 +4.0558e-02 -3.9965e+00 +3.0589e+00 -6.5893e-01 -2.9457e+00 -4.6390e+00 +4.5621e+00 -4.2239e+00 -3.9365e-01
% function evaluation | noise-free fitness - Fopt (7.766000000000e+01) | best noise-free fitness - Fopt | measured fitness | best measured fitness | x1 | x2...
1 +3.535441040e+03 +3.535441040e+03 +3.613101040e+03 +3.613101040e+03 +3.6984e+00 +1.1787e+00 +2.1331e+00 -1.5447e+00 +3.2123e+00 +1.0097e+00 -8.5655e-01 +7.0947e-02 +3.0123e+00 +1.5050e-02 -5.0150e-01 +6.4328e-01 -4.3597e+00 +2.2217e+00 +3.8513e-01 -3.6670e+00 -2.7578e+00 +3.4628e+00 +1.6864e+00 -3.2108e+00
7 +2.216061102e+03 +2.216061102e+03 +2.293721102e+03 +2.293721102e+03 +2.0033e+00 -2.6516e+00 -4.7740e+00 -2.9879e+00 +2.3158e+00 +2.9826e+00 +2.1466e+00 -3.9937e+00 -2.5674e+00 -4.0520e+00 -3.2085e+00 +3.8712e+00 -3.8887e+00 +1.7920e+00 -3.7272e+00 +3.4466e+00 -4.7782e+00 +4.3807e+00 -1.3294e+00 +8.3550e-02
13 +1.557338423e+03 +1.557338423e+03 +1.634998423e+03 +1.634998423e+03 +2.4991e+00 -1.9384e+00 -4.7756e+00 +3.6361e+00 -3.7279e+00 +2.1136e+00 +4.9934e-01 +2.7093e+00 -3.4274e+00 -4.3980e+00 -4.9593e+00 -2.3553e+00 -4.7812e-01 +2.9855e+00 +2.7789e+00 -4.6047e+00 -3.7758e+00 +3.8020e+00 -1.4761e+00 -7.6161e-01
41 +8.592288902e+02 +8.592288902e+02 +9.368888902e+02 +9.368888902e+02 +3.8454e+00 +2.5948e+00 -2.1763e+00 +4.7606e+00 -1.2629e+00 -4.6498e-01 -1.2977e+00 -8.6372e-01 -3.2499e+00 -4.4530e+00 -2.2170e+00 -4.4733e+00 -1.7253e+00 +1.3704e+00 +2.1134e+00 +1.3643e-01 -2.8062e+00 -4.3562e-01 +1.8563e+00 -4.0291e+00
% function evaluation | noise-free fitness - Fopt (1.156800000000e+02) | best noise-free fitness - Fopt | measured fitness | best measured fitness | x1 | x2...
1 +1.578017365e+03 +1.578017365e+03 +1.693697365e+03 +1.693697365e+03 +3.6984e+00 +1.1787e+00 +2.1331e+00 -1.5447e+00 +3.2123e+00 +1.0097e+00 -8.5655e-01 +7.0947e-02 +3.0123e+00 +1.5050e-02 -5.0150e-01 +6.4328e-01 -4.3597e+00 +2.2217e+00 +3.8513e-01 -3.6670e+00 -2.7578e+00 +3.4628e+00 +1.6864e+00 -3.2108e+00
28 +8.478585456e+02 +8.478585456e+02 +9.635385456e+02 +9.635385456e+02 +5.4614e-01 -3.0977e-01 +8.1796e-01 +9.0493e-01 -1.9825e+00 -3.6743e+00 +3.0444e+00 +1.2164e+00 +3.5955e+00 -1.8303e+00 +1.9040e+00 -3.8622e-01 -3.3380e+00 +3.3910e+00 -1.0533e+00 -6.7269e-01 -1.9267e+00 +4.5029e+00 -8.4398e-01 +1.7211e+00
% function evaluation | noise-free fitness - Fopt (-3.710000000000e+00) | best noise-free fitness - Fopt | measured fitness | best measured fitness | x1 | x2...
1 +1.037091812e+03 +1.037091812e+03 +1.033381812e+03 +1.033381812e+03 +3.6984e+00 +1.1787e+00 +2.1331e+00 -1.5447e+00 +3.2123e+00 +1.0097e+00 -8.5655e-01 +7.0947e-02 +3.0123e+00 +1.5050e-02 -5.0150e-01 +6.4328e-01 -4.3597e+00 +2.2217e+00 +3.8513e-01 -3.6670e+00 -2.7578e+00 +3.4628e+00 +1.6864e+00 -3.2108e+00
2 +9.009482057e+02 +9.009482057e+02 +8.972382057e+02 +8.972382057e+02 +3.8016e+00 +3.0902e+00 +2.0526e+00 -3.0628e-01 -3.1270e+00 +3.0911e+00 -1.3802e-01 -4.1175e+00 +9.9079e-01 -1.7322e+00 -3.7957e+00 +3.2599e+00 +6.0806e-02 -3.8838e+00 -4.7703e+00 -4.0203e+00 +1.7238e+00 +2.4074e+00 +1.8027e+00 -1.7794e+00
% function evaluation | noise-free fitness - Fopt (1.321800000000e+02) | best noise-free fitness - Fopt | measured fitness | best measured fitness | x1 | x2...
1 +2.369200852e+03 +2.369200852e+03 +2.501380852e+03 +2.501380852e+03 +3.6984e+00 +1.1787e+00 +2.1331e+00 -1.5447e+00 +3.2123e+00 +1.0097e+00 -8.5655e-01 +7.0947e-02 +3.0123e+00 +1.5050e-02 -5.0150e-01 +6.4328e-01 -4.3597e+00 +2.2217e+00 +3.8513e-01 -3.6670e+00 -2.7578e+00 +3.4628e+00 +1.6864e+00 -3.2108e+00
2 +1.504421356e+03 +1.504421356e+03 +1.636601356e+03 +1.636601356e+03 +3.8016e+00 +3.0902e+00 +2.0526e+00 -3.0628e-01 -3.1270e+00 +3.0911e+00 -1.3802e-01 -4.1175e+00 +9.9079e-01 -1.7322e+00 -3.7957e+00 +3.2599e+00 +6.0806e-02 -3.8838e+00 -4.7703e+00 -4.0203e+00 +1.7238e+00 +2.4074e+00 +1.8027e+00 -1.7794e+00
