% function evaluation | noise-free fitness - Fopt (7.273000000000e+01) | best noise-free fitness - Fopt | measured fitness | best measured fitness | x1 | x2...
1 +2.804391374e+03 +2.804391374e+03 +2.877121374e+03 +2.877121374e+03 +3.6984e+00 +1.1787e+00 +2.1331e+00 -1.5447e+00 +3.2123e+00 +1.0097e+00 -8.5655e-01 +7.0947e-02 +3.0123e+00 +1.5050e-02 -5.0150e-01 +6.4328e-01 -4.3597e+00 +2.2217e+00 +3.8513e-01 -3.6670e+00 -2.7578e+00 +3.4628e+00 +1.6864e+00 -3.2108e+00
4 +1.746618661e+03 +1.746618661e+03 +1.819348661e+03 +1.819348661e+03 +4.6560e+00 -4.6556e+00 -4.3050e+00 +4.2233e+00 +4.2652e+00 +3.9650e+00 -3.9738e+00 +2.9711e+00 +4.2334e+00 -4.9474e+00 +1.9460e+00 -9.4486e-01 -3.2559e+00 -1.1383e+00 +2.4925e+00 -2.5095e+00 +8.0383e-01 -4.7298e+00 +8.8745e-01 +3.8622e+00
6 +1.147598800e+03 +1.147598800e+03 +1.220328800e+03 +1.220328800e+03 +3.8828e+00 -1.1870e+00 +1.6380e+00 +3.8079e+00 -4.8715e+00 +3.3393e+00 -1.0053e+00 -3.8455e+00 -4.0750e+00 +2.6397e+00 +2.4054e+00 +1.4662e+00 +3.7271e+00 -3.6561e+00 -9.0829e-01 +1.6897e-01 +1.9600e-01 -3.3165e+00 -3.0456e+00 +1.5240e+00
21 +9.064673335e+02 +9.064673335e+02 +9.791973335e+02 +9.791973335e+02 +2.3635e+00 -3.7720e+00 +1.2750e-01 +3.9834e+00 -4.6997e+00 +1.4501e+00 +7.2027e-01 -4.3013e+00 +1.6089e+00 -8.0913e-01 -3.3584e+00 -2.2052e+00 +4.3441e+00 +3.9047e-01 +2.6659e+00 -1.4712e+00 -2.8556e-01 -1.2209e+00 -4.6016e+00 +3.2024e+00
% function evaluation | noise-free fitness - Fopt (1.368700000000e+02) | best noise-free fitness - Fopt | measured fitness | best measured fitness | x1 | x2...
1 +3.972186136e+03 +3.972186136e+03 +4.109056136e+03 +4.109056136e+03 +3.6984e+00 +1.1787e+00 +2.1331e+00 -1.5447e+00 +3.2123e+00 +1.0097e+00 -8.5655e-01 +7.0947e-02 +3.0123e+00 +1.5050e-02 -5.0150e-01 +6.4328e-01 -4.3597e+00 +2.2217e+00 +3.8513e-01 -3.6670e+00 -2.7578e+00 +3.4628e+00 +1.6864e+00 -3.2108e+00
5 +1.308705996e+03 +1.308705996e+03 +1.445575996e+03 +1.445575996e+03 -4.3207e+00 +2.6995e-01 +3.7421e+00 -2.9507e+00 +8.7332e-01 +3.7811e+00 +1.8706e-02 +2.9112e+00 +3.4771e+00 -2.2954e+00 -2.1277e+00 -3.8001e+00 -1.6285e+00 +4.2534e+00 -3.7688e-01 +1.0537e+00 -4.2138e+00 -3.8532e-01 +1.1566e+00 +5.8503e-01
9 +8.332773793e+02 +8.332773793e+02 +9.701473793e+02 +9.701473793e+02 -1.4005e+00 +4.0279e+00 +1.8361e+00 +1.1928e+00 -1.5728e+00 +4.1318e+00 -7.8069e-02 +7.7819e-01 +3.4488e+00 +2.1785e+00 -2.2266e+00 -3.2690e+00 -4.1450e+00 -3.8735e-01 -3.4129e+00 +1.8991e+00 -1.4349e+00 -7.2981e-01 -4.5699e+00 -2.8152e+00
% function evaluation | noise-free fitness - Fopt (2.196000000000e+01) | best noise-free fitness - Fopt | measured fitness | best measured fitness | x1 | x2...
1 +1.466330336e+03 +1.466330336e+03 +1.488290336e+03 +1.488290336e+03 +3.6984e+00 +1.1787e+00 +2.1331e+00 -1.5447e+00 +3.2123e+00 +1.0097e+00 -8.5655e-01 +7.0947e-02 +3.0123e+00 +1.5050e-02 -5.0150e-01 +6.4328e-01 -4.3597e+00 +2.2217e+00 +3.8513e-01 -3.6670e+00 -2.7578e+00 +3.4628e+00 +1.6864e+00 -3.2108e+00
9 +9.636998953e+02 +9.636998953e+02 +9.856598953e+02 +9.856598953e+02 -1.4005e+00 +4.0279e+00 +1.8361e+00 +1.1928e+00 -1.5728e+00 +4.1318e+00 -7.8069e-02 +7.7819e-01 +3.4488e+00 +2.1785e+00 -2.2266e+00 -3.2690e+00 -4.1450e+00 -3.8735e-01 -3.4129e+00 +1.8991e+00 -1.4349e+00 -7.2981e-01 -4.5699e+00 -2.8152e+00
% function evaluation | noise-free fitness - Fopt (-2.139000000000e+01) | best noise-free fitness - Fopt | measured fitness | best measured fitness | x1 | x2...
1 +1.178541965e+03 +1.178541965e+03 +1.157151965e+03 +1.157151965e+03 +3.6984e+00 +1.1787e+00 +2.1331e+00 -1.5447e+00 +3.2123e+00 +1.0097e+00 -8.5655e-01 +7.0947e-02 +3.0123e+00 +1.5050e-02 -5.0150e-01 +6.4328e-01 -4.3597e+00 +2.2217e+00 +3.8513e-01 -3.6670e+00 -2.7578e+00 +3.4628e+00 +1.6864e+00 -3.2108e+00
23 +8.629114297e+02 +8.629114297e+02 +8.415214297e+02 +8.415214297e+02 -1.5341e+00 +4.2615e+00 -4.1713e+00 +2.8304e+00 +3.9071e+00 -1.2203e+00 -2.0949e+00 -2.4052e+00 +3.4758e+00 -3.6235e+00 +9.4410e-01 +1.5421e+00 -2.8908e+00 -2.1468e+00 -4.7603e+00 +3.1889e+00 -1.2778e+00 +5.2423e-01 -2.3643e+00 -1.3265e-02
% function evaluation | noise-free fitness - Fopt (5.176600000000e+02) | best noise-free fitness - Fopt | measured fitness | best measured fitness | x1 | x2...
1 +1.745868350e+03 +1.745868350e+03 +2.263528350e+03 +2.263528350e+03 +3.6984e+00 +1.1787e+00 +2.1331e+00 -1.5447e+00 +3.2123e+00 +1.0097e+00 -8.5655e-01 +7.0947e-02 +3.0123e+00 +1.5050e-02 -5.0150e-01 +6.4328e-01 -4.3597e+00 +2.2217e+00 +3.8513e-01 -3.6670e+00 -2.7578e+00 +3.4628e+00 +1.6864e+00 -3.2108e+00
3 +1.394974865e+03 +1.394974865e+03 +1.912634865e+03 +1.912634865e+03 -2.6679e+00 -1.2322e+00 -3.6820e+00 +4.5300e-01 -3.5204e+00 -3.8737e+00 +3.3869e+00 -3.0534e+00 +8.7957e-01 -1.5340e+00 -4.7361e-01 +2.2285e+00 -7.2479e-01 -2.2236e+00 -2.4504e+00 +2.6317e+00 -4.5239e+00 +3.5344e+00 -3.2576e-01 -4.4305e+00
9 +8.362384349e+02 +8.362384349e+02 +1.353898435e+03 +1.353898435e+03 -1.4005e+00 +4.0279e+00 +1.8361e+00 +1.1928e+00 -1.5728e+00 +4.1318e+00 -7.8069e-02 +7.7819e-01 +3.4488e+00 +2.1785e+00 -2.2266e+00 -3.2690e+00 -4.1450e+00 -3.8735e-01 -3.4129e+00 +1.8991e+00 -1.4349e+00 -7.2981e-01 -4.5699e+00 -2.8152e+00
35 +5.097072886e+02 +5.097072886e+02 +1.027367289e+03 +1.027367289e+03 -4.3956e-01 -8.9856e-01 +1.6814e+00 +2.4454e+00 -1.9350e+00 +2.3157e-01 -7.4737e-01 +3.3452e+00 +3.7987e+00 -1.5435e+00 +8.2842e-01 +1.2718e+00 +1.9835e+00 +3.7212e-01 -6.2796e-01 +2.2829e+00 +1.2100e+00 -1.5398e+00 -4.6313e+00 -3.1322e+00
