% function evaluation | noise-free fitness - Fopt (5.134000000000e+01) | best noise-free fitness - Fopt | measured fitness | best measured fitness | x1 | x2...
1 +2.818952383e+02 +2.818952383e+02 +3.332352383e+02 +3.332352383e+02 +3.6984e+00 +1.1787e+00 +2.1331e+00 -1.5447e+00 +3.2123e+00 +1.0097e+00 -8.5655e-01 +7.0947e-02 +3.0123e+00 +1.5050e-02 -5.0150e-01 +6.4328e-01 -4.3597e+00 +2.2217e+00 +3.8513e-01 -3.6670e+00 -2.7578e+00 +3.4628e+00 +1.6864e+00 -3.2108e+00
2 +9.853051283e+01 +9.853051283e+01 +1.498705128e+02 +1.498705128e+02 +3.8016e+00 +3.0902e+00 +2.0526e+00 -3.0628e-01 -3.1270e+00 +3.0911e+00 -1.3802e-01 -4.1175e+00 +9.9079e-01 -1.7322e+00 -3.7957e+00 +3.2599e+00 +6.0806e-02 -3.8838e+00 -4.7703e+00 -4.0203e+00 +1.7238e+00 +2.4074e+00 +1.8027e+00 -1.7794e+00
17 +3.891946410e+01 +3.891946410e+01 +9.025946410e+01 +9.025946410e+01 -4.6348e-01 -1.2142e+00 -1.8215e+00 +2.4228e+00 +1.5386e+00 +2.7974e+00 -1.3636e+00 +3.9759e+00 +3.3439e+00 +1.6748e+00 -6.3943e-01 +1.6363e-01 -3.4782e+00 -4.1129e-01 -4.0606e-01 -3.4226e-01 -3.8379e+00 -7.8617e-01 -4.4380e+00 -2.7828e+00
% function evaluation | noise-free fitness - Fopt (-1.244000000000e+02) | best noise-free fitness - Fopt | measured fitness | best measured fitness | x1 | x2...
1 +1.914205146e+02 +1.914205146e+02 +6.702051458e+01 +6.702051458e+01 +3.6984e+00 +1.1787e+00 +2.1331e+00 -1.5447e+00 +3.2123e+00 +1.0097e+00 -8.5655e-01 +7.0947e-02 +3.0123e+00 +1.5050e-02 -5.0150e-01 +6.4328e-01 -4.3597e+00 +2.2217e+00 +3.8513e-01 -3.6670e+00 -2.7578e+00 +3.4628e+00 +1.6864e+00 -3.2108e+00
2 +1.416017695e+02 +1.416017695e+02 +1.720176945e+01 +1.720176945e+01 +3.8016e+00 +3.0902e+00 +2.0526e+00 -3.0628e-01 -3.1270e+00 +3.0911e+00 -1.3802e-01 -4.1175e+00 +9.9079e-01 -1.7322e+00 -3.7957e+00 +3.2599e+00 +6.0806e-02 -3.8838e+00 -4.7703e+00 -4.0203e+00 +1.7238e+00 +2.4074e+00 +1.8027e+00 -1.7794e+00
6 +8.220944717e+01 +8.220944717e+01 -4.219055283e+01 -4.219055283e+01 +3.8828e+00 -1.1870e+00 +1.6380e+00 +3.8079e+00 -4.8715e+00 +3.3393e+00 -1.0053e+00 -3.8455e+00 -4.0750e+00 +2.6397e+00 +2.4054e+00 +1.4662e+00 +3.7271e+00 -3.6561e+00 -9.0829e-01 +1.6897e-01 +1.9600e-01 -3.3165e+00 -3.0456e+00 +1.5240e+00
33 +3.963698894e+01 +3.963698894e+01 -8.476301106e+01 -8.476301106e+01 +4.5746e+00 -2.0261e+00 -1.5587e+00 +1.7746e+00 +7.6932e-01 -3.5282e+00 +2.6288e+00 +3.6699e+00 -2.3914e-01 +3.4390e+00 -3.5116e+00 -3.5025e+00 +3.2925e+00 -2.3709e+00 +1.8350e+00 -3.3833e+00 -1.1747e+00 +1.8524e+00 +2.6345e+00 +1.1008e+00
% function evaluation | noise-free fitness - Fopt (6.000000000000e-01) | best noise-free fitness - Fopt | measured fitness | best measured fitness | x1 | x2...
1 +6.123513601e+01 +6.123513601e+01 +6.183513601e+01 +6.183513601e+01 +3.6984e+00 +1.1787e+00 +2.1331e+00 -1.5447e+00 +3.2123e+00 +1.0097e+00 -8.5655e-01 +7.0947e-02 +3.0123e+00 +1.5050e-02 -5.0150e-01 +6.4328e-01 -4.3597e+00 +2.2217e+00 +3.8513e-01 -3.6670e+00 -2.7578e+00 +3.4628e+00 +1.6864e+00 -3.2108e+00
85 +3.724837595e+01 +3.724837595e+01 +3.784837595e+01 +3.784837595e+01 +9.6945e-01 +1.9026e+00 +7.4186e-01 +4.6426e+00 -1.0803e+00 +6.3713e-02 -1.2045e+00 -1.1125e-01 -8.2901e-01 +1.4324e-01 +4.1289e+00 +4.3458e+00 -1.9194e-01 +3.5242e+00 -3.5119e+00 -2.2621e+00 -2.5117e+00 -1.9791e+00 +1.8212e+00 +2.6145e-01
% function evaluation | noise-free fitness - Fopt (-4.071000000000e+01) | best noise-free fitness - Fopt | measured fitness | best measured fitness | x1 | x2...
1 +3.302258869e+02 +3.302258869e+02 +2.895158869e+02 +2.895158869e+02 +3.6984e+00 +1.1787e+00 +2.1331e+00 -1.5447e+00 +3.2123e+00 +1.0097e+00 -8.5655e-01 +7.0947e-02 +3.0123e+00 +1.5050e-02 -5.0150e-01 +6.4328e-01 -4.3597e+00 +2.2217e+00 +3.8513e-01 -3.6670e+00 -2.7578e+00 +3.4628e+00 +1.6864e+00 -3.2108e+00
3 +1.710431707e+02 +1.710431707e+02 +1.303331707e+02 +1.303331707e+02 -2.6679e+00 -1.2322e+00 -3.6820e+00 +4.5300e-01 -3.5204e+00 -3.8737e+00 +3.3869e+00 -3.0534e+00 +8.7957e-01 -1.5340e+00 -4.7361e-01 +2.2285e+00 -7.2479e-01 -2.2236e+00 -2.4504e+00 +2.6317e+00 -4.5239e+00 +3.5344e+00 -3.2576e-01 -4.4305e+00
5 +9.896011032e+01 +9.896011032e+01 +5.825011032e+01 +5.825011032e+01 -4.3207e+00 +2.6995e-01 +3.7421e+00 -2.9507e+00 +8.7332e-01 +3.7811e+00 +1.8706e-02 +2.9112e+00 +3.4771e+00 -2.2954e+00 -2.1277e+00 -3.8001e+00 -1.6285e+00 +4.2534e+00 -3.7688e-01 +1.0537e+00 -4.2138e+00 -3.8532e-01 +1.1566e+00 +5.8503e-01
35 +5.650747186e+01 +5.650747186e+01 +1.579747186e+01 +1.579747186e+01 -4.3956e-01 -8.9856e-01 +1.6814e+00 +2.4454e+00 -1.9350e+00 +2.3157e-01 -7.4737e-01 +3.3452e+00 +3.7987e+00 -1.5435e+00 +8.2842e-01 +1.2718e+00 +1.9835e+00 +3.7212e-01 -6.2796e-01 +2.2829e+00 +1.2100e+00 -1.5398e+00 -4.6313e+00 -3.1322e+00
59 +3.866119961e+01 +3.866119961e+01 -2.048800392e+00 -2.048800392e+00 -1.2593e+00 -4.5731e+00 +2.1100e+00 -3.9326e-01 -8.4364e-01 +1.0580e+00 +9.8567e-01 +3.5152e+00 +1.7421e+00 +1.9561e+00 +3.5689e+00 -1.8851e+00 +8.1985e-01 +3.3178e+00 +4.7658e+00 +1.6200e+00 +1.8360e+00 -4.0153e+00 +4.3385e+00 -4.0177e+00
% function evaluation | noise-free fitness - Fopt (8.143200000000e+02) | best noise-free fitness - Fopt | measured fitness | best measured fitness | x1 | x2...
1 +1.396554778e+02 +1.396554778e+02 +9.539754778e+02 +9.539754778e+02 +3.6984e+00 +1.1787e+00 +2.1331e+00 -1.5447e+00 +3.2123e+00 +1.0097e+00 -8.5655e-01 +7.0947e-02 +3.0123e+00 +1.5050e-02 -5.0150e-01 +6.4328e-01 -4.3597e+00 +2.2217e+00 +3.8513e-01 -3.6670e+00 -2.7578e+00 +3.4628e+00 +1.6864e+00 -3.2108e+00
5 +8.754309368e+01 +8.754309368e+01 +9.018630937e+02 +9.018630937e+02 -4.3207e+00 +2.6995e-01 +3.7421e+00 -2.9507e+00 +8.7332e-01 +3.7811e+00 +1.8706e-02 +2.9112e+00 +3.4771e+00 -2.2954e+00 -2.1277e+00 -3.8001e+00 -1.6285e+00 +4.2534e+00 -3.7688e-01 +1.0537e+00 -4.2138e+00 -3.8532e-01 +1.1566e+00 +5.8503e-01
19 +6.174894389e+01 +6.174894389e+01 +8.760689439e+02 +8.760689439e+02 +1.0447e+00 +9.9770e-01 +2.7568e+00 +7.5323e-02 +1.1842e+00 -1.8764e+00 -3.4019e-03 +3.4584e+00 -2.2559e+00 -2.5383e+00 -4.9492e+00 +3.3619e+00 -3.3091e-01 -5.9185e-01 +1.3378e+00 -4.0070e+00 +2.1210e+00 +1.0354e+00 -4.9821e+00 +2.1663e+00
80 +3.096192052e+01 +3.096192052e+01 +8.452819205e+02 +8.452819205e+02 -3.7802e+00 -2.7083e+00 -3.7744e+00 +9.5104e-01 -4.8643e+00 -4.9300e+00 +3.4533e+00 -3.1004e+00 +1.1997e-01 -3.4337e+00 +5.1026e-02 -4.6759e-01 +1.7274e+00 +2.3175e+00 -2.8224e+00 +4.8373e+00 -6.0567e-01 +1.2575e+00 +2.2691e+00 +1.8110e+00
