% function evaluation | noise-free fitness - Fopt (-6.205000000000e+01) | best noise-free fitness - Fopt | measured fitness | best measured fitness | x1 | x2...
1 +1.037514665e+02 +1.037514665e+02 +4.170146650e+01 +4.170146650e+01 +3.6984e+00 +1.1787e+00 +2.1331e+00 -1.5447e+00 +3.2123e+00 +1.0097e+00 -8.5655e-01 +7.0947e-02 +3.0123e+00 +1.5050e-02 -5.0150e-01 +6.4328e-01 -4.3597e+00 +2.2217e+00 +3.8513e-01 -3.6670e+00 -2.7578e+00 +3.4628e+00 +1.6864e+00 -3.2108e+00
3 +8.969761136e+01 +8.969761136e+01 +2.764761136e+01 +2.764761136e+01 -2.6679e+00 -1.2322e+00 -3.6820e+00 +4.5300e-01 -3.5204e+00 -3.8737e+00 +3.3869e+00 -3.0534e+00 +8.7957e-01 -1.5340e+00 -4.7361e-01 +2.2285e+00 -7.2479e-01 -2.2236e+00 -2.4504e+00 +2.6317e+00 -4.5239e+00 +3.5344e+00 -3.2576e-01 -4.4305e+00
44 +5.560874241e+01 +5.560874241e+01 -6.441257590e+00 -6.441257590e+00 -1.0262e+00 +4.0581e-01 +1.7791e+00 +9.0915e-01 -2.8486e+00 -4.3249e+00 +1.4752e+00 -9.9068e-01 +4.3201e+00 +3.0659e+00 -5.4490e-02 -2.2938e+00 -1.3097e+00 +2.7633e+00 -3.5763e+00 +1.7637e+00 +1.5383e+00 -4.7501e+00 +3.1171e-01 +5.1264e-01
% function evaluation | noise-free fitness - Fopt (-4.328000000000e+01) | best noise-free fitness - Fopt | measured fitness | best measured fitness | x1 | x2...
1 +1.057314679e+02 +1.057314679e+02 +6.245146789e+01 +6.245146789e+01 +3.6984e+00 +1.1787e+00 +2.1331e+00 -1.5447e+00 +3.2123e+00 +1.0097e+00 -8.5655e-01 +7.0947e-02 +3.0123e+00 +1.5050e-02 -5.0150e-01 +6.4328e-01 -4.3597e+00 +2.2217e+00 +3.8513e-01 -3.6670e+00 -2.7578e+00 +3.4628e+00 +1.6864e+00 -3.2108e+00
18 +4.788388865e+01 +4.788388865e+01 +4.603888653e+00 +4.603888653e+00 -3.9024e-01 -2.8740e+00 -2.2689e+00 +1.2948e+00 +1.4631e+00 -2.0998e+00 -3.3686e+00 +6.3188e-01 -2.8744e+00 -3.8943e-01 -1.6773e+00 -7.4516e-01 -1.7111e+00 +4.4473e-01 -1.6000e+00 -2.4239e-01 +4.0083e+00 -4.0709e+00 +4.0890e+00 +3.2711e+00
% function evaluation | noise-free fitness - Fopt (-3.916000000000e+01) | best noise-free fitness - Fopt | measured fitness | best measured fitness | x1 | x2...
1 +8.822870588e+01 +8.822870588e+01 +4.906870588e+01 +4.906870588e+01 +3.6984e+00 +1.1787e+00 +2.1331e+00 -1.5447e+00 +3.2123e+00 +1.0097e+00 -8.5655e-01 +7.0947e-02 +3.0123e+00 +1.5050e-02 -5.0150e-01 +6.4328e-01 -4.3597e+00 +2.2217e+00 +3.8513e-01 -3.6670e+00 -2.7578e+00 +3.4628e+00 +1.6864e+00 -3.2108e+00
9 +5.224085971e+01 +5.224085971e+01 +1.308085971e+01 +1.308085971e+01 -1.4005e+00 +4.0279e+00 +1.8361e+00 +1.1928e+00 -1.5728e+00 +4.1318e+00 -7.8069e-02 +7.7819e-01 +3.4488e+00 +2.1785e+00 -2.2266e+00 -3.2690e+00 -4.1450e+00 -3.8735e-01 -3.4129e+00 +1.8991e+00 -1.4349e+00 -7.2981e-01 -4.5699e+00 -2.8152e+00
% function evaluation | noise-free fitness - Fopt (-1.732800000000e+02) | best noise-free fitness - Fopt | measured fitness | best measured fitness | x1 | x2...
1 +3.006722767e+02 +3.006722767e+02 +1.273922767e+02 +1.273922767e+02 +3.6984e+00 +1.1787e+00 +2.1331e+00 -1.5447e+00 +3.2123e+00 +1.0097e+00 -8.5655e-01 +7.0947e-02 +3.0123e+00 +1.5050e-02 -5.0150e-01 +6.4328e-01 -4.3597e+00 +2.2217e+00 +3.8513e-01 -3.6670e+00 -2.7578e+00 +3.4628e+00 +1.6864e+00 -3.2108e+00
4 +1.352826033e+02 +1.352826033e+02 -3.799739672e+01 -3.799739672e+01 +4.6560e+00 -4.6556e+00 -4.3050e+00 +4.2233e+00 +4.2652e+00 +3.9650e+00 -3.9738e+00 +2.9711e+00 +4.2334e+00 -4.9474e+00 +1.9460e+00 -9.4486e-01 -3.2559e+00 -1.1383e+00 +2.4925e+00 -2.5095e+00 +8.0383e-01 -4.7298e+00 +8.8745e-01 +3.8622e+00
9 +5.622548468e+01 +5.622548468e+01 -1.170545153e+02 -1.170545153e+02 -1.4005e+00 +4.0279e+00 +1.8361e+00 +1.1928e+00 -1.5728e+00 +4.1318e+00 -7.8069e-02 +7.7819e-01 +3.4488e+00 +2.1785e+00 -2.2266e+00 -3.2690e+00 -4.1450e+00 -3.8735e-01 -3.4129e+00 +1.8991e+00 -1.4349e+00 -7.2981e-01 -4.5699e+00 -2.8152e+00
17 +3.202373760e+01 +3.202373760e+01 -1.412562624e+02 -1.412562624e+02 -4.6348e-01 -1.2142e+00 -1.8215e+00 +2.4228e+00 +1.5386e+00 +2.7974e+00 -1.3636e+00 +3.9759e+00 +3.3439e+00 +1.6748e+00 -6.3943e-01 +1.6363e-01 -3.4782e+00 -4.1129e-01 -4.0606e-01 -3.4226e-01 -3.8379e+00 -7.8617e-01 -4.4380e+00 -2.7828e+00
% function evaluation | noise-free fitness - Fopt (-1.017000000000e+01) | best noise-free fitness - Fopt | measured fitness | best measured fitness | x1 | x2...
1 +9.603030221e+01 +9.603030221e+01 +8.586030221e+01 +8.586030221e+01 +3.6984e+00 +1.1787e+00 +2.1331e+00 -1.5447e+00 +3.2123e+00 +1.0097e+00 -8.5655e-01 +7.0947e-02 +3.0123e+00 +1.5050e-02 -5.0150e-01 +6.4328e-01 -4.3597e+00 +2.2217e+00 +3.8513e-01 -3.6670e+00 -2.7578e+00 +3.4628e+00 +1.6864e+00 -3.2108e+00
19 +4.184493300e+01 +4.184493300e+01 +3.167493300e+01 +3.167493300e+01 +1.0447e+00 +9.9770e-01 +2.7568e+00 +7.5323e-02 +1.1842e+00 -1.8764e+00 -3.4019e-03 +3.4584e+00 -2.2559e+00 -2.5383e+00 -4.9492e+00 +3.3619e+00 -3.3091e-01 -5.9185e-01 +1.3378e+00 -4.0070e+00 +2.1210e+00 +1.0354e+00 -4.9821e+00 +2.1663e+00
24 +3.704397787e+01 +3.704397787e+01 +2.687397787e+01 +2.687397787e+01 +3.2503e+00 +2.7378e+00 +3.4102e+00 -3.4023e+00 +1.7882e+00 -2.6324e+00 +9.1834e-01 +2.4696e+00 -4.4581e+00 +3.3092e+00 -1.5088e+00 -2.9134e+00 -3.1815e+00 +3.9472e+00 +4.9287e+00 -4.3895e+00 +2.7879e+00 +3.2883e+00 -3.5197e+00 +3.8136e+00
34 +2.204514111e+01 +2.204514111e+01 +1.187514111e+01 +1.187514111e+01 +1.4268e+00 +1.0758e+00 +2.7575e-01 -3.2961e+00 +2.7488e+00 +2.6363e+00 -4.7522e+00 -1.2214e+00 +1.4334e+00 +9.1845e-01 +1.9226e+00 +8.4740e-01 +4.0986e+00 +3.3897e+00 +4.1991e+00 -6.3911e-01 +4.0360e+00 +2.2463e+00 -4.4948e+00 +2.4644e+00
