% function evaluation | noise-free fitness - Fopt (1.000000000000e+03) | best noise-free fitness - Fopt | measured fitness | best measured fitness | x1 | x2...
1 +1.222200519e+03 +1.222200519e+03 +2.222200519e+03 +2.222200519e+03 +3.6984e+00 +1.1787e+00 +2.1331e+00 -1.5447e+00 +3.2123e+00 +1.0097e+00 -8.5655e-01 +7.0947e-02 +3.0123e+00 +1.5050e-02 -5.0150e-01 +6.4328e-01 -4.3597e+00 +2.2217e+00 +3.8513e-01 -3.6670e+00 -2.7578e+00 +3.4628e+00 +1.6864e+00 -3.2108e+00
9 +8.947246482e+02 +8.947246482e+02 +1.894724648e+03 +1.894724648e+03 -1.4005e+00 +4.0279e+00 +1.8361e+00 +1.1928e+00 -1.5728e+00 +4.1318e+00 -7.8069e-02 +7.7819e-01 +3.4488e+00 +2.1785e+00 -2.2266e+00 -3.2690e+00 -4.1450e+00 -3.8735e-01 -3.4129e+00 +1.8991e+00 -1.4349e+00 -7.2981e-01 -4.5699e+00 -2.8152e+00
% function evaluation | noise-free fitness - Fopt (7.003000000000e+01) | best noise-free fitness - Fopt | measured fitness | best measured fitness | x1 | x2...
1 +3.658943184e+03 +3.658943184e+03 +3.728973184e+03 +3.728973184e+03 +3.6984e+00 +1.1787e+00 +2.1331e+00 -1.5447e+00 +3.2123e+00 +1.0097e+00 -8.5655e-01 +7.0947e-02 +3.0123e+00 +1.5050e-02 -5.0150e-01 +6.4328e-01 -4.3597e+00 +2.2217e+00 +3.8513e-01 -3.6670e+00 -2.7578e+00 +3.4628e+00 +1.6864e+00 -3.2108e+00
3 +1.232844154e+03 +1.232844154e+03 +1.302874154e+03 +1.302874154e+03 -2.6679e+00 -1.2322e+00 -3.6820e+00 +4.5300e-01 -3.5204e+00 -3.8737e+00 +3.3869e+00 -3.0534e+00 +8.7957e-01 -1.5340e+00 -4.7361e-01 +2.2285e+00 -7.2479e-01 -2.2236e+00 -2.4504e+00 +2.6317e+00 -4.5239e+00 +3.5344e+00 -3.2576e-01 -4.4305e+00
35 +8.457106966e+02 +8.457106966e+02 +9.157406966e+02 +9.157406966e+02 -4.3956e-01 -8.9856e-01 +1.6814e+00 +2.4454e+00 -1.9350e+00 +2.3157e-01 -7.4737e-01 +3.3452e+00 +3.7987e+00 -1.5435e+00 +8.2842e-01 +1.2718e+00 +1.9835e+00 +3.7212e-01 -6.2796e-01 +2.2829e+00 +1.2100e+00 -1.5398e+00 -4.6313e+00 -3.1322e+00
% function evaluation | noise-free fitness - Fopt (-4.822000000000e+01) | best noise-free fitness - Fopt | measured fitness | best measured fitness | x1 | x2...
1 +3.740229853e+03 +3.740229853e+03 +3.692009853e+03 +3.692009853e+03 +3.6984e+00 +1.1787e+00 +2.1331e+00 -1.5447e+00 +3.2123e+00 +1.0097e+00 -8.5655e-01 +7.0947e-02 +3.0123e+00 +1.5050e-02 -5.0150e-01 +6.4328e-01 -4.3597e+00 +2.2217e+00 +3.8513e-01 -3.6670e+00 -2.7578e+00 +3.4628e+00 +1.6864e+00 -3.2108e+00
2 +2.115922968e+03 +2.115922968e+03 +2.067702968e+03 +2.067702968e+03 +3.8016e+00 +3.0902e+00 +2.0526e+00 -3.0628e-01 -3.1270e+00 +3.0911e+00 -1.3802e-01 -4.1175e+00 +9.9079e-01 -1.7322e+00 -3.7957e+00 +3.2599e+00 +6.0806e-02 -3.8838e+00 -4.7703e+00 -4.0203e+00 +1.7238e+00 +2.4074e+00 +1.8027e+00 -1.7794e+00
6 +1.364079215e+03 +1.364079215e+03 +1.315859215e+03 +1.315859215e+03 +3.8828e+00 -1.1870e+00 +1.6380e+00 +3.8079e+00 -4.8715e+00 +3.3393e+00 -1.0053e+00 -3.8455e+00 -4.0750e+00 +2.6397e+00 +2.4054e+00 +1.4662e+00 +3.7271e+00 -3.6561e+00 -9.0829e-01 +1.6897e-01 +1.9600e-01 -3.3165e+00 -3.0456e+00 +1.5240e+00
38 +7.686498911e+02 +7.686498911e+02 +7.204298911e+02 +7.204298911e+02 -7.3833e-01 -3.1853e+00 +1.7559e+00 -1.2870e+00 -3.5327e+00 +4.8902e-01 -9.6921e-01 +2.5671e+00 -1.0138e+00 +4.8932e+00 -7.6484e-01 -3.7563e+00 +2.1947e+00 -3.4233e+00 -4.7501e+00 +2.4590e+00 -1.0803e+00 +3.8358e+00 -1.7379e+00 -9.9841e-01
% function evaluation | noise-free fitness - Fopt (2.547000000000e+01) | best noise-free fitness - Fopt | measured fitness | best measured fitness | x1 | x2...
1 +1.119982177e+03 +1.119982177e+03 +1.145452177e+03 +1.145452177e+03 +3.6984e+00 +1.1787e+00 +2.1331e+00 -1.5447e+00 +3.2123e+00 +1.0097e+00 -8.5655e-01 +7.0947e-02 +3.0123e+00 +1.5050e-02 -5.0150e-01 +6.4328e-01 -4.3597e+00 +2.2217e+00 +3.8513e-01 -3.6670e+00 -2.7578e+00 +3.4628e+00 +1.6864e+00 -3.2108e+00
20 +9.451213998e+02 +9.451213998e+02 +9.705913998e+02 +9.705913998e+02 -7.5780e-01 -1.1157e-01 +7.3709e-01 -4.6407e+00 -2.6740e+00 -4.5940e+00 -3.1744e+00 -1.3496e+00 -1.4738e+00 +2.6441e+00 -3.7722e+00 +4.2144e+00 -2.0379e+00 +4.6783e+00 -8.7739e-01 +1.0890e+00 +2.2344e-01 +2.6992e+00 +1.5822e+00 -4.8664e+00
% function evaluation | noise-free fitness - Fopt (-1.008100000000e+02) | best noise-free fitness - Fopt | measured fitness | best measured fitness | x1 | x2...
1 +2.666881630e+03 +2.666881630e+03 +2.566071630e+03 +2.566071630e+03 +3.6984e+00 +1.1787e+00 +2.1331e+00 -1.5447e+00 +3.2123e+00 +1.0097e+00 -8.5655e-01 +7.0947e-02 +3.0123e+00 +1.5050e-02 -5.0150e-01 +6.4328e-01 -4.3597e+00 +2.2217e+00 +3.8513e-01 -3.6670e+00 -2.7578e+00 +3.4628e+00 +1.6864e+00 -3.2108e+00
5 +1.140281772e+03 +1.140281772e+03 +1.039471772e+03 +1.039471772e+03 -4.3207e+00 +2.6995e-01 +3.7421e+00 -2.9507e+00 +8.7332e-01 +3.7811e+00 +1.8706e-02 +2.9112e+00 +3.4771e+00 -2.2954e+00 -2.1277e+00 -3.8001e+00 -1.6285e+00 +4.2534e+00 -3.7688e-01 +1.0537e+00 -4.2138e+00 -3.8532e-01 +1.1566e+00 +5.8503e-01
18 +7.090320838e+02 +7.090320838e+02 +6.082220838e+02 +6.082220838e+02 -3.9024e-01 -2.8740e+00 -2.2689e+00 +1.2948e+00 +1.4631e+00 -2.0998e+00 -3.3686e+00 +6.3188e-01 -2.8744e+00 -3.8943e-01 -1.6773e+00 -7.4516e-01 -1.7111e+00 +4.4473e-01 -1.6000e+00 -2.4239e-01 +4.0083e+00 -4.0709e+00 +4.0890e+00 +3.2711e+00
