% instance = 1, name = bbob_f008_i02_d02__bbob_f015_i04_d02
% function evaluation | 2 objectives | 2 variables
1	3.120706230295458e+05	6.600078979396206e+02	3.69838651e+00	1.17868371e+00	
2	1.396273192182265e+05	2.752177102847088e+02	2.13308230e+00	-1.54466279e+00	
4	7.204389234606941e+03	1.860921203076495e+02	-8.56550696e-01	7.09471002e-02	
7	-6.796533571585393e+02	1.052089087481045e+02	-4.35973793e+00	2.22170005e+00	
8	4.638024030614901e+04	1.050496712553572e+02	3.85125057e-01	-3.66696002e+00	
14	3.162198085475194e+04	8.473251879764177e+01	-1.38020177e-01	-4.11748831e+00	
17	3.641488596936395e+04	7.478605437009378e+01	6.08063478e-02	-3.88380970e+00	
18	1.551027845235825e+03	7.580687134915564e+01	-4.77025286e+00	-4.02033013e+00	
% instance = 2, name = bbob_f008_i03_d02__bbob_f015_i05_d02
% function evaluation | 2 objectives | 2 variables
1	7.281913560974726e+04	-7.001964047460606e+01	3.69838651e+00	1.17868371e+00	
2	2.232891038587924e+04	-4.528793680503028e+01	2.13308230e+00	-1.54466279e+00	
3	4.859258613813725e+04	-7.083330634149183e+01	3.21228504e+00	1.00967553e+00	
4	2.725490399552596e+02	-7.601250842275205e+01	-8.56550696e-01	7.09471002e-02	
6	2.178377312660884e+02	-6.687085433423117e+01	-5.01498795e-01	6.43283104e-01	
% instance = 3, name = bbob_f008_i07_d02__bbob_f015_i08_d02
% function evaluation | 2 objectives | 2 variables
1	4.019010078840203e+04	1.229683996258944e+03	3.69838651e+00	1.17868371e+00	
2	1.060047053792729e+04	4.507599643866737e+01	2.13308230e+00	-1.54466279e+00	
4	-4.520200762998562e+01	-8.992988046823379e+01	-8.56550696e-01	7.09471002e-02	
7	5.314738222762773e+03	-1.012080572602105e+02	-4.35973793e+00	2.22170005e+00	
13	-2.108586268564994e+02	-9.157230010047894e+01	-3.12702245e+00	3.09109369e+00	
17	1.247682961608303e+03	-9.160170612449537e+01	6.08063478e-02	-3.88380970e+00	
% instance = 4, name = bbob_f008_i09_d02__bbob_f015_i10_d02
% function evaluation | 2 objectives | 2 variables
1	1.741677514339083e+03	1.429554353452716e+03	3.69838651e+00	1.17868371e+00	
2	8.280356493516928e+02	1.241501941779890e+03	2.13308230e+00	-1.54466279e+00	
3	6.683093953251001e+02	1.383178160957125e+03	3.21228504e+00	1.00967553e+00	
4	5.119977263704067e+03	1.049593269157695e+03	-8.56550696e-01	7.09471002e-02	
6	2.455477164513722e+03	1.062432932360155e+03	-5.01498795e-01	6.43283104e-01	
10	1.828548918735453e+03	1.200889135152766e+03	1.68641129e+00	-3.21077456e+00	
12	2.575298215846128e+02	1.225783007066841e+03	2.05256524e+00	-3.06284170e-01	
15	1.032542303554814e+03	1.148381405101334e+03	9.90791217e-01	-1.73217382e+00	
19	2.158625123924281e+02	1.253403924052757e+03	1.72379929e+00	2.40744026e+00	
20	8.339780405743505e+02	1.193999644443524e+03	1.80268659e+00	-1.77936778e+00	
% instance = 5, name = bbob_f008_i11_d02__bbob_f015_i12_d02
% function evaluation | 2 objectives | 2 variables
1	3.489783909450891e+03	2.257906200310463e+03	3.69838651e+00	1.17868371e+00	
2	1.428980097029806e+03	1.241380593394372e+03	2.13308230e+00	-1.54466279e+00	
4	4.371935519693721e+03	6.322003136303289e+02	-8.56550696e-01	7.09471002e-02	
6	2.081727027437098e+03	6.403377701480584e+02	-5.01498795e-01	6.43283104e-01	
12	5.682131032812991e+02	1.126585243797579e+03	2.05256524e+00	-3.06284170e-01	
15	1.252491430425691e+03	9.148812263059815e+02	9.90791217e-01	-1.73217382e+00	
18	1.894494603612117e+05	6.306128102376991e+02	-4.77025286e+00	-4.02033013e+00	
19	-2.736088501580167e+01	8.458040137587562e+02	1.72379929e+00	2.40744026e+00	
% instance = 6, name = bbob_f008_i13_d02__bbob_f015_i14_d02
% function evaluation | 2 objectives | 2 variables
1	3.239483864434699e+04	1.439180413613543e+02	3.69838651e+00	1.17868371e+00	
2	8.957660292016650e+03	1.943220484972050e+02	2.13308230e+00	-1.54466279e+00	
3	2.001470868584170e+04	1.000916654403999e+02	3.21228504e+00	1.00967553e+00	
4	-4.528820589433072e+01	-1.108924807898986e+02	-8.56550696e-01	7.09471002e-02	
7	1.297129468574779e+04	-2.185337166489969e+02	-4.35973793e+00	2.22170005e+00	
9	4.796941894924018e+01	-2.333097547899297e+02	-2.75778991e+00	3.46276250e+00	
% instance = 7, name = bbob_f008_i15_d02__bbob_f015_i16_d02
% function evaluation | 2 objectives | 2 variables
1	3.235650589257949e+03	1.265531707127977e+03	3.69838651e+00	1.17868371e+00	
2	2.140054258285639e+02	4.968681618529747e+02	2.13308230e+00	-1.54466279e+00	
4	5.087295058439488e+01	3.789217538412471e+02	-8.56550696e-01	7.09471002e-02	
8	2.235531934382414e+02	3.137699141304311e+02	3.85125057e-01	-3.66696002e+00	
12	4.430168901998481e+01	5.874441266826296e+02	2.05256524e+00	-3.06284170e-01	
14	5.996133946624535e+02	2.610835826700006e+02	-1.38020177e-01	-4.11748831e+00	
17	3.840531047020285e+02	2.694200328586110e+02	6.08063478e-02	-3.88380970e+00	
% instance = 8, name = bbob_f008_i17_d02__bbob_f015_i18_d02
% function evaluation | 2 objectives | 2 variables
1	1.979524529204872e+05	3.893216486789056e+02	3.69838651e+00	1.17868371e+00	
2	7.963194070867967e+04	1.474389812307784e+02	2.13308230e+00	-1.54466279e+00	
4	1.695084848637045e+03	-5.848503698670066e+01	-8.56550696e-01	7.09471002e-02	
7	6.354335501048050e+02	-1.100952540026750e+02	-4.35973793e+00	2.22170005e+00	
13	2.145402811227284e+03	-1.130632998158292e+02	-3.12702245e+00	3.09109369e+00	
% instance = 9, name = bbob_f008_i19_d02__bbob_f015_i21_d02
% function evaluation | 2 objectives | 2 variables
1	1.111654581374961e+04	3.863342758868416e+02	3.69838651e+00	1.17868371e+00	
2	2.739137506123530e+03	2.561984366482521e+02	2.13308230e+00	-1.54466279e+00	
4	3.639606096912309e+02	1.438239112200795e+02	-8.56550696e-01	7.09471002e-02	
6	3.739910618198190e+01	1.298271271987929e+02	-5.01498795e-01	6.43283104e-01	
19	-1.332324475147510e+00	2.221037880015730e+02	1.72379929e+00	2.40744026e+00	
% instance = 10, name = bbob_f008_i21_d02__bbob_f015_i22_d02
% function evaluation | 2 objectives | 2 variables
1	3.129338063472676e+03	4.486631839616215e+02	3.69838651e+00	1.17868371e+00	
2	1.349377066216974e+02	2.015725026747820e+02	2.13308230e+00	-1.54466279e+00	
4	-3.792235873956807e+01	1.936496671768012e+02	-8.56550696e-01	7.09471002e-02	
6	2.127372961216132e+02	1.689714773249836e+02	-5.01498795e-01	6.43283104e-01	
12	-4.287500798595513e+01	1.977390300988154e+02	2.05256524e+00	-3.06284170e-01	
15	-1.926865360273483e+01	1.837352196791878e+02	9.90791217e-01	-1.73217382e+00	
