% instance = 1, name = bbob_f008_i02_d03__bbob_f014_i04_d03
% function evaluation | 2 objectives | 3 variables
1	3.121072147098100e+05	4.591881580049912e+01	3.69838651e+00	1.17868371e+00	2.13308230e+00	
2	7.142185458578306e+03	5.127144043217957e+01	-1.54466279e+00	3.21228504e+00	1.00967553e+00	
3	7.819247173660504e+03	4.635573810941396e+01	-8.56550696e-01	7.09471002e-02	3.01232920e+00	
4	2.336733740739477e+04	4.427449737807704e+01	1.50496687e-02	-5.01498795e-01	6.43283104e-01	
5	1.188810152840130e+03	4.905667516128602e+01	-4.35973793e+00	2.22170005e+00	3.85125057e-01	
10	-9.124271902913631e+01	4.984320720042554e+01	-4.11748831e+00	9.90791217e-01	-1.73217382e+00	
25	-7.112665118714600e+02	5.188681823106916e+01	-3.25586383e+00	-1.13827348e+00	2.49249916e+00	
% instance = 2, name = bbob_f008_i03_d03__bbob_f014_i05_d03
% function evaluation | 2 objectives | 3 variables
1	8.359236995422034e+04	-5.299222278669786e+01	3.69838651e+00	1.17868371e+00	2.13308230e+00	
3	1.399576153148723e+03	-4.747509560191042e+01	-8.56550696e-01	7.09471002e-02	3.01232920e+00	
13	4.793950674812042e+04	-5.495951128723698e+01	1.72379929e+00	2.40744026e+00	1.80268659e+00	
14	9.975531544272393e+02	1.694914050333395e+00	-1.77936778e+00	-2.66793095e+00	-1.23218149e+00	
25	2.245900753251875e+02	-3.474529691762337e+01	-3.25586383e+00	-1.13827348e+00	2.49249916e+00	
% instance = 3, name = bbob_f008_i07_d03__bbob_f014_i08_d03
% function evaluation | 2 objectives | 3 variables
1	4.037238010501284e+04	5.195929522747811e+01	3.69838651e+00	1.17868371e+00	2.13308230e+00	
2	2.930843088476462e+04	4.292186610412908e+01	-1.54466279e+00	3.21228504e+00	1.00967553e+00	
3	1.383967608648356e+03	1.717027754468029e+01	-8.56550696e-01	7.09471002e-02	3.01232920e+00	
4	4.894862816169871e+02	9.369808124850897e+00	1.50496687e-02	-5.01498795e-01	6.43283104e-01	
7	9.412986037261817e+03	4.590623586994938e+00	1.68641129e+00	-3.21077456e+00	3.80160537e+00	
14	1.769998778254023e+02	4.558991408428741e+01	-1.77936778e+00	-2.66793095e+00	-1.23218149e+00	
17	1.797906203793495e+03	3.341079374715297e+00	8.79569963e-01	-1.53397246e+00	-4.73608956e-01	
18	1.018343375170925e+04	3.262752601611718e+00	2.22847579e+00	-7.24791604e-01	-2.22361210e+00	
% instance = 4, name = bbob_f008_i09_d03__bbob_f014_i10_d03
% function evaluation | 2 objectives | 3 variables
1	1.970880381624767e+03	9.049598351848516e+02	3.69838651e+00	1.17868371e+00	2.13308230e+00	
3	5.347680128163500e+03	8.497967115263148e+02	-8.56550696e-01	7.09471002e-02	3.01232920e+00	
4	2.273791560419366e+03	8.357243396869684e+02	1.50496687e-02	-5.01498795e-01	6.43283104e-01	
6	1.144827940736813e+05	8.155936282307105e+02	-3.66696002e+00	-2.75778991e+00	3.46276250e+00	
7	2.367037798094677e+04	8.303514675566382e+02	1.68641129e+00	-3.21077456e+00	3.80160537e+00	
8	5.339197246337043e+02	9.002203565863954e+02	3.09018580e+00	2.05256524e+00	-3.06284170e-01	
10	1.097925604660020e+05	8.245144838754321e+02	-4.11748831e+00	9.90791217e-01	-1.73217382e+00	
13	2.646585929786202e+02	9.432538999188921e+02	1.72379929e+00	2.40744026e+00	1.80268659e+00	
14	4.749702835536067e+04	8.274222231242825e+02	-1.77936778e+00	-2.66793095e+00	-1.23218149e+00	
25	6.852549431048692e+04	8.203867279305492e+02	-3.25586383e+00	-1.13827348e+00	2.49249916e+00	
% instance = 5, name = bbob_f008_i11_d03__bbob_f014_i12_d03
% function evaluation | 2 objectives | 3 variables
1	3.762862051879649e+03	-2.708866304797958e+01	3.69838651e+00	1.17868371e+00	2.13308230e+00	
3	4.379403590443079e+03	-3.334946968974387e+01	-8.56550696e-01	7.09471002e-02	3.01232920e+00	
4	3.695586669654170e+03	-3.851886320326130e+01	1.50496687e-02	-5.01498795e-01	6.43283104e-01	
8	6.660398871993998e+02	-3.122828525652466e+01	3.09018580e+00	2.05256524e+00	-3.06284170e-01	
13	1.113901407109101e+02	-2.822427000129260e+01	1.72379929e+00	2.40744026e+00	1.80268659e+00	
19	2.187575290764841e+04	-3.912985322200073e+01	-2.45041604e+00	2.63168341e+00	-4.52394385e+00	
27	8.423428039064172e+03	-4.028228233421654e+01	8.87447394e-01	3.86215435e+00	-4.32069180e+00	
28	5.115678825947808e+03	-4.207163254233450e+01	2.69951146e-01	3.74207563e+00	-2.95070304e+00	
% instance = 6, name = bbob_f008_i13_d03__bbob_f014_i14_d03
% function evaluation | 2 objectives | 3 variables
1	3.420264816747086e+04	7.570075975136584e+01	3.69838651e+00	1.17868371e+00	2.13308230e+00	
2	3.665546109497069e+03	-1.476056199090854e+02	-1.54466279e+00	3.21228504e+00	1.00967553e+00	
3	4.052394017247183e+03	-1.608145869807218e+02	-8.56550696e-01	7.09471002e-02	3.01232920e+00	
4	1.450189536188006e+03	-1.645278104993711e+02	1.50496687e-02	-5.01498795e-01	6.43283104e-01	
6	1.391142490368183e+04	-1.694642046719800e+02	-3.66696002e+00	-2.75778991e+00	3.46276250e+00	
13	1.128206725481293e+03	-2.888567458397253e+01	1.72379929e+00	2.40744026e+00	1.80268659e+00	
14	4.267979486800519e+03	-1.689853921270804e+02	-1.77936778e+00	-2.66793095e+00	-1.23218149e+00	
17	1.580779625794384e+03	-1.654912663050812e+02	8.79569963e-01	-1.53397246e+00	-4.73608956e-01	
25	8.119989506216834e+03	-1.731644037366308e+02	-3.25586383e+00	-1.13827348e+00	2.49249916e+00	
26	1.006035005843986e+03	-1.431092352660196e+02	-2.50951019e+00	8.03832730e-01	-4.72981706e+00	
% instance = 7, name = bbob_f008_i15_d03__bbob_f014_i16_d03
% function evaluation | 2 objectives | 3 variables
1	1.646214591270395e+04	4.088283048089571e+02	3.69838651e+00	1.17868371e+00	2.13308230e+00	
2	9.818316537401199e+04	1.441993743811014e+02	-1.54466279e+00	3.21228504e+00	1.00967553e+00	
3	1.586721427769918e+03	8.842039331785335e+01	-8.56550696e-01	7.09471002e-02	3.01232920e+00	
4	1.696321086118963e+03	2.862022100118189e+01	1.50496687e-02	-5.01498795e-01	6.43283104e-01	
5	8.998254297270105e+04	6.075137140913185e+00	-4.35973793e+00	2.22170005e+00	3.85125057e-01	
6	3.713490717286459e+04	-4.770242174817518e+00	-3.66696002e+00	-2.75778991e+00	3.46276250e+00	
7	9.318071653177168e+02	6.720905317285424e+01	1.68641129e+00	-3.21077456e+00	3.80160537e+00	
10	5.762511284855876e+04	-1.409933571571722e+01	-4.11748831e+00	9.90791217e-01	-1.73217382e+00	
14	4.377845312355062e+03	-1.882828078622527e+01	-1.77936778e+00	-2.66793095e+00	-1.23218149e+00	
17	5.276409107359841e+02	3.447282710630422e+00	8.79569963e-01	-1.53397246e+00	-4.73608956e-01	
% instance = 8, name = bbob_f008_i17_d03__bbob_f014_i18_d03
% function evaluation | 2 objectives | 3 variables
1	1.980231515478971e+05	4.748424553544030e+02	3.69838651e+00	1.17868371e+00	2.13308230e+00	
2	2.717038610551281e+04	4.145139487793289e+02	-1.54466279e+00	3.21228504e+00	1.00967553e+00	
3	3.624470867480594e+03	4.195612730395030e+02	-8.56550696e-01	7.09471002e-02	3.01232920e+00	
4	9.787210617586798e+03	4.075875308104408e+02	1.50496687e-02	-5.01498795e-01	6.43283104e-01	
6	2.773848617781562e+03	4.430272068032630e+02	-3.66696002e+00	-2.75778991e+00	3.46276250e+00	
10	1.819894689568892e+03	4.651330433399062e+02	-4.11748831e+00	9.90791217e-01	-1.73217382e+00	
14	1.246438906109320e+03	4.352793990797437e+02	-1.77936778e+00	-2.66793095e+00	-1.23218149e+00	
25	3.566064188318799e+03	4.283363045268682e+02	-3.25586383e+00	-1.13827348e+00	2.49249916e+00	
27	9.087241096652417e+04	4.071578888031185e+02	8.87447394e-01	3.86215435e+00	-4.32069180e+00	
28	6.898195838692744e+04	4.035666082874362e+02	2.69951146e-01	3.74207563e+00	-2.95070304e+00	
% instance = 9, name = bbob_f008_i19_d03__bbob_f014_i21_d03
% function evaluation | 2 objectives | 3 variables
1	1.275173937055623e+04	1.754271162084963e+01	3.69838651e+00	1.17868371e+00	2.13308230e+00	
2	1.629528042864172e+03	5.251976365995243e+01	-1.54466279e+00	3.21228504e+00	1.00967553e+00	
3	3.040451155296832e+03	3.026906169660073e+01	-8.56550696e-01	7.09471002e-02	3.01232920e+00	
4	5.190342177437224e+02	2.195346308823583e+01	1.50496687e-02	-5.01498795e-01	6.43283104e-01	
8	3.570865999759951e+03	2.045804230770991e+01	3.09018580e+00	2.05256524e+00	-3.06284170e-01	
13	3.155689803555973e+01	1.708252402103590e+01	1.72379929e+00	2.40744026e+00	1.80268659e+00	
% instance = 10, name = bbob_f008_i21_d03__bbob_f014_i22_d03
% function evaluation | 2 objectives | 3 variables
1	1.374215053005807e+04	-4.832614023252394e+01	3.69838651e+00	1.17868371e+00	2.13308230e+00	
3	7.885707484663070e+02	-4.387244111538886e+01	-8.56550696e-01	7.09471002e-02	3.01232920e+00	
4	9.473603897283374e+02	-5.105001973222431e+01	1.50496687e-02	-5.01498795e-01	6.43283104e-01	
17	1.628496033427961e+02	-5.057044150796547e+01	8.79569963e-01	-1.53397246e+00	-4.73608956e-01	
