% instance = 1, name = bbob_f017_i02_d05__bbob_f021_i04_d05
% function evaluation | 2 objectives | 5 variables
1	3.854001807961929e+01	2.722511009693409e+01	3.69838651e+00	1.17868371e+00	2.13308230e+00	-1.54466279e+00	3.21228504e+00	
2	2.868876287274611e+01	1.824166809493789e+01	1.00967553e+00	-8.56550696e-01	7.09471002e-02	3.01232920e+00	1.50496687e-02	
14	5.244535894672511e+01	1.363090787828063e+01	3.96501986e+00	-3.97381877e+00	2.97112672e+00	4.23338891e+00	-4.94739350e+00	
17	6.852408673116078e+01	-4.336549390165757e+00	-4.32069180e+00	2.69951146e-01	3.74207563e+00	-2.95070304e+00	8.73324071e-01	
22	5.066851399717223e+01	-1.840589743763744e+01	3.33927582e+00	-1.00531698e+00	-3.84545670e+00	-4.07500857e+00	2.63965601e+00	
23	3.078694398039492e+01	3.984474302616796e+00	2.40544091e+00	1.46616732e+00	3.72709692e+00	-3.65613732e+00	-9.08285958e-01	
31	2.234243613671895e+01	1.775700851432462e+01	-2.43459853e+00	2.95407268e+00	-1.68515048e+00	3.92421681e+00	-2.14977719e+00	
45	2.816015467665346e+01	9.851137272662072e+00	-3.29894135e+00	1.64481406e+00	1.81978044e+00	2.09421959e-01	1.86322811e+00	
% instance = 2, name = bbob_f017_i03_d05__bbob_f021_i05_d05
% function evaluation | 2 objectives | 5 variables
1	2.882282108163404e+02	5.799077591874277e+02	3.69838651e+00	1.17868371e+00	2.13308230e+00	-1.54466279e+00	3.21228504e+00	
2	2.844706331680513e+02	5.719875064989859e+02	1.00967553e+00	-8.56550696e-01	7.09471002e-02	3.01232920e+00	1.50496687e-02	
6	2.965571435594977e+02	5.665111755463040e+02	3.09109369e+00	-1.38020177e-01	-4.11748831e+00	9.90791217e-01	-1.73217382e+00	
8	2.960464799949600e+02	5.689729252203887e+02	-4.02033013e+00	1.72379929e+00	2.40744026e+00	1.80268659e+00	-1.77936778e+00	
9	2.991430110218467e+02	5.444171642092779e+02	-2.66793095e+00	-1.23218149e+00	-3.68198521e+00	4.53000990e-01	-3.52038132e+00	
11	3.146963322264064e+02	5.314822854519123e+02	-4.73608956e-01	2.22847579e+00	-7.24791604e-01	-2.22361210e+00	-2.45041604e+00	
14	2.989161794824761e+02	5.659422988190565e+02	3.96501986e+00	-3.97381877e+00	2.97112672e+00	4.23338891e+00	-4.94739350e+00	
18	2.895681290487176e+02	5.428714028021436e+02	3.78113711e+00	1.87056011e-02	2.91115120e+00	3.47712339e+00	-2.29537778e+00	
24	2.940153251572513e+02	5.396059445135370e+02	1.68973099e-01	1.96001352e-01	-3.31654651e+00	-3.04559847e+00	1.52402624e+00	
31	2.937720216926572e+02	5.269833507949919e+02	-2.43459853e+00	2.95407268e+00	-1.68515048e+00	3.92421681e+00	-2.14977719e+00	
32	2.851905898984410e+02	5.484967916963210e+02	5.21874355e-01	2.29748950e-01	-4.37792305e+00	1.07790691e+00	1.88506511e+00	
33	2.901576601342967e+02	5.246266582350869e+02	-1.40054513e+00	4.02790616e+00	1.83609437e+00	1.19277786e+00	-1.57280981e+00	
34	2.809123423511735e+02	5.893441336049548e+02	4.13182559e+00	-7.80688517e-02	7.78186548e-01	3.44882889e+00	2.17850785e+00	
% instance = 3, name = bbob_f017_i07_d05__bbob_f021_i08_d05
% function evaluation | 2 objectives | 5 variables
1	1.858013264491101e+02	-4.347607409118428e+02	3.69838651e+00	1.17868371e+00	2.13308230e+00	-1.54466279e+00	3.21228504e+00	
2	1.352989399884372e+02	-4.207031289856004e+02	1.00967553e+00	-8.56550696e-01	7.09471002e-02	3.01232920e+00	1.50496687e-02	
3	1.317454048129317e+02	-4.504101246941694e+02	-5.01498795e-01	6.43283104e-01	-4.35973793e+00	2.22170005e+00	3.85125057e-01	
15	1.302401218296575e+02	-3.944096262502149e+02	1.94595110e+00	-9.44855571e-01	-3.25586383e+00	-1.13827348e+00	2.49249916e+00	
16	1.269822270485023e+02	-3.992046384624611e+02	-2.50951019e+00	8.03832730e-01	-4.72981706e+00	8.87447394e-01	3.86215435e+00	
29	1.295501826732375e+02	-4.017975437889575e+02	2.63842771e+00	-1.62427859e+00	-2.89474646e+00	9.46874676e-01	4.76335813e+00	
32	1.255084414057054e+02	-4.001661941661150e+02	5.21874355e-01	2.29748950e-01	-4.37792305e+00	1.07790691e+00	1.88506511e+00	
37	1.306852288680626e+02	-4.132404314002908e+02	-3.47188891e+00	3.95565111e-01	-2.84459500e+00	4.50669240e+00	3.20439031e+00	
43	1.291768786673285e+02	-4.028292810035136e+02	-3.45311681e+00	5.30566302e-01	-2.07346089e+00	8.28997022e-01	4.38672515e+00	
% instance = 4, name = bbob_f017_i09_d05__bbob_f021_i10_d05
% function evaluation | 2 objectives | 5 variables
1	7.606946911872915e+00	3.261854946626608e+02	3.69838651e+00	1.17868371e+00	2.13308230e+00	-1.54466279e+00	3.21228504e+00	
6	1.062934409280586e+02	3.214563804316059e+02	3.09109369e+00	-1.38020177e-01	-4.11748831e+00	9.90791217e-01	-1.73217382e+00	
16	2.427889024682536e+02	3.143203297826460e+02	-2.50951019e+00	8.03832730e-01	-4.72981706e+00	8.87447394e-01	3.86215435e+00	
29	4.841846205080558e+01	3.218799370058950e+02	2.63842771e+00	-1.62427859e+00	-2.89474646e+00	9.46874676e-01	4.76335813e+00	
44	1.139525213931819e+02	2.952868865968239e+02	-4.59230168e+00	-4.63636241e+00	7.91926949e-01	-4.98479394e+00	-2.15821010e+00	
% instance = 5, name = bbob_f017_i11_d05__bbob_f021_i12_d05
% function evaluation | 2 objectives | 5 variables
1	2.747847807882616e+02	-1.273097248216585e+02	3.69838651e+00	1.17868371e+00	2.13308230e+00	-1.54466279e+00	3.21228504e+00	
2	2.718230510593650e+02	-1.223843787863778e+02	1.00967553e+00	-8.56550696e-01	7.09471002e-02	3.01232920e+00	1.50496687e-02	
3	2.227752162713014e+02	-1.263231210322485e+02	-5.01498795e-01	6.43283104e-01	-4.35973793e+00	2.22170005e+00	3.85125057e-01	
4	2.154868587644106e+02	-1.578371257360439e+02	-3.66696002e+00	-2.75778991e+00	3.46276250e+00	1.68641129e+00	-3.21077456e+00	
5	2.484885221732718e+02	-1.749389568285428e+02	3.80160537e+00	3.09018580e+00	2.05256524e+00	-3.06284170e-01	-3.12702245e+00	
7	2.009309918059017e+02	-1.591897733020296e+02	-3.79573636e+00	3.25988744e+00	6.08063478e-02	-3.88380970e+00	-4.77025286e+00	
10	1.994749920466070e+02	-1.330437016152261e+02	-3.87371322e+00	3.38691965e+00	-3.05343055e+00	8.79569963e-01	-1.53397246e+00	
16	2.132687453480570e+02	-1.820107006445908e+02	-2.50951019e+00	8.03832730e-01	-4.72981706e+00	8.87447394e-01	3.86215435e+00	
% instance = 6, name = bbob_f017_i13_d05__bbob_f021_i14_d05
% function evaluation | 2 objectives | 5 variables
1	2.185942869088565e+02	-4.316273845057364e+02	3.69838651e+00	1.17868371e+00	2.13308230e+00	-1.54466279e+00	3.21228504e+00	
2	2.580239347385464e+02	-4.519224287337940e+02	1.00967553e+00	-8.56550696e-01	7.09471002e-02	3.01232920e+00	1.50496687e-02	
3	2.402836978472469e+02	-4.359488186429505e+02	-5.01498795e-01	6.43283104e-01	-4.35973793e+00	2.22170005e+00	3.85125057e-01	
5	2.263913798101038e+02	-4.343239651049143e+02	3.80160537e+00	3.09018580e+00	2.05256524e+00	-3.06284170e-01	-3.12702245e+00	
9	2.500578560470760e+02	-4.822899640464335e+02	-2.66793095e+00	-1.23218149e+00	-3.68198521e+00	4.53000990e-01	-3.52038132e+00	
10	2.248645327747072e+02	-4.473942488154307e+02	-3.87371322e+00	3.38691965e+00	-3.05343055e+00	8.79569963e-01	-1.53397246e+00	
11	2.142300210624592e+02	-4.899509640314844e+02	-4.73608956e-01	2.22847579e+00	-7.24791604e-01	-2.22361210e+00	-2.45041604e+00	
43	2.405202777120979e+02	-4.943361284611389e+02	-3.45311681e+00	5.30566302e-01	-2.07346089e+00	8.28997022e-01	4.38672515e+00	
% instance = 7, name = bbob_f017_i15_d05__bbob_f021_i16_d05
% function evaluation | 2 objectives | 5 variables
1	-3.317896903796042e+02	9.676738369566030e+01	3.69838651e+00	1.17868371e+00	2.13308230e+00	-1.54466279e+00	3.21228504e+00	
2	-3.340526089576949e+02	6.142120725153422e+01	1.00967553e+00	-8.56550696e-01	7.09471002e-02	3.01232920e+00	1.50496687e-02	
4	-3.360446355315893e+02	4.936241148134465e+01	-3.66696002e+00	-2.75778991e+00	3.46276250e+00	1.68641129e+00	-3.21077456e+00	
10	-3.320517582933993e+02	4.221846871315168e+01	-3.87371322e+00	3.38691965e+00	-3.05343055e+00	8.79569963e-01	-1.53397246e+00	
16	-3.387302233538603e+02	8.719711124197622e+01	-2.50951019e+00	8.03832730e-01	-4.72981706e+00	8.87447394e-01	3.86215435e+00	
18	-3.381531534404648e+02	6.408933312584468e+01	3.78113711e+00	1.87056011e-02	2.91115120e+00	3.47712339e+00	-2.29537778e+00	
32	-3.384698758006733e+02	8.306866443581875e+01	5.21874355e-01	2.29748950e-01	-4.37792305e+00	1.07790691e+00	1.88506511e+00	
35	-3.364028457305087e+02	5.658563653060203e+01	-2.22661870e+00	-3.26902349e+00	-4.14496618e+00	-3.87351586e-01	-3.41291341e+00	
% instance = 8, name = bbob_f017_i17_d05__bbob_f021_i18_d05
% function evaluation | 2 objectives | 5 variables
1	1.657168275926851e+02	-7.505172296822465e+02	3.69838651e+00	1.17868371e+00	2.13308230e+00	-1.54466279e+00	3.21228504e+00	
2	1.160246451304510e+02	-7.544392261968108e+02	1.00967553e+00	-8.56550696e-01	7.09471002e-02	3.01232920e+00	1.50496687e-02	
3	1.090452012364598e+02	-7.702543133781073e+02	-5.01498795e-01	6.43283104e-01	-4.35973793e+00	2.22170005e+00	3.85125057e-01	
4	1.147980158228061e+02	-7.705214918989572e+02	-3.66696002e+00	-2.75778991e+00	3.46276250e+00	1.68641129e+00	-3.21077456e+00	
6	1.077605361144749e+02	-7.953176136783578e+02	3.09109369e+00	-1.38020177e-01	-4.11748831e+00	9.90791217e-01	-1.73217382e+00	
9	1.044897904992678e+02	-7.500954996962365e+02	-2.66793095e+00	-1.23218149e+00	-3.68198521e+00	4.53000990e-01	-3.52038132e+00	
19	1.034219582849896e+02	-7.523163042847017e+02	-2.12772382e+00	-3.80008396e+00	-1.62846357e+00	4.25341385e+00	-3.76880429e-01	
24	1.106415829370394e+02	-8.020586252166922e+02	1.68973099e-01	1.96001352e-01	-3.31654651e+00	-3.04559847e+00	1.52402624e+00	
35	1.019104970473874e+02	-7.540214841958921e+02	-2.22661870e+00	-3.26902349e+00	-4.14496618e+00	-3.87351586e-01	-3.41291341e+00	
36	1.048427631334806e+02	-7.563432914097505e+02	1.89906958e+00	-1.43487488e+00	-7.29806604e-01	-4.56987303e+00	-2.81520924e+00	
43	1.430658009087775e+02	-8.048185400484484e+02	-3.45311681e+00	5.30566302e-01	-2.07346089e+00	8.28997022e-01	4.38672515e+00	
47	1.039071413177171e+02	-7.565025914022428e+02	-1.42084538e+00	4.05579072e-02	-3.99646278e+00	3.05886389e+00	-6.58934763e-01	
50	1.094938945770894e+02	-8.152794551438311e+02	2.11361865e+00	4.99335782e-01	2.70928249e+00	-3.42739635e+00	-4.39799999e+00	
% instance = 9, name = bbob_f017_i19_d05__bbob_f021_i21_d05
% function evaluation | 2 objectives | 5 variables
1	1.486680946995995e+02	-1.574140931044008e+02	3.69838651e+00	1.17868371e+00	2.13308230e+00	-1.54466279e+00	3.21228504e+00	
3	1.374996600465150e+02	-1.514136296877636e+02	-5.01498795e-01	6.43283104e-01	-4.35973793e+00	2.22170005e+00	3.85125057e-01	
5	1.850775991864195e+02	-1.578908349316270e+02	3.80160537e+00	3.09018580e+00	2.05256524e+00	-3.06284170e-01	-3.12702245e+00	
6	1.377470461175556e+02	-1.595752208577554e+02	3.09109369e+00	-1.38020177e-01	-4.11748831e+00	9.90791217e-01	-1.73217382e+00	
11	1.296082449010311e+02	-1.474727394165338e+02	-4.73608956e-01	2.22847579e+00	-7.24791604e-01	-2.22361210e+00	-2.45041604e+00	
15	1.319913504012344e+02	-1.496579236032910e+02	1.94595110e+00	-9.44855571e-01	-3.25586383e+00	-1.13827348e+00	2.49249916e+00	
19	2.027498954270796e+02	-1.850534475907910e+02	-2.12772382e+00	-3.80008396e+00	-1.62846357e+00	4.25341385e+00	-3.76880429e-01	
24	1.243507933166133e+02	-1.404534514669912e+02	1.68973099e-01	1.96001352e-01	-3.31654651e+00	-3.04559847e+00	1.52402624e+00	
25	1.288962765274060e+02	-1.419148225352345e+02	2.00330200e+00	-2.65156101e+00	-4.77401463e+00	-2.98787777e+00	2.31581151e+00	
26	1.362387775385750e+02	-1.809387773885994e+02	2.98257476e+00	2.14664468e+00	-3.99365492e+00	-2.56737610e+00	-4.05199851e+00	
43	1.434872866295284e+02	-2.060074367369752e+02	-3.45311681e+00	5.30566302e-01	-2.07346089e+00	8.28997022e-01	4.38672515e+00	
% instance = 10, name = bbob_f017_i21_d05__bbob_f021_i22_d05
% function evaluation | 2 objectives | 5 variables
1	9.412538912345133e+01	3.086717015286242e+02	3.69838651e+00	1.17868371e+00	2.13308230e+00	-1.54466279e+00	3.21228504e+00	
2	4.893508863808885e+01	2.874703601420987e+02	1.00967553e+00	-8.56550696e-01	7.09471002e-02	3.01232920e+00	1.50496687e-02	
29	4.352304218405354e+01	3.481569737502327e+02	2.63842771e+00	-1.62427859e+00	-2.89474646e+00	9.46874676e-01	4.76335813e+00	
30	5.448480771493610e+01	2.853117954852576e+02	3.38109972e+00	7.69281116e-01	-4.85886417e+00	5.13206545e-01	3.35674965e+00	
