% instance = 1, name = bbob_f017_i02_d10__bbob_f021_i04_d10
% function evaluation | 2 objectives 
1	3.464099779033639e+01	4.098523634620180e+01	
8	2.938922168390072e+01	4.954897428842223e+01	
10	4.397903854242963e+01	-9.766849973259440e+00	
12	3.004168699554362e+01	4.625558871600134e+01	
29	4.385465749788873e+01	4.089944444013645e+01	
33	3.404874153121347e+01	4.343156377863866e+01	
36	3.979245539363425e+01	3.954617084851144e+01	
37	3.267574927180446e+01	3.834768640316572e+01	
44	2.519690176541690e+01	4.617890955341312e+01	
56	2.787396812630259e+01	4.089966303750879e+01	
70	3.570218899420434e+01	9.383325516834610e+00	
77	3.538176474874302e+01	2.884918826067396e+01	
% instance = 2, name = bbob_f017_i03_d10__bbob_f021_i05_d10
% function evaluation | 2 objectives 
1	3.179581934190995e+02	5.984709252308973e+02	
2	3.119394491934355e+02	5.891254032789800e+02	
3	3.040135641442412e+02	5.982837818848741e+02	
4	2.941570266892693e+02	5.926433719035183e+02	
5	2.917997404802456e+02	5.961475089321117e+02	
8	2.887034459925748e+02	5.859279267505104e+02	
16	2.917786328699402e+02	5.855748165459889e+02	
24	2.955748865708191e+02	5.836138876827423e+02	
38	2.833641228455303e+02	6.003813821055195e+02	
45	2.947239320511012e+02	5.847949038789775e+02	
70	3.049076305080472e+02	5.828029167062998e+02	
72	2.863214840343003e+02	5.968837806338754e+02	
79	3.545619099259227e+02	5.685279095231804e+02	
87	2.907806792440600e+02	5.854560592998788e+02	
91	2.874533238265733e+02	5.942628121501962e+02	
100	2.918877286030297e+02	5.793083561949427e+02	
% instance = 3, name = bbob_f017_i07_d10__bbob_f021_i08_d10
% function evaluation | 2 objectives 
1	1.359734077673933e+02	-3.911167723741362e+02	
2	1.393034085765102e+02	-3.913110354761325e+02	
3	1.562163201660017e+02	-3.971802674191460e+02	
4	1.317859311085966e+02	-3.910153768404834e+02	
5	1.497151450658345e+02	-3.917465814120147e+02	
6	1.701023045345799e+02	-3.976781807759062e+02	
8	1.372821124726182e+02	-3.937444924496751e+02	
12	1.433927070209475e+02	-3.977688558432574e+02	
17	1.507656956365252e+02	-3.980241268372665e+02	
20	2.045162068364386e+02	-4.147295508296102e+02	
30	1.331648287160711e+02	-3.925325948892119e+02	
32	1.426331417252379e+02	-4.040810919948831e+02	
37	1.372455008061910e+02	-3.946776233197239e+02	
44	1.322606242954897e+02	-3.999747828973604e+02	
55	1.289326444962005e+02	-3.954882874412285e+02	
% instance = 4, name = bbob_f017_i09_d10__bbob_f021_i10_d10
% function evaluation | 2 objectives 
1	1.712652512386869e+01	3.638276895016607e+02	
6	2.194749983325482e+02	3.609194870940931e+02	
10	3.148198135544079e+02	3.540516126859667e+02	
11	1.592080502364823e+02	3.581150112195214e+02	
12	1.014400452984617e+01	3.646321898769802e+02	
13	4.145817087741806e+01	3.579831805525417e+02	
22	3.087265686180389e+02	3.558617876018880e+02	
32	2.061208463680367e+01	3.588932902347162e+02	
34	1.818170874081101e+02	3.546071171325940e+02	
38	1.740250574291057e+02	3.563809052285235e+02	
43	1.872402664657379e+01	3.635638135614128e+02	
52	1.354610579787104e+02	3.440504753855355e+02	
54	8.095033736448816e+00	3.675573105605325e+02	
66	3.410875642429981e+01	3.566633580462906e+02	
79	5.990160722448852e+01	3.549718938792684e+02	
94	1.657770878475035e+01	3.634096391885766e+02	
97	1.802671205679859e+01	3.613306525165493e+02	
% instance = 5, name = bbob_f017_i11_d10__bbob_f021_i12_d10
% function evaluation | 2 objectives 
1	2.451601676970194e+02	-1.323988101668071e+02	
2	2.123529538825797e+02	-1.110545940029617e+02	
3	2.156100478659126e+02	-1.204696975360349e+02	
6	2.036164027578166e+02	-1.125759382362753e+02	
10	2.085134743899197e+02	-1.166068935869766e+02	
15	2.350922382537927e+02	-1.270590285124112e+02	
16	2.027199049032187e+02	-1.208458071710602e+02	
17	2.021211592123103e+02	-1.151968121843898e+02	
23	2.123477571360585e+02	-1.241420338965611e+02	
31	2.421945271920739e+02	-1.274530133523013e+02	
42	2.439624906597099e+02	-1.558108165462696e+02	
59	2.076935187887102e+02	-1.276436836846408e+02	
72	2.236431313435269e+02	-1.423130942180294e+02	
76	2.192022875868502e+02	-1.327695237446208e+02	
90	2.074683050348063e+02	-1.210367947730868e+02	
% instance = 6, name = bbob_f017_i13_d10__bbob_f021_i14_d10
% function evaluation | 2 objectives 
1	3.608647931500686e+02	-4.180074458236521e+02	
2	2.337051110327606e+02	-4.188602048553386e+02	
4	2.254334926408748e+02	-4.306457843010064e+02	
16	2.221652065918751e+02	-4.194882620867734e+02	
27	2.250141432314167e+02	-4.251440397894382e+02	
42	3.046118015818963e+02	-4.332301532458927e+02	
90	2.219910006167395e+02	-4.232026380832119e+02	
92	2.689714752580364e+02	-4.370192937102591e+02	
% instance = 7, name = bbob_f017_i15_d10__bbob_f021_i16_d10
% function evaluation | 2 objectives 
1	-3.260994852431708e+02	1.025563125289037e+02	
2	-2.822740495916401e+02	1.015179699254632e+02	
9	-3.302049326325475e+02	1.096571071654849e+02	
10	-3.346193209126956e+02	9.617633155887617e+01	
25	-3.365433458834059e+02	1.089393490808311e+02	
33	-3.382297523677656e+02	8.698730256063575e+01	
36	-3.386041711714721e+02	1.029840930331561e+02	
41	-3.181006120647680e+02	7.740498986396400e+01	
56	-3.403162199490005e+02	1.076410366945541e+02	
% instance = 8, name = bbob_f017_i17_d10__bbob_f021_i18_d10
% function evaluation | 2 objectives 
1	1.225550427313593e+02	-7.417851045538436e+02	
2	1.204782314918495e+02	-7.447342031873447e+02	
3	1.201982273398127e+02	-7.477359391464101e+02	
4	1.113029230252052e+02	-7.449574962534125e+02	
6	1.256205333110501e+02	-7.491612463968640e+02	
8	1.159001215226681e+02	-7.515807586846437e+02	
10	1.107348260220871e+02	-7.434119289575144e+02	
16	1.022476090876082e+02	-7.469644532208210e+02	
17	1.114068878725759e+02	-7.537703584972412e+02	
28	1.105343596329917e+02	-7.495720502263332e+02	
36	1.007368884754239e+02	-7.479415306830324e+02	
44	1.064978196054458e+02	-7.507243844970239e+02	
53	1.196844938005502e+02	-7.597818357608419e+02	
63	1.087802178623330e+02	-7.534307388649370e+02	
70	1.466607896450201e+02	-7.793825187066842e+02	
80	1.031866120857383e+02	-7.653338365845674e+02	
84	1.004944577507737e+02	-7.424217922261548e+02	
87	9.907833948205655e+01	-7.426378007621006e+02	
93	1.035990898801893e+02	-7.662975161176497e+02	
% instance = 9, name = bbob_f017_i19_d10__bbob_f021_i21_d10
% function evaluation | 2 objectives 
1	1.393186750946490e+02	-1.485337747269645e+02	
3	1.571979798228119e+02	-1.498691975766860e+02	
5	1.336329781685508e+02	-1.480133154762659e+02	
44	1.324733721269789e+02	-1.380921025977863e+02	
57	1.392550746014673e+02	-1.516999665031965e+02	
% instance = 10, name = bbob_f017_i21_d10__bbob_f021_i22_d10
% function evaluation | 2 objectives 
1	6.742968609943097e+01	3.517053133055867e+02	
2	6.161553583668749e+01	3.438795014856695e+02	
7	6.060755053483145e+01	3.562565225328210e+02	
8	9.939473023777272e+01	3.423818013804727e+02	
10	5.683526422111557e+01	3.515079981825009e+02	
15	6.601033317707058e+01	3.331045026281859e+02	
25	5.313095278014890e+01	3.558905545246690e+02	
31	6.144196139217662e+01	3.472646694792938e+02	
33	5.300612099634291e+01	3.519170146738655e+02	
56	5.705669841955593e+01	3.434133201567552e+02	
82	6.454188918261538e+01	3.382669053957837e+02	
