% instance = 1, name = bbob_f008_i02_d20__bbob_f017_i04_d20
% function evaluation | 2 objectives 
1	8.700112564319671e+05	6.719327063722511e+01	
2	6.630480851288809e+05	1.137948003142270e+02	
3	5.654884501016213e+05	8.453448520810541e+01	
5	6.525444841184156e+05	6.763424847459656e+01	
9	1.637918200949934e+05	6.382129339757925e+01	
11	5.262140686231055e+05	6.301424604542302e+01	
19	4.279417429179283e+05	6.058797605365439e+01	
20	9.250615022402570e+05	5.488473525000843e+01	
21	5.682785310571623e+05	5.876001529848386e+01	
22	4.192379215119611e+05	5.470145537147468e+01	
32	3.357423708463376e+05	5.949387091061918e+01	
40	2.884388626087763e+05	6.129515342182711e+01	
42	2.232812458262622e+05	5.638810546206653e+01	
47	8.809083401522331e+04	6.369255478270086e+01	
76	6.877659429218841e+05	5.374919032449895e+01	
77	3.131191569833674e+05	5.403743954176306e+01	
88	4.545114121268464e+05	5.090996366376561e+01	
128	3.034589522823701e+05	5.358216506817425e+01	
% instance = 2, name = bbob_f008_i03_d20__bbob_f017_i05_d20
% function evaluation | 2 objectives 
1	4.945463405328589e+05	-1.223225107826955e+02	
2	3.539268984661544e+05	-1.289742345074582e+02	
18	1.981561563112375e+05	-1.179681970443668e+02	
19	6.764547873233352e+05	-1.342569052674500e+02	
32	3.031635978756872e+05	-1.298701895611681e+02	
40	1.561620826401360e+05	-1.030067497461374e+02	
47	1.489118973750902e+05	-1.311145853496239e+02	
83	1.048452136684254e+05	-3.732291537903519e+01	
95	6.684687951877717e+05	-1.328509633770221e+02	
116	1.203666097103835e+05	-1.237526282264309e+02	
132	4.420524258726572e+05	-1.321305077598409e+02	
% instance = 3, name = bbob_f008_i07_d20__bbob_f017_i08_d20
% function evaluation | 2 objectives 
1	2.077915149794308e+05	9.477117690589303e+01	
3	4.221331633413539e+05	9.191078696194850e+01	
5	3.401583268697795e+05	8.108180088694951e+01	
17	1.186897788027670e+05	9.119345747942364e+01	
19	2.525318659328783e+05	9.085463368097587e+01	
35	9.428523657275618e+04	9.046238539384079e+01	
55	3.267603120992188e+05	8.358679697425146e+01	
57	1.347903435373973e+05	9.022827888107565e+01	
68	2.818813240478103e+05	8.904431891690561e+01	
87	2.573738057291954e+05	8.820864077043544e+01	
89	2.192770775778152e+05	8.602231232862616e+01	
98	1.787218909361093e+05	8.246415094722761e+01	
112	7.537916506320400e+04	9.267284160244972e+01	
% instance = 4, name = bbob_f008_i09_d20__bbob_f017_i10_d20
% function evaluation | 2 objectives 
1	3.782585794860368e+05	3.145566800482194e+02	
2	4.106141064118464e+05	1.104568831552829e+02	
5	6.160100521212533e+05	1.052836960234995e+02	
6	8.955420598932436e+05	4.574811845813677e+01	
18	3.313309909730445e+05	3.969027062227333e+01	
19	4.756028832669538e+05	3.852367000556288e+01	
21	1.004450706101926e+06	3.233401685717259e+01	
31	6.413951374073663e+05	3.766711541552199e+01	
43	2.455821599931122e+05	5.641386696209025e+01	
47	2.756715432304511e+05	4.447753754188030e+01	
58	3.755967932644962e+05	3.798348210954656e+01	
69	4.407815058775769e+05	3.208711213002995e+01	
70	3.402977726073111e+05	3.746147693077462e+01	
74	7.648557062530101e+04	5.451388290303377e+01	
107	7.632122714366445e+05	2.508890689515179e+01	
114	6.524043707484760e+05	2.265607426955306e+01	
130	4.492498254928463e+05	2.308388205629292e+01	
144	7.373734744432110e+04	8.239500029071439e+01	
168	2.624481229861308e+05	4.517924399642553e+01	
197	3.587842000376731e+05	3.688280743950707e+01	
% instance = 5, name = bbob_f008_i11_d20__bbob_f017_i12_d20
% function evaluation | 2 objectives 
1	2.739173096708390e+05	1.324514563003875e+02	
2	3.987516561544157e+05	1.154745992854762e+02	
3	3.228085894934781e+05	1.091440243008306e+02	
4	8.770452021591128e+05	7.598055379881126e+01	
6	3.332813181424695e+05	7.788607998378978e+01	
8	5.898479858252478e+05	6.340885216636210e+01	
9	4.752031230203969e+05	7.479709420742540e+01	
11	3.025907884524167e+05	1.208838210428835e+02	
18	3.759618799244448e+05	7.599282386494659e+01	
19	2.903586166125666e+05	8.761492423384090e+01	
21	2.582579027764825e+05	7.412479074188049e+01	
29	2.272676809812367e+05	8.557361212218585e+01	
41	1.810087648688056e+05	8.655447251641755e+01	
46	1.044310487120713e+05	1.120207524082620e+02	
50	1.338570200437656e+05	1.061049072879167e+02	
52	4.059081375550780e+05	7.048054814735951e+01	
54	9.493261704177136e+04	1.164313848657156e+02	
78	5.211618846925275e+05	7.027426134358612e+01	
83	3.613409730703508e+05	7.140592301110189e+01	
112	1.599886046659526e+05	8.242477485435637e+01	
118	1.073398068067756e+05	1.014963264847271e+02	
127	2.061805872712233e+05	7.529782221174365e+01	
129	1.170848477229028e+05	9.096265675086079e+01	
154	9.602318027965550e+04	9.528424481760395e+01	
165	3.147639656029519e+05	6.615188841150091e+01	
193	2.995609759474808e+05	6.412819711629993e+01	
% instance = 6, name = bbob_f008_i13_d20__bbob_f017_i14_d20
% function evaluation | 2 objectives 
1	7.309853665735242e+05	-1.345338404461586e+02	
2	7.714207946929749e+05	-1.511042156043509e+02	
3	6.476211844667270e+05	-1.315084755514308e+02	
6	6.912564596004571e+05	-1.448322738826730e+02	
9	6.148792331580502e+05	-1.449474197078021e+02	
14	5.166500204757669e+05	2.346331662232691e+02	
16	2.930096907233036e+05	-1.262258375006944e+02	
17	5.787948890159813e+05	-1.437967060259896e+02	
18	1.789026243364797e+05	-1.413080838350743e+02	
19	7.002411878159437e+05	-1.537245138332516e+02	
21	5.138753389255767e+05	-1.445178233220970e+02	
22	6.663336604982674e+05	-1.564040388772632e+02	
30	4.828549035596639e+05	-1.466732108849548e+02	
35	4.487141599625929e+05	-1.534756618837960e+02	
44	3.902097443588885e+05	-1.495861839079774e+02	
47	5.869260873991101e+04	-1.530624781989937e+02	
83	3.396362240930936e+05	-1.564967935512654e+02	
% instance = 7, name = bbob_f008_i15_d20__bbob_f017_i16_d20
% function evaluation | 2 objectives 
1	4.045470964873250e+05	2.171197288870771e+02	
3	4.200267197901516e+05	1.939860378637691e+02	
6	2.767156380497599e+05	4.840459934776279e+02	
17	3.642289394017369e+05	2.647601949096935e+02	
18	4.125336680222147e+05	2.129938227722604e+02	
33	2.675563482717826e+05	1.940452775666380e+02	
38	2.527532988693535e+05	1.896099124818003e+02	
39	3.842009660828190e+05	1.876735562302725e+02	
62	2.198446358882275e+05	2.001914791616153e+02	
83	1.532365032246179e+05	2.502131026359643e+02	
109	3.456626482883042e+05	1.889793106138706e+02	
164	2.030804187672420e+05	2.135276504789052e+02	
191	4.258364993153048e+05	1.873726686558909e+02	
% instance = 8, name = bbob_f008_i17_d20__bbob_f017_i18_d20
% function evaluation | 2 objectives 
1	4.963767324983217e+05	-2.142482471306794e+02	
3	2.982077150731400e+05	-2.150891567965220e+02	
9	7.492780556281280e+05	-2.198853194943117e+02	
13	7.406878779118825e+05	-2.155055254229553e+02	
14	5.133300838157117e+05	-2.211445229562517e+02	
18	1.478911261344985e+05	-1.954330569123106e+02	
22	5.758073019208345e+05	-2.250092945276308e+02	
23	3.379776999329025e+05	-2.190919913457520e+02	
25	2.893424731997378e+05	-2.093159038279250e+02	
28	2.809732822740767e+05	-2.224532800001371e+02	
46	1.795479120965018e+05	-2.133410031973408e+02	
47	2.141967846218381e+05	-2.193379969715999e+02	
69	5.032600217679097e+05	-2.238334663461015e+02	
81	1.774239018588904e+05	-2.199702966817761e+02	
85	2.773176374243780e+05	-2.224723017588836e+02	
116	3.073162980690692e+05	-2.229737090695970e+02	
117	1.379026168672911e+05	-1.936689776736700e+02	
124	2.698211532350720e+05	-2.206981151449198e+02	
127	8.188333301179808e+05	-2.250589185836579e+02	
129	1.621154668012027e+05	-2.006425533742586e+02	
169	3.031056780285771e+05	-2.229403863520778e+02	
170	3.525296585646634e+05	-2.236915050870487e+02	
% instance = 9, name = bbob_f008_i19_d20__bbob_f017_i21_d20
% function evaluation | 2 objectives 
1	3.708100473918093e+05	8.015570362229047e+01	
2	3.293139530863987e+05	1.055384493230200e+02	
3	2.654295731347974e+05	1.043224861316027e+02	
5	7.730115354299911e+05	6.229792636214153e+01	
6	5.969056493259666e+05	7.352123669844299e+01	
9	2.471737438819919e+05	8.506703054787596e+01	
13	5.927233622898229e+05	7.546180285483462e+01	
14	2.781753181521565e+05	7.724210535254130e+01	
17	3.851288973559975e+05	6.001064412496805e+01	
18	1.843733993402837e+05	1.477117405316076e+02	
28	3.777538935809332e+05	6.866255750605755e+01	
33	5.223661161006380e+05	5.816238328620904e+01	
38	3.655090356693957e+05	6.504113029021778e+01	
41	3.323621851586268e+05	7.281145010083176e+01	
47	8.437924252191436e+04	1.111913610982184e+02	
50	1.863804950465976e+05	6.782599376139098e+01	
61	3.426335408479237e+05	6.585702984625065e+01	
72	2.381409130918917e+05	5.834620159325886e+01	
112	2.371805398312952e+05	6.405791589968523e+01	
116	1.677672640010869e+05	6.864957693771770e+01	
152	1.376812362690562e+05	7.218108964254893e+01	
170	2.370730543173333e+05	5.825676776475177e+01	
195	2.149383065872178e+05	5.917696791912175e+01	
199	4.851382541361242e+05	5.663544137513351e+01	
% instance = 10, name = bbob_f008_i21_d20__bbob_f017_i22_d20
% function evaluation | 2 objectives 
1	5.189959709830232e+05	8.910372870578409e+01	
2	4.052515343350699e+05	1.732013517917835e+02	
3	4.202123857454432e+05	7.357087150028840e+01	
10	6.851537558461982e+05	7.334586586034128e+01	
17	4.866468373324088e+05	6.270887532282258e+01	
18	3.888041970151994e+05	1.009169651089040e+02	
19	3.740888637729602e+05	7.678354915001566e+01	
21	3.929001906139477e+05	6.116114447472143e+01	
32	3.261659858135672e+05	9.289495142499266e+01	
41	3.259704207213878e+05	6.502988097467812e+01	
47	2.020412844739820e+05	7.694486760648202e+01	
83	1.313984510666203e+05	9.151001584130245e+01	
88	3.237464715323483e+05	7.116881575235072e+01	
96	3.177945977881819e+05	6.265040339617477e+01	
102	2.483074346391443e+05	6.993503079840818e+01	
112	3.778043657858808e+05	6.159424501239646e+01	
