% instance = 1, name = bbob_f002_i02_d10__bbob_f013_i04_d10
% function evaluation | 2 objectives 
1	4.834166321000122e+06	2.448478685999099e+03	
10	1.758084037701886e+06	3.090707964236689e+03	
12	3.503830508401115e+06	2.225943100452795e+03	
16	1.434774696109477e+06	2.573865754111827e+03	
56	1.026013327278710e+06	3.346563850319609e+03	
66	1.495840134012641e+06	2.431988569911921e+03	
67	1.252165695849842e+06	2.948604150235855e+03	
84	1.972261163908798e+06	2.414277468768418e+03	
85	1.507099892143271e+07	2.215357575871350e+03	
93	1.149912851761723e+06	2.365386308628845e+03	
% instance = 2, name = bbob_f002_i03_d10__bbob_f013_i05_d10
% function evaluation | 2 objectives 
1	1.820640025914968e+07	1.151610813024156e+03	
3	2.928085594058354e+07	9.537524347016370e+02	
8	4.326401673221053e+06	1.834486983141611e+03	
11	2.428899258578302e+06	2.616893252793661e+03	
12	5.004999449516990e+06	1.588906090809273e+03	
15	3.790835204978030e+06	1.594890214786087e+03	
17	9.869882093000956e+06	1.280957622180349e+03	
31	2.475810256787671e+06	1.904696476179899e+03	
39	1.184257253112715e+06	2.701342115882315e+03	
42	1.373822516371743e+06	2.245796956716384e+03	
47	1.057026788489245e+06	2.275323332939514e+03	
48	8.660068730329510e+05	1.997167725766663e+03	
61	1.132981476387370e+06	1.993317100410588e+03	
67	9.696172999228196e+06	1.245894541755953e+03	
92	4.071105525855999e+06	1.591802234401851e+03	
% instance = 3, name = bbob_f002_i07_d10__bbob_f013_i08_d10
% function evaluation | 2 objectives 
1	7.451217660891488e+05	1.169603365793627e+03	
4	1.661501825335342e+06	9.246333062489855e+02	
9	3.599407484312697e+06	8.716907540447698e+02	
30	2.839916274770824e+06	5.571099664396941e+02	
38	1.862364843716837e+07	4.456602151092068e+02	
51	7.561383384939750e+06	4.407848822105934e+02	
53	5.644844112039703e+05	2.931565482195612e+03	
66	2.569985921469458e+06	6.832980744409301e+02	
77	7.164422261192229e+06	5.293149740071799e+02	
91	1.591698606261747e+07	4.217935333734772e+00	
94	1.199082119316471e+07	2.668936850523082e+02	
% instance = 4, name = bbob_f002_i09_d10__bbob_f013_i10_d10
% function evaluation | 2 objectives 
1	8.728632860421043e+06	1.399797324069125e+03	
2	6.409119682260099e+06	1.693698994550979e+03	
3	4.737936726572353e+06	1.925870764364787e+03	
4	3.577414314261866e+06	1.716166646972768e+03	
6	8.541153202788593e+06	1.501816144711195e+03	
13	7.988616498047210e+06	1.545191242713433e+03	
14	3.362799107336897e+06	2.264679277285716e+03	
22	2.909868240987229e+06	1.654409015734455e+03	
26	1.301860344751670e+06	1.304379275490599e+03	
29	1.406288558930771e+07	1.257140083771398e+03	
37	8.725074430124802e+05	1.045744291596844e+03	
76	7.415761353185005e+05	1.888774176572856e+03	
77	7.573538508096023e+05	1.393850333139269e+03	
94	4.697648915054077e+06	1.033350651600261e+03	
% instance = 5, name = bbob_f002_i11_d10__bbob_f013_i12_d10
% function evaluation | 2 objectives 
1	1.645265865394288e+07	1.862393205192990e+03	
2	8.508106474606608e+05	1.782073143885016e+03	
8	6.771564678337307e+07	1.674072675411155e+03	
10	2.220413114329704e+07	1.695952490128737e+03	
21	2.917891872860551e+07	1.087846830289477e+03	
45	1.587228999232850e+06	1.321461504203683e+03	
80	6.018040903648530e+05	3.012107570886613e+03	
82	8.011490757280629e+05	2.252365122619118e+03	
% instance = 6, name = bbob_f002_i13_d10__bbob_f013_i14_d10
% function evaluation | 2 objectives 
1	1.638878721758866e+07	2.164165375003237e+03	
2	1.109338437504945e+06	1.921956720084988e+03	
5	7.084247354601610e+06	1.509508306560763e+03	
9	4.275496674078519e+06	1.745870171194291e+03	
23	5.292473170080395e+06	1.549646393909583e+03	
26	1.114164007070994e+07	1.446220471826569e+03	
37	4.456013572245732e+06	1.611904539002602e+03	
40	1.364282708528920e+06	1.569809974316912e+03	
42	6.129995253787497e+07	1.428310745087823e+03	
51	4.334496841154450e+06	1.467317207682572e+03	
64	5.831080061524326e+06	1.377646571872288e+03	
73	1.441566786385130e+07	1.353799658182642e+03	
82	2.977291110694876e+05	1.278960689729511e+03	
99	1.861462449637476e+05	2.354670775884215e+03	
% instance = 7, name = bbob_f002_i15_d10__bbob_f013_i16_d10
% function evaluation | 2 objectives 
1	1.364779645311305e+07	2.586123603498640e+03	
2	4.010694628704146e+05	1.993380693767699e+03	
8	6.310618519008352e+07	1.840141794089157e+03	
10	1.876828515471570e+07	1.991780485178038e+03	
15	5.654211979846371e+07	1.900626986923315e+03	
16	3.223768962013737e+07	1.783705865510835e+03	
33	2.870115121520500e+07	1.893607320597348e+03	
36	5.531171234333809e+07	1.675865532301480e+03	
40	1.708156856843936e+06	1.708926449303785e+03	
45	1.326311695101488e+06	1.641170552333831e+03	
80	5.820704990244000e+05	1.973735399355416e+03	
86	1.429444857772547e+07	1.517803415102021e+03	
99	2.839670849957971e+05	2.516391995047637e+03	
% instance = 8, name = bbob_f002_i17_d10__bbob_f013_i18_d10
% function evaluation | 2 objectives 
1	8.849905690699402e+06	2.146890970971029e+03	
2	2.677737109360763e+06	2.864524412268279e+03	
3	2.236034639484824e+06	2.362146688932694e+03	
4	1.783278293549902e+06	2.597797263356879e+03	
5	1.861799600235601e+06	2.546904026888489e+03	
8	4.099000857503808e+07	1.715708244660465e+03	
12	1.650111201641223e+07	2.047963628918403e+03	
14	7.516151159256181e+06	2.289601573943356e+03	
16	1.936261982904413e+07	1.765181936973414e+03	
22	4.867436043365838e+06	1.707414043899242e+03	
34	4.165190356253664e+06	1.788416752309422e+03	
37	1.123487158416075e+06	2.285055433867481e+03	
38	2.397740452437047e+07	1.454736640182097e+03	
44	3.180971345979838e+07	1.342460503719354e+03	
58	1.011428208219451e+07	1.602220162541658e+03	
91	4.393252475157089e+06	1.693177202006315e+03	
92	1.592232406978430e+07	1.141766832431654e+03	
94	2.347889775564122e+06	1.881298020503506e+03	
100	9.543090199649357e+05	2.494330232209351e+03	
% instance = 9, name = bbob_f002_i19_d10__bbob_f013_i21_d10
% function evaluation | 2 objectives 
1	2.730373200003884e+06	1.109388269659890e+03	
10	6.361424681587099e+05	2.165440280341789e+03	
16	8.932987179550983e+05	1.787771142113981e+03	
17	1.392783490586151e+06	1.604463325743510e+03	
59	4.641280043601207e+05	1.850836290624914e+03	
67	2.961007918298944e+05	1.187786565908904e+03	
% instance = 10, name = bbob_f002_i21_d10__bbob_f013_i22_d10
% function evaluation | 2 objectives 
1	6.738244618499418e+06	1.760592434599094e+03	
2	3.730713104502396e+06	2.392016542016152e+03	
3	1.101876230419278e+06	1.920102360651010e+03	
4	2.217636928077359e+06	1.696965328881853e+03	
12	2.084195003199908e+07	1.522837036494526e+03	
20	5.839729103542954e+05	2.580575220449683e+03	
23	1.545100918696135e+07	1.529445963333019e+03	
37	7.675970782787229e+06	1.011578333004144e+03	
55	1.534404191566540e+06	1.796571271017486e+03	
62	6.947730505767077e+05	2.496691913973411e+03	
70	1.107543968371157e+07	5.748352034762906e+02	
91	7.380208692935740e+06	1.524500486208750e+03	
97	6.157633210375751e+06	1.384062215802924e+03	
