% instance = 1, name = bbob_f001_i02_d02__bbob_f002_i04_d02
% function evaluation | 2 objectives | 2 variables
1	4.687486075337904e+02	1.197796156969363e+07	3.69838651e+00	1.17868371e+00	
2	4.326697873081305e+02	5.535135960617295e+05	2.13308230e+00	-1.54466279e+00	
4	4.125024238372362e+02	6.641866900575134e+06	-8.56550696e-01	7.09471002e-02	
8	4.134316323753145e+02	2.021860724755001e+06	3.85125057e-01	-3.66696002e+00	
10	4.257727570500365e+02	6.387079221679460e+05	1.68641129e+00	-3.21077456e+00	
14	4.101262021451250e+02	3.413128531042793e+06	-1.38020177e-01	-4.11748831e+00	
15	4.197256786505686e+02	4.580423432278280e+05	9.90791217e-01	-1.73217382e+00	
17	4.111421777425186e+02	2.740669117356893e+06	6.08063478e-02	-3.88380970e+00	
18	3.965168695035049e+02	3.143386380724892e+06	-4.77025286e+00	-4.02033013e+00	
20	4.282167809029692e+02	3.984155472709541e+05	1.80268659e+00	-1.77936778e+00	
% instance = 2, name = bbob_f001_i03_d02__bbob_f002_i05_d02
% function evaluation | 2 objectives | 2 variables
1	-1.899566235239314e+02	2.536336298657157e+07	3.69838651e+00	1.17868371e+00	
2	-2.088724934419849e+02	6.360222574828552e+06	2.13308230e+00	-1.54466279e+00	
4	-2.384380318419108e+02	1.586238052854161e+07	-8.56550696e-01	7.09471002e-02	
7	-2.427205572795420e+02	3.898519467113362e+07	-4.35973793e+00	2.22170005e+00	
8	-2.146299795390620e+02	6.434898184062594e+04	3.85125057e-01	-3.66696002e+00	
14	-2.150432720448454e+02	4.072848516960269e+04	-1.38020177e-01	-4.11748831e+00	
15	-2.204279756698816e+02	5.228673800993849e+06	9.90791217e-01	-1.73217382e+00	
17	-2.155128780517531e+02	9.868619091960331e+02	6.08063478e-02	-3.88380970e+00	
18	-2.283272952901637e+02	9.203226778443906e+03	-4.77025286e+00	-4.02033013e+00	
% instance = 3, name = bbob_f001_i07_d02__bbob_f002_i08_d02
% function evaluation | 2 objectives | 2 variables
1	-9.848441672848737e+02	1.176199599642614e+05	3.69838651e+00	1.17868371e+00	
2	-9.919740868663754e+02	5.377164373981454e+06	2.13308230e+00	-1.54466279e+00	
3	-9.885709029580729e+02	2.889835828681488e+04	3.21228504e+00	1.00967553e+00	
4	-9.993673232390506e+02	4.986122447650720e+05	-8.56550696e-01	7.09471002e-02	
6	-9.996471708762973e+02	4.035533388293294e+04	-5.01498795e-01	6.43283104e-01	
% instance = 4, name = bbob_f001_i09_d02__bbob_f002_i10_d02
% function evaluation | 2 objectives | 2 variables
1	-9.482824781298714e+01	4.359845116223417e+04	3.69838651e+00	1.17868371e+00	
3	-9.597644940995330e+01	1.497763452490280e+05	3.21228504e+00	1.00967553e+00	
11	-9.677757887906156e+01	2.466974742573014e+06	3.80160537e+00	3.09018580e+00	
19	-1.011983342018952e+02	1.090621727096128e+06	1.72379929e+00	2.40744026e+00	
% instance = 5, name = bbob_f001_i11_d02__bbob_f002_i12_d02
% function evaluation | 2 objectives | 2 variables
1	2.462897727299421e+02	2.037092478370334e+07	3.69838651e+00	1.17868371e+00	
2	2.265813705658446e+02	2.802814586761484e+06	2.13308230e+00	-1.54466279e+00	
8	2.273836214824948e+02	1.125619184856965e+05	3.85125057e-01	-3.66696002e+00	
10	2.226531748248777e+02	1.588258539530845e+04	1.68641129e+00	-3.21077456e+00	
% instance = 6, name = bbob_f001_i13_d02__bbob_f002_i14_d02
% function evaluation | 2 objectives | 2 variables
1	-3.348621301951411e+01	2.036458242681457e+07	3.69838651e+00	1.17868371e+00	
2	-4.478047554445794e+01	2.799521228996414e+06	2.13308230e+00	-1.54466279e+00	
4	-7.298699350361566e+01	1.100518682597565e+07	-8.56550696e-01	7.09471002e-02	
7	-7.617579323962288e+01	3.043978153806610e+07	-4.35973793e+00	2.22170005e+00	
8	-4.380585999197971e+01	1.133899075437596e+05	3.85125057e-01	-3.66696002e+00	
10	-3.738364867589364e+01	1.598417764836137e+04	1.68641129e+00	-3.21077456e+00	
12	-5.080127476254204e+01	8.857280750604771e+06	2.05256524e+00	-3.06284170e-01	
15	-5.425858597849662e+01	2.213307898965136e+06	9.90791217e-01	-1.73217382e+00	
18	-4.908186003017376e+01	3.907277560981326e+05	-4.77025286e+00	-4.02033013e+00	
% instance = 7, name = bbob_f001_i15_d02__bbob_f002_i16_d02
% function evaluation | 2 objectives | 2 variables
1	2.845681045590826e+02	2.416509072946440e+06	3.69838651e+00	1.17868371e+00	
2	2.498247539350369e+02	1.097901920939777e+06	2.13308230e+00	-1.54466279e+00	
4	2.292412818060301e+02	3.991379909062523e+05	-8.56550696e-01	7.09471002e-02	
5	2.670715879756719e+02	2.994747986862241e+05	3.01232920e+00	1.50496687e-02	
12	2.531953957916780e+02	4.270368984676051e+04	2.05256524e+00	-3.06284170e-01	
14	2.286188882762224e+02	1.294945894876147e+07	-1.38020177e-01	-4.11748831e+00	
18	2.154119667290487e+02	1.219435858308197e+07	-4.77025286e+00	-4.02033013e+00	
% instance = 8, name = bbob_f001_i17_d02__bbob_f002_i18_d02
% function evaluation | 2 objectives | 2 variables
1	-2.743675162061814e+02	1.821765543615769e+06	3.69838651e+00	1.17868371e+00	
2	-2.957071548243185e+02	2.643445295386444e+06	2.13308230e+00	-1.54466279e+00	
3	-2.775036450206171e+02	1.249097427876668e+06	3.21228504e+00	1.00967553e+00	
4	-2.798376632450241e+02	1.537365419925008e+04	-8.56550696e-01	7.09471002e-02	
5	-2.859415879201999e+02	4.229529078562279e+03	3.01232920e+00	1.50496687e-02	
8	-2.974233295056318e+02	1.301157699096505e+07	3.85125057e-01	-3.66696002e+00	
10	-2.994266296382517e+02	9.618684520229125e+06	1.68641129e+00	-3.21077456e+00	
12	-2.894525305151648e+02	6.421052949398100e+04	2.05256524e+00	-3.06284170e-01	
15	-2.958131599670734e+02	3.199275237022429e+06	9.90791217e-01	-1.73217382e+00	
20	-2.966556415146362e+02	3.330424813667990e+06	1.80268659e+00	-1.77936778e+00	
% instance = 9, name = bbob_f001_i19_d02__bbob_f002_i21_d02
% function evaluation | 2 objectives | 2 variables
1	-1.625820536240318e+02	8.192306327924573e+06	3.69838651e+00	1.17868371e+00	
2	-1.728620918747673e+02	1.713814365260738e+04	2.13308230e+00	-1.54466279e+00	
15	-1.732659518190378e+02	2.801159419958173e+03	9.90791217e-01	-1.73217382e+00	
% instance = 10, name = bbob_f001_i21_d02__bbob_f002_i22_d02
% function evaluation | 2 objectives | 2 variables
1	-1.271766114300295e+02	1.914050889250637e+06	3.69838651e+00	1.17868371e+00	
3	-1.266112259668455e+02	1.464153374639843e+06	3.21228504e+00	1.00967553e+00	
4	-1.047478918915461e+02	3.122277974485685e+04	-8.56550696e-01	7.09471002e-02	
5	-1.203367885709150e+02	1.424250994545050e+04	3.01232920e+00	1.50496687e-02	
11	-1.328839184800584e+02	9.663521821977176e+06	3.80160537e+00	3.09018580e+00	
19	-1.300518510961282e+02	7.001126288316404e+06	1.72379929e+00	2.40744026e+00	
