% instance = 1, name = bbob_f006_i02_d10__bbob_f017_i04_d10
% function evaluation | 2 objectives 
1	4.373773124975566e+05	6.669337103261881e+01	
2	1.753942183314612e+05	6.818410898243226e+01	
3	6.035005561958398e+05	5.028186125276487e+01	
4	3.807558833938235e+04	7.668413126717138e+01	
5	2.097308176058716e+05	6.715704357313476e+01	
10	3.767825346837803e+05	5.563864106196315e+01	
16	3.175459422860557e+05	4.815881182958400e+01	
21	2.001000145274973e+05	5.883185927209566e+01	
27	1.713349356448617e+05	5.694609762757238e+01	
55	3.391829081914129e+04	5.164815290252202e+01	
87	6.446854620991932e+04	4.910577764614244e+01	
% instance = 2, name = bbob_f006_i03_d10__bbob_f017_i05_d10
% function evaluation | 2 objectives 
1	1.083298767797177e+06	-1.337728922211298e+02	
2	7.531714831097864e+05	-1.289989946985359e+02	
3	9.818968590577634e+05	-1.340353325790425e+02	
4	6.068748628471328e+05	-1.269875840450310e+02	
5	1.708405612696595e+05	-1.252715455633041e+02	
6	1.078341016522120e+06	-1.347658065696693e+02	
8	3.612231544657819e+05	-1.288183427370784e+02	
9	7.977214971153681e+05	-1.333693017429852e+02	
10	2.328970186083704e+05	-1.302924005050601e+02	
12	3.510908751032572e+05	-1.303216412579750e+02	
16	2.855709124305539e+05	-1.309823732233521e+02	
17	5.797979766446311e+05	-1.336934246882744e+02	
18	4.730890918634360e+05	-1.339290750507043e+02	
21	8.441744770388611e+05	-1.355598674527816e+02	
30	5.967042461805254e+05	-1.368132756946448e+02	
35	4.697144523766005e+05	-1.314821969915295e+02	
36	1.812949282561574e+05	-1.296251254293275e+02	
39	3.260186232638936e+05	-1.328301733036743e+02	
44	3.074709855350687e+05	-1.339648842859243e+02	
46	5.786968193183854e+05	-1.381675243135492e+02	
50	1.676470193623249e+05	-1.023815995199145e+02	
53	3.902835343193362e+05	-1.353735408438950e+02	
63	3.160847284401329e+05	-1.392539241511879e+02	
75	1.495673291508151e+05	-1.284153196879255e+02	
84	1.551304006739687e+05	-1.295286729923332e+02	
87	1.474236715988042e+05	-1.298069557919654e+02	
88	1.453629423712589e+05	-1.293327947704014e+02	
93	2.371987350820108e+05	-1.353812570909193e+02	
% instance = 3, name = bbob_f006_i07_d10__bbob_f017_i08_d10
% function evaluation | 2 objectives 
1	3.067668885602191e+05	8.542420575698601e+01	
2	1.462925042129006e+05	9.477417904318388e+01	
5	6.372811936898760e+04	1.112303460915430e+02	
6	2.961625394557614e+05	7.958533176710276e+01	
28	2.123663487985506e+05	9.172987137364728e+01	
34	1.580445058141027e+05	9.197809972990829e+01	
35	1.189919916109642e+05	9.271159734569440e+01	
49	1.818680738304493e+05	8.620320755629278e+01	
64	6.570542264944933e+04	1.020035002419318e+02	
80	2.279417561835646e+05	8.316421856890341e+01	
82	1.774040679777949e+05	8.319191829587118e+01	
94	4.453500435128472e+04	1.045002227871173e+02	
% instance = 4, name = bbob_f006_i09_d10__bbob_f017_i10_d10
% function evaluation | 2 objectives 
1	1.934257395590845e+04	3.997709367127770e+01	
2	5.582384344703541e+05	3.088044928494637e+01	
3	1.688617549470900e+05	3.333357182565859e+01	
4	5.227832727060984e+05	2.293177036579416e+01	
12	6.571338988572339e+04	3.467118451561630e+01	
17	3.198249254077192e+05	3.118369692675321e+01	
20	3.092757240765190e+05	3.044785455640809e+01	
24	1.098244704530074e+06	1.779022504402262e+01	
27	4.809812114949081e+05	3.017706457351469e+01	
28	3.391683512152953e+05	2.103869140929205e+01	
30	1.444282529157992e+05	2.874505068061318e+01	
37	1.847222423527786e+05	2.454806740530859e+01	
46	5.487471667617979e+05	2.060530661312876e+01	
55	2.611129579377206e+05	2.401759375164225e+01	
91	1.834849558679341e+05	2.023682772183888e+01	
100	5.525640249491801e+05	1.687488341183944e+01	
% instance = 5, name = bbob_f006_i11_d10__bbob_f017_i12_d10
% function evaluation | 2 objectives 
1	5.739233779791387e+05	7.824224954304321e+01	
4	2.544557594979298e+05	2.884386546535641e+02	
5	4.159491854606178e+05	2.360436148669925e+02	
8	2.704520175507541e+05	9.010957367860972e+01	
11	1.801521351882245e+06	6.566597979498701e+01	
30	5.329986928503955e+04	3.721730277047989e+02	
31	4.083634937535367e+05	8.246974324546238e+01	
35	6.450929595912594e+05	7.471158365788516e+01	
49	1.068009106669684e+06	6.750636544064882e+01	
54	2.625554206128854e+05	1.248671747363191e+02	
55	2.324584052622488e+05	1.160860208238071e+02	
56	1.120518782763135e+06	5.770563479195576e+01	
64	1.145338683878944e+05	3.442371492051250e+02	
65	3.802546165613071e+05	7.154904445625749e+01	
66	2.755217943761798e+05	8.609009400564464e+01	
71	6.762525545835969e+04	2.305685070932391e+02	
100	6.893232119265558e+04	9.431822326388811e+01	
% instance = 6, name = bbob_f006_i13_d10__bbob_f017_i14_d10
% function evaluation | 2 objectives 
1	1.028685028765051e+06	-1.595990327049918e+02	
2	2.470908785200011e+05	-1.519231247808560e+02	
4	2.083457748608178e+05	-1.576136509209646e+02	
12	1.420291980584161e+06	-1.617163400333322e+02	
14	6.444257889211776e+04	-1.451860067817664e+02	
17	1.867261700465284e+05	-1.513492645275757e+02	
27	1.683869662279046e+05	-1.487102279876198e+02	
33	3.693809503318382e+04	-1.517783439695122e+02	
37	5.619255522217349e+05	-1.590665629668687e+02	
38	3.827896976921529e+05	-1.577146318418748e+02	
39	5.883738957494582e+05	-1.610980965566280e+02	
46	1.690300623636697e+05	-1.539074573971344e+02	
47	8.453298019526938e+05	-1.615188897516580e+02	
55	3.708736887603221e+05	-1.586237942315488e+02	
56	1.199063368793186e+05	-1.522307863874395e+02	
58	2.290371798472289e+05	-1.605543459815474e+02	
69	1.822412365168969e+05	-1.575964688663500e+02	
73	1.079030681175770e+06	-1.623233663133267e+02	
75	5.166497657952850e+05	-1.611023400139372e+02	
76	8.913518074858537e+05	-1.628482538625278e+02	
90	3.520206973185539e+04	-1.208121157253189e+02	
92	1.080612676374469e+05	-1.521361480057058e+02	
% instance = 7, name = bbob_f006_i15_d10__bbob_f017_i16_d10
% function evaluation | 2 objectives 
1	3.266950834346070e+05	2.626572586874343e+02	
2	9.729330734600887e+05	2.348176833929090e+02	
3	5.524409565822438e+05	2.544446603280892e+02	
4	1.085097897515405e+06	1.918519712871810e+02	
5	7.379301694674361e+05	2.024912717657232e+02	
6	5.798212918060450e+05	2.065114805028151e+02	
9	3.026161589086020e+05	1.944903249502092e+02	
30	7.248821045064646e+05	1.933022450271837e+02	
32	1.012367230328661e+05	1.948101723863647e+02	
37	4.782204943262068e+05	1.867490307139371e+02	
38	1.197585903228406e+06	1.843243250850135e+02	
42	8.638658552407754e+05	1.863493348450604e+02	
80	4.645137090557443e+05	1.944475641401946e+02	
94	2.933412260032680e+05	1.821828497212518e+02	
% instance = 8, name = bbob_f006_i17_d10__bbob_f017_i18_d10
% function evaluation | 2 objectives 
1	2.644119479729186e+05	-2.001141023360847e+02	
4	7.382043119661286e+05	-2.139284800337182e+02	
5	2.451559475764792e+05	-2.162011983717255e+02	
8	8.973777367253606e+04	-2.240567862448792e+02	
14	5.668733604002092e+05	-2.261881663356424e+02	
16	2.922188133859415e+04	-2.264530668416876e+02	
33	4.010910065770923e+05	-2.288526700387775e+02	
53	2.387747353981147e+05	-2.271805456106515e+02	
69	1.944848751093493e+05	-2.310715190280476e+02	
90	3.503713739319252e+05	-2.314912494822817e+02	
% instance = 9, name = bbob_f006_i19_d10__bbob_f017_i21_d10
% function evaluation | 2 objectives 
1	5.662761381418217e+05	6.742968609943097e+01	
2	3.434171543000927e+05	6.161553583668749e+01	
6	1.430717884270831e+05	8.646865590270059e+01	
7	3.097636449127567e+05	6.060755053483145e+01	
10	3.050568405716934e+05	5.683526422111557e+01	
18	5.914268734131122e+04	6.459897001645679e+01	
25	2.390138823180836e+05	5.313095278014890e+01	
33	3.364765556636760e+05	5.300612099634291e+01	
82	9.197970527035953e+04	6.454188918261538e+01	
% instance = 10, name = bbob_f006_i21_d10__bbob_f017_i22_d10
% function evaluation | 2 objectives 
1	4.593997852787183e+05	1.139386815478918e+02	
2	2.511495860665152e+05	5.754612772995094e+01	
6	1.252190717717025e+05	6.385580442346181e+01	
10	1.165580249163649e+05	6.913148226693664e+01	
33	8.267077931714451e+04	7.740372561195889e+01	
34	1.898374955027859e+05	6.149064405582374e+01	
35	1.877092755098953e+05	5.358896435201670e+01	
49	3.393040785580222e+04	5.905969352333774e+01	
69	4.754443638576059e+04	5.618438214584317e+01	
76	2.127828466990485e+04	1.080086200775652e+02	
