% instance = 1, name = bbob_f015_i02_d20__bbob_f015_i04_d20
% function evaluation | 2 objectives 
1	3.728973183729100e+03	1.145452177085533e+03	
2	2.815265124551052e+03	3.650530912771540e+03	
3	1.302874153963579e+03	3.008777126172211e+03	
5	2.842988632402006e+03	1.396832953773831e+03	
9	2.261096735342450e+03	1.361107774001191e+03	
11	1.442434622600269e+03	1.516937969187382e+03	
15	1.409016766624565e+03	2.513096286223192e+03	
17	1.401591961089104e+03	1.184795001284032e+03	
19	1.282566708632013e+03	2.894107375497820e+03	
20	4.372298276094022e+03	9.705913998309504e+02	
29	1.252595045996763e+03	4.619023861520333e+04	
33	1.117765300504283e+03	2.262480914667365e+03	
35	9.157406966165280e+02	1.528300602079046e+03	
38	1.277152937634927e+03	1.353959330525035e+03	
40	2.491911366737409e+03	6.990544806298388e+02	
47	1.288566620691541e+03	1.315938108472513e+03	
62	2.232977283606434e+03	1.078127272826878e+03	
75	1.493014974655359e+03	1.003379230854157e+03	
76	9.093325262543133e+02	1.739107157613193e+03	
83	2.163752358912209e+03	9.668487989507883e+02	
88	1.209904253343552e+03	7.795732958264489e+02	
98	9.557285453478344e+02	7.133190615691097e+02	
171	8.671086435459135e+02	3.206136266700714e+03	
% instance = 2, name = bbob_f015_i03_d20__bbob_f015_i05_d20
% function evaluation | 2 objectives 
1	3.692009853428732e+03	2.566071629603528e+03	
2	2.067702967736421e+03	4.458491637146131e+03	
3	1.925062207870158e+03	2.961407795380597e+03	
5	4.058629658798267e+03	1.039471771911965e+03	
6	1.315859215234565e+03	2.019942976862533e+03	
9	1.247264548040470e+03	1.510086033930030e+03	
10	1.310938327362591e+03	1.371801005603049e+03	
16	3.006803206857522e+03	1.110823764445924e+03	
18	1.216754445463594e+03	6.082220838404198e+02	
20	1.137844910857968e+03	2.699122583930311e+03	
30	1.025743284936479e+03	2.011717463272656e+03	
38	7.204298911206668e+02	1.317983913912732e+03	
40	1.015584370089430e+03	1.192020608889494e+03	
83	1.157428335937382e+03	8.170577483384100e+02	
116	1.695401875021261e+03	5.303163248575097e+02	
137	1.025168997331697e+03	1.053788120529900e+03	
148	6.871036053200454e+02	4.944789903594869e+03	
173	6.892390345084693e+02	1.756731723413763e+03	
191	9.724191152100966e+02	1.219073926787854e+03	
% instance = 3, name = bbob_f015_i07_d20__bbob_f015_i08_d20
% function evaluation | 2 objectives 
1	1.337546220679301e+03	1.039430679498661e+03	
6	2.103063375573291e+03	9.483770960248395e+02	
9	1.631037602506674e+03	1.037726132530916e+03	
19	9.390466710888772e+02	1.120571179587004e+03	
22	2.604332717994694e+03	8.245433110146771e+02	
32	2.157673916528668e+03	6.701559470120233e+02	
39	1.710868098784757e+03	5.934650829081980e+02	
61	1.445286700770425e+03	4.774914568561768e+02	
70	1.356497003268186e+03	9.784680620010171e+02	
109	1.437343978892653e+03	8.858056895629862e+02	
112	1.288292918039087e+03	1.096074683260291e+03	
138	1.420322268723574e+03	8.901679350264668e+02	
168	9.198150863319959e+02	2.575145594191379e+03	
190	1.097519560772211e+03	1.035014398084466e+03	
% instance = 4, name = bbob_f015_i09_d20__bbob_f015_i10_d20
% function evaluation | 2 objectives 
1	1.240597664206601e+03	5.147194816880628e+03	
2	2.010696545806595e+03	4.697329663969434e+03	
3	1.727120161922148e+03	3.323311066513765e+03	
4	3.385476732998109e+03	2.269614786296286e+03	
5	2.037320901608172e+03	2.423584652661559e+03	
6	1.785212661034159e+03	3.203195452200477e+03	
8	9.625150124479669e+02	2.383162085268416e+03	
18	8.283239323278909e+02	3.376869407310346e+03	
25	1.461727430740959e+03	2.010651876217108e+03	
35	1.210134541430215e+03	2.120418310353480e+03	
42	8.224626308272913e+02	1.318816747001205e+04	
44	7.464510626785235e+02	4.970098567443703e+03	
51	1.106665283867091e+03	2.296319023303517e+03	
57	1.525882242941496e+03	1.804240107490007e+03	
89	1.193942239387643e+03	1.977540477984405e+03	
107	7.888371841633582e+02	3.136477602878365e+03	
170	1.014005798526057e+03	2.235247647367828e+03	
193	1.154523843333375e+03	1.972766207399653e+03	
% instance = 5, name = bbob_f015_i11_d20__bbob_f015_i12_d20
% function evaluation | 2 objectives 
1	1.607369502456169e+03	2.985261413441594e+03	
3	2.596752054271173e+03	2.563556993155958e+03	
5	1.253115429379704e+03	3.062478218741364e+03	
6	1.240420455200998e+03	3.496296163995953e+03	
8	1.052481411314403e+03	1.919236996979255e+03	
9	1.452832453176857e+03	1.678255532017520e+03	
18	9.852337496884301e+02	1.496665071160559e+03	
43	6.195734628736720e+02	2.508563341607072e+03	
44	6.393130538041270e+02	1.389545716982804e+03	
78	4.868830477307625e+02	2.078083032692388e+03	
147	3.285347439746853e+02	1.699461305019031e+03	
% instance = 6, name = bbob_f015_i13_d20__bbob_f015_i14_d20
% function evaluation | 2 objectives 
1	3.970659045184682e+03	1.211157692237785e+03	
2	2.543093484098390e+03	8.325511875695606e+02	
3	2.313632203545601e+03	1.982500202535834e+03	
5	1.517914797428704e+03	7.925621648059266e+02	
9	1.401790827955929e+03	2.084450735516818e+03	
22	1.419181535627030e+03	1.095699564056121e+03	
28	1.692721876065076e+03	7.394087631552661e+02	
32	1.135057641682089e+03	2.606717637437442e+03	
35	1.120786083344765e+03	1.699677503273233e+03	
39	1.261010457147649e+03	1.071043145442489e+03	
40	1.617238686814845e+03	7.499322028002518e+02	
49	1.593535422153091e+03	6.929382742942464e+02	
55	1.485256859923921e+03	7.543469927352164e+02	
56	1.456912640051398e+03	7.726603262930967e+02	
64	1.134232157325015e+03	1.586785870603909e+03	
72	1.107860070580500e+03	9.110101854877589e+02	
77	1.089154574982804e+03	1.206471974623218e+03	
113	2.673613920141406e+03	4.152080079681431e+02	
130	1.031723519444166e+03	3.006110746843960e+03	
162	4.314743018158620e+03	3.854702416095584e+02	
169	1.088480880462339e+03	1.557103951330769e+03	
170	1.040314418935753e+03	2.159550177547524e+03	
175	8.276685052569334e+02	1.683633061823499e+03	
193	1.068911938726236e+03	6.536191028216710e+02	
% instance = 7, name = bbob_f015_i15_d20__bbob_f015_i16_d20
% function evaluation | 2 objectives 
1	1.711677557910699e+03	2.066167515323907e+03	
5	4.365263951489189e+02	2.656954980973582e+03	
6	1.995140612853543e+03	2.027880919330305e+03	
14	1.534916680390794e+03	1.382527239115717e+03	
18	1.022763454473484e+03	1.350544025119041e+03	
25	4.197714276339136e+02	1.799135708377563e+03	
28	2.442622870857965e+03	1.320129026839995e+03	
40	1.763051865186069e+02	2.216341347688385e+03	
54	1.032379505232172e+03	1.317248432020229e+03	
63	3.312973509755754e+02	1.398117627257025e+03	
76	2.712820993879552e+03	9.725990285351495e+02	
85	1.178983072862451e+03	1.231263631877179e+03	
148	1.089036932144655e+03	1.240915747960286e+03	
% instance = 8, name = bbob_f015_i17_d20__bbob_f015_i18_d20
% function evaluation | 2 objectives 
1	2.265324137231141e+03	1.217210717106261e+03	
5	2.063186995574819e+03	1.016027082268461e+03	
9	1.601014739957995e+03	4.146254682034476e+03	
11	1.648564721925401e+03	1.072369192878108e+03	
12	1.459152838922432e+03	1.603780094315633e+03	
13	1.626215943483016e+03	1.212331777920918e+03	
17	1.094559714984036e+03	2.091514674165486e+03	
21	1.563209339771274e+03	1.200559034226909e+03	
25	3.543583762271697e+03	7.455327221652058e+02	
33	1.277615655595617e+03	1.464040258595826e+03	
34	2.595438400657888e+03	6.161597286450116e+02	
41	1.478248635315053e+03	1.403672274830898e+03	
46	1.558383978156514e+03	1.089010052333786e+03	
54	2.447207539178606e+03	6.942613366378016e+02	
55	2.434745338065227e+03	7.294355357715395e+02	
61	1.735801291293679e+03	9.359715605970451e+02	
62	1.269342201354406e+03	1.834337564447706e+03	
65	1.251172208246569e+03	1.010065765167445e+03	
67	1.362070672935058e+03	1.006620309652887e+03	
75	2.083168784085510e+03	9.070984447333359e+02	
79	1.409800326239629e+03	8.152926094903140e+02	
90	8.116849670802945e+02	1.165091854047231e+03	
97	2.137203396949470e+03	8.085107003618458e+02	
98	9.898683587524497e+02	6.989713484621876e+02	
100	1.801848417157370e+03	5.791540987803744e+02	
116	1.731005283005063e+03	5.375246865396060e+02	
126	1.750567816820509e+03	4.190200955607013e+02	
% instance = 9, name = bbob_f015_i19_d20__bbob_f015_i21_d20
% function evaluation | 2 objectives 
1	1.372464328332853e+03	4.300419590756721e+03	
2	2.005883643702068e+03	3.519780270274316e+03	
3	1.970638773740867e+03	1.753825859154642e+03	
5	1.231874309950657e+03	2.233598441437449e+03	
10	4.053823693310866e+03	1.482336696539853e+03	
20	3.339351454500694e+03	1.351502758544618e+03	
25	1.196560003684190e+03	4.221771864269853e+03	
28	1.094457057171274e+03	2.815542247063500e+03	
30	1.180493966072115e+03	2.137285365947542e+03	
33	1.619372945322343e+03	1.703656566417230e+03	
34	1.055509282375173e+03	4.226253758003265e+03	
35	1.102463344304075e+03	1.303616013648003e+03	
38	9.275789214381198e+02	1.692397295685525e+03	
39	9.780978344301384e+02	1.026690158455807e+03	
49	8.654175567682599e+02	2.416046212734054e+03	
73	1.766103579756602e+03	6.749664244140063e+02	
180	1.543537681877516e+03	9.552617020807007e+02	
197	1.497934049305352e+03	5.252229073027593e+02	
% instance = 10, name = bbob_f015_i21_d20__bbob_f015_i22_d20
% function evaluation | 2 objectives 
1	4.300419590756721e+03	2.376710994111103e+03	
2	3.519780270274316e+03	1.655976899498906e+03	
3	1.753825859154642e+03	1.362616274776457e+04	
5	2.233598441437449e+03	2.571820039629239e+03	
10	1.482336696539853e+03	4.508211391368085e+03	
14	2.953967805627513e+03	2.157997966771823e+03	
16	3.460093583230286e+03	1.558290126693278e+03	
18	1.897343440052166e+03	1.480557759356950e+03	
20	1.351502758544618e+03	3.687625977141490e+03	
33	1.703656566417230e+03	2.883802072704515e+03	
35	1.303616013648003e+03	3.679099858215112e+03	
38	1.692397295685525e+03	2.502582297884556e+03	
39	1.026690158455807e+03	4.311810266888749e+03	
43	2.770681263547095e+03	1.472055580570806e+03	
44	1.224351804095543e+03	1.830515947996657e+03	
47	3.450866651172430e+03	1.275653265771003e+03	
55	2.623746730623212e+03	1.451503674878273e+03	
73	6.749664244140063e+02	4.802268910980645e+03	
74	1.073330059826390e+03	7.766074196919982e+02	
180	9.552617020807007e+02	2.342249955097539e+03	
197	5.252229073027593e+02	3.774939634546192e+03	
