% instance = 1, name = bbob_f008_i02_d10__bbob_f021_i04_d10
% function evaluation | 2 objectives 
1	4.650694803162580e+05	4.098523634620180e+01	
2	2.168480204641701e+05	5.189821207427700e+01	
3	3.457088158413145e+05	4.518601906103825e+01	
4	9.083035894695169e+04	5.331006386349330e+01	
5	2.069269890251682e+05	4.625988815480333e+01	
6	1.479648559353795e+05	4.670504762576212e+01	
9	1.347543072582687e+05	4.782210286797067e+01	
10	2.332462271091840e+05	-9.766849973259440e+00	
12	1.832051130518155e+05	4.625558871600134e+01	
17	9.924212341584564e+04	4.655253140535967e+01	
20	9.801659955868805e+04	5.285431641421694e+01	
37	2.212963944866968e+05	3.834768640316572e+01	
39	3.378701733667319e+04	4.071755940091626e+01	
52	3.289723278836562e+04	5.348843486271937e+01	
70	1.610855195555216e+05	9.383325516834610e+00	
97	9.361207816165108e+04	3.979280493282378e+01	
% instance = 2, name = bbob_f008_i03_d10__bbob_f021_i05_d10
% function evaluation | 2 objectives 
1	2.951770098116077e+05	5.984709252308973e+02	
2	5.492986728449754e+05	5.891254032789800e+02	
3	2.164798168911824e+05	5.982837818848741e+02	
4	4.194635957125039e+05	5.926433719035183e+02	
5	2.873887974230049e+05	5.961475089321117e+02	
8	1.159583995868610e+05	5.859279267505104e+02	
12	3.967310696571760e+04	5.959661429505184e+02	
16	4.190799446864331e+05	5.855748165459889e+02	
24	7.436389689367439e+05	5.836138876827423e+02	
34	7.418161467595812e+04	5.899227722544352e+02	
35	9.402564679794454e+04	5.849585733363863e+02	
42	3.209850321171703e+04	5.961744286654292e+02	
45	7.220603875215021e+05	5.847949038789775e+02	
55	4.480768357877264e+05	5.848679811451248e+02	
70	4.833550819913588e+04	5.828029167062998e+02	
79	1.118284183589530e+05	5.685279095231804e+02	
97	9.874655472789942e+03	5.893217229243706e+02	
% instance = 3, name = bbob_f008_i07_d10__bbob_f021_i08_d10
% function evaluation | 2 objectives 
1	1.111305472991897e+05	-3.911167723741362e+02	
2	5.586034189856552e+04	-3.913110354761325e+02	
3	2.554104092475502e+05	-3.971802674191460e+02	
5	2.511896273589460e+05	-3.917465814120147e+02	
6	4.796828883414726e+04	-3.976781807759062e+02	
10	2.844946459750990e+04	-3.894820957406760e+02	
12	3.979531340808738e+05	-3.977688558432574e+02	
17	1.076395591019560e+05	-3.980241268372665e+02	
20	3.256954889867673e+05	-4.147295508296102e+02	
33	3.176930117374858e+03	-3.900733767852211e+02	
44	2.067558284073447e+05	-3.999747828973604e+02	
49	3.736092467135121e+04	-3.929804321079653e+02	
56	2.773828372540539e+04	-3.928840061912442e+02	
69	3.736500583179291e+04	-3.978228935372650e+02	
82	1.508332859145660e+04	-3.980374498073084e+02	
% instance = 4, name = bbob_f008_i09_d10__bbob_f021_i10_d10
% function evaluation | 2 objectives 
1	9.212691049463525e+04	3.638276895016607e+02	
6	2.295403157426846e+05	3.609194870940931e+02	
8	6.002047359005798e+04	3.698770561769153e+02	
10	4.599294627444429e+05	3.540516126859667e+02	
12	3.516971808868515e+04	3.646321898769802e+02	
13	2.358775364145912e+05	3.579831805525417e+02	
22	2.324269459073172e+05	3.558617876018880e+02	
30	1.580444198658334e+04	3.666431653968604e+02	
31	2.072018545709208e+05	3.630280983876409e+02	
34	1.230941422706081e+05	3.546071171325940e+02	
35	1.083377984498044e+05	3.616740822005414e+02	
37	2.653533227179741e+04	3.641458815702519e+02	
52	2.122293874321530e+05	3.440504753855355e+02	
56	2.044361820257379e+05	3.535244496987439e+02	
68	1.203866169739058e+05	3.613416236531253e+02	
70	7.588272480473197e+04	3.621148778142423e+02	
77	3.714606360401252e+04	3.632322509837807e+02	
92	2.710539521419629e+04	3.530177956626655e+02	
% instance = 5, name = bbob_f008_i11_d10__bbob_f021_i12_d10
% function evaluation | 2 objectives 
1	7.373064231468525e+04	-1.323988101668071e+02	
8	3.708969536826843e+04	-1.174783523609060e+02	
16	4.595912231537784e+04	-1.208458071710602e+02	
34	5.515634307175189e+04	-1.234216755139092e+02	
42	1.219639409018221e+05	-1.558108165462696e+02	
61	2.761908858616923e+04	-1.163827901970031e+02	
70	7.039647408625597e+04	-1.260847351523511e+02	
81	3.892737845537368e+04	-1.187281651259439e+02	
% instance = 6, name = bbob_f008_i13_d10__bbob_f021_i14_d10
% function evaluation | 2 objectives 
1	1.827369150104161e+05	-4.180074458236521e+02	
2	1.669221627031834e+05	-4.188602048553386e+02	
4	6.344358236575877e+04	-4.306457843010064e+02	
8	4.355276418665829e+04	-4.224635712187533e+02	
39	4.172985811941054e+04	-4.178297921882000e+02	
42	4.052330267683592e+05	-4.332301532458927e+02	
44	4.299030394735632e+04	-4.199101697794866e+02	
61	1.817091243151053e+05	-4.322099719140966e+02	
92	6.915109577272944e+04	-4.370192937102591e+02	
93	2.605460881072831e+04	-4.201322985570498e+02	
94	5.138612578877682e+04	-4.240351763843212e+02	
% instance = 7, name = bbob_f008_i15_d10__bbob_f021_i16_d10
% function evaluation | 2 objectives 
1	2.470692522926017e+05	1.025563125289037e+02	
2	2.352370907802512e+05	1.015179699254632e+02	
3	1.737601623362472e+05	1.125645817714089e+02	
5	1.106030871292098e+05	1.098350945854570e+02	
8	9.483062473244010e+04	1.120466636396256e+02	
10	1.531448838259982e+05	9.617633155887617e+01	
11	1.016216327454012e+05	1.107323917734105e+02	
12	4.839905436819904e+04	1.048829799536415e+02	
18	9.247773807535977e+04	1.015514157790035e+02	
31	3.845691891278222e+04	1.094863388217377e+02	
33	3.053667431266743e+05	8.698730256063575e+01	
34	9.572454172351687e+04	9.991041633462103e+01	
35	4.582677990515585e+04	9.665997183332223e+01	
41	1.244624726908036e+05	7.740498986396400e+01	
49	1.033186959482333e+05	9.509496396211065e+01	
70	3.274228147307886e+04	1.077668140760362e+02	
75	2.740198625817554e+04	1.063303112948686e+02	
88	4.150011852691069e+04	9.010355213634088e+01	
97	3.828371827176096e+04	9.926746327418306e+01	
% instance = 8, name = bbob_f008_i17_d10__bbob_f021_i18_d10
% function evaluation | 2 objectives 
1	3.157152542290026e+05	-7.417851045538436e+02	
2	1.343274560509064e+05	-7.447342031873447e+02	
3	4.307001717582296e+05	-7.477359391464101e+02	
4	3.408832852603933e+05	-7.449574962534125e+02	
5	9.581176752462059e+04	-7.423285882481759e+02	
6	3.139311457958163e+05	-7.491612463968640e+02	
8	7.440178406089669e+04	-7.515807586846437e+02	
17	3.197041552938949e+05	-7.537703584972412e+02	
36	2.875213462573862e+04	-7.479415306830324e+02	
44	4.663811613662070e+04	-7.507243844970239e+02	
53	3.764523002522195e+05	-7.597818357608419e+02	
56	3.455029399066831e+05	-7.564451979356747e+02	
58	2.839325960363560e+05	-7.531285724804729e+02	
70	3.116803440522092e+05	-7.793825187066842e+02	
80	1.775912547253878e+05	-7.653338365845674e+02	
93	8.721955962838478e+04	-7.662975161176497e+02	
% instance = 9, name = bbob_f008_i19_d10__bbob_f021_i21_d10
% function evaluation | 2 objectives 
1	1.869381837927765e+05	-1.485337747269645e+02	
2	1.631236734816122e+05	-1.310414681818274e+02	
3	5.503898678433736e+04	-1.498691975766860e+02	
44	4.052846709141897e+04	-1.380921025977863e+02	
46	2.890813019144051e+04	-1.407605772779368e+02	
57	2.246159666870161e+05	-1.516999665031965e+02	
93	1.663800170844365e+04	-1.430413594139412e+02	
% instance = 10, name = bbob_f008_i21_d10__bbob_f021_i22_d10
% function evaluation | 2 objectives 
1	2.712203599312143e+05	3.517053133055867e+02	
2	3.957836399092767e+05	3.438795014856695e+02	
3	1.012495275029797e+05	3.572319451940535e+02	
5	1.525841687341123e+05	3.536851253232389e+02	
6	2.608130524636339e+05	3.443244324363112e+02	
8	1.532332890938380e+05	3.423818013804727e+02	
11	1.317436247459525e+05	3.495673788237405e+02	
12	3.924823498432340e+04	3.502905950876038e+02	
15	3.259406134121830e+05	3.331045026281859e+02	
31	1.192297930378214e+05	3.472646694792938e+02	
34	4.293622535078099e+04	3.390442360846266e+02	
60	3.049104921628601e+04	3.428011819297378e+02	
70	2.033529612804732e+04	3.475803621391327e+02	
82	1.487121741697378e+05	3.382669053957837e+02	
93	1.663077346853734e+04	3.372038232063964e+02	
