% instance = 1, name = bbob_f006_i02_d03__bbob_f008_i04_d03
% function evaluation | 2 objectives | 3 variables
1	2.725671372003684e+02	5.182928372756490e+04	3.69838651e+00	1.17868371e+00	2.13308230e+00	
2	1.069224043172073e+02	5.055922707201161e+04	-1.54466279e+00	3.21228504e+00	1.00967553e+00	
3	1.508182979705041e+02	5.125049892100219e+02	-8.56550696e-01	7.09471002e-02	3.01232920e+00	
4	1.106024011993059e+02	1.094738301157950e+02	1.50496687e-02	-5.01498795e-01	6.43283104e-01	
14	2.391794402314357e+04	7.668876151205910e+01	-1.77936778e+00	-2.66793095e+00	-1.23218149e+00	
28	4.379180598716169e+01	1.000221033150080e+05	2.69951146e-01	3.74207563e+00	-2.95070304e+00	
29	1.065020341547932e+02	8.386558677566719e+04	8.73324071e-01	3.78113711e+00	1.87056011e-02	
30	9.855557497219617e+01	9.436330763313608e+04	2.91115120e+00	3.47712339e+00	-2.29537778e+00	
% instance = 2, name = bbob_f006_i03_d03__bbob_f008_i05_d03
% function evaluation | 2 objectives | 3 variables
1	3.004731647101814e+05	2.889557808548650e+04	3.69838651e+00	1.17868371e+00	2.13308230e+00	
3	1.535542615615206e+05	7.265829011113276e+03	-8.56550696e-01	7.09471002e-02	3.01232920e+00	
4	4.210171715058420e+04	5.446400957641190e+03	1.50496687e-02	-5.01498795e-01	6.43283104e-01	
6	2.675834450913717e+03	6.991282929573786e+04	-3.66696002e+00	-2.75778991e+00	3.46276250e+00	
7	5.507419161236082e+04	3.884924637773824e+02	1.68641129e+00	-3.21077456e+00	3.80160537e+00	
25	3.374855869315250e+04	4.364822131350405e+04	-3.25586383e+00	-1.13827348e+00	2.49249916e+00	
% instance = 3, name = bbob_f006_i07_d03__bbob_f008_i08_d03
% function evaluation | 2 objectives | 3 variables
1	3.293271292958374e+05	3.254198876396248e+05	3.69838651e+00	1.17868371e+00	2.13308230e+00	
2	2.389322073843095e+05	2.030487902459827e+05	-1.54466279e+00	3.21228504e+00	1.00967553e+00	
3	3.294308488021606e+05	1.485431520693548e+04	-8.56550696e-01	7.09471002e-02	3.01232920e+00	
4	1.475730591514814e+05	2.407857491445707e+04	1.50496687e-02	-5.01498795e-01	6.43283104e-01	
6	3.650684810690898e+05	-5.730527035797542e+01	-3.66696002e+00	-2.75778991e+00	3.46276250e+00	
9	1.428292258985526e+05	2.023605201446442e+05	-3.12702245e+00	3.09109369e+00	-1.38020177e-01	
10	3.343671585578408e+04	5.468196499366895e+04	-4.11748831e+00	9.90791217e-01	-1.73217382e+00	
12	1.034871607412484e+05	4.759438123519652e+03	-3.88380970e+00	-4.77025286e+00	-4.02033013e+00	
14	7.471618583920378e+04	2.050571576819549e+03	-1.77936778e+00	-2.66793095e+00	-1.23218149e+00	
15	-1.213728721467291e+02	4.240231825644858e+04	-3.68198521e+00	4.53000990e-01	-3.52038132e+00	
25	2.966765318306170e+05	1.877513219167612e+03	-3.25586383e+00	-1.13827348e+00	2.49249916e+00	
26	-1.319975362857042e+02	5.973270145290044e+04	-2.50951019e+00	8.03832730e-01	-4.72981706e+00	
% instance = 4, name = bbob_f006_i09_d03__bbob_f008_i10_d03
% function evaluation | 2 objectives | 3 variables
1	1.007382674601355e+03	2.957644439891301e+04	3.69838651e+00	1.17868371e+00	2.13308230e+00	
2	1.696797196118141e+05	1.400257275596341e+03	-1.54466279e+00	3.21228504e+00	1.00967553e+00	
4	2.147712784823488e+05	5.762489916648516e+02	1.50496687e-02	-5.01498795e-01	6.43283104e-01	
8	1.976094875916235e+03	1.235678732523773e+04	3.09018580e+00	2.05256524e+00	-3.06284170e-01	
13	1.551609155162960e+04	9.872866961023069e+02	1.72379929e+00	2.40744026e+00	1.80268659e+00	
29	7.838055365486919e+03	6.159806354702860e+03	8.73324071e-01	3.78113711e+00	1.87056011e-02	
% instance = 5, name = bbob_f006_i11_d03__bbob_f008_i12_d03
% function evaluation | 2 objectives | 3 variables
1	1.242167669818780e+05	1.477141954133515e+05	3.69838651e+00	1.17868371e+00	2.13308230e+00	
2	2.293808348480655e+05	3.636026354532453e+04	-1.54466279e+00	3.21228504e+00	1.00967553e+00	
3	8.520380313078940e+01	2.315492230714006e+02	-8.56550696e-01	7.09471002e-02	3.01232920e+00	
% instance = 6, name = bbob_f006_i13_d03__bbob_f008_i14_d03
% function evaluation | 2 objectives | 3 variables
1	7.505462818272864e+04	1.129997550543343e+05	3.69838651e+00	1.17868371e+00	2.13308230e+00	
2	2.062668633945320e+04	1.165204648664137e+05	-1.54466279e+00	3.21228504e+00	1.00967553e+00	
3	1.912068924375155e+05	1.401058428172088e+03	-8.56550696e-01	7.09471002e-02	3.01232920e+00	
4	1.483120576231224e+05	1.679940720142916e+03	1.50496687e-02	-5.01498795e-01	6.43283104e-01	
5	5.797429314568241e+04	5.459913889747210e+04	-4.35973793e+00	2.22170005e+00	3.85125057e-01	
8	3.594021905487632e+04	1.057426965064603e+05	3.09018580e+00	2.05256524e+00	-3.06284170e-01	
9	1.741212209426579e+04	1.140932940642630e+05	-3.12702245e+00	3.09109369e+00	-1.38020177e-01	
10	6.260177441546235e+04	2.132474272051265e+04	-4.11748831e+00	9.90791217e-01	-1.73217382e+00	
13	3.723512107110262e+04	6.794272427021545e+04	1.72379929e+00	2.40744026e+00	1.80268659e+00	
14	2.763413898229140e+05	-8.369397529791783e+01	-1.77936778e+00	-2.66793095e+00	-1.23218149e+00	
15	1.101743432057165e+05	1.598366081898651e+04	-3.68198521e+00	4.53000990e-01	-3.52038132e+00	
16	6.330999182945299e+03	1.603146047069139e+05	-3.87371322e+00	3.38691965e+00	-3.05343055e+00	
24	4.156247809099955e+04	4.901854167392270e+04	-4.94739350e+00	1.94595110e+00	-9.44855571e-01	
29	9.363389453144607e+02	1.761226657089065e+05	8.73324071e-01	3.78113711e+00	1.87056011e-02	
% instance = 7, name = bbob_f006_i15_d03__bbob_f008_i16_d03
% function evaluation | 2 objectives | 3 variables
1	5.318368730723561e+05	1.452797916126226e+05	3.69838651e+00	1.17868371e+00	2.13308230e+00	
2	7.411933648012332e+05	9.908164753454297e+03	-1.54466279e+00	3.21228504e+00	1.00967553e+00	
3	1.910804537313388e+05	3.784367417268324e+03	-8.56550696e-01	7.09471002e-02	3.01232920e+00	
5	6.160310502471064e+05	1.288787623118951e+03	-4.35973793e+00	2.22170005e+00	3.85125057e-01	
6	1.564244250753647e+04	1.144443223742681e+03	-3.66696002e+00	-2.75778991e+00	3.46276250e+00	
10	9.693879805926757e+05	-1.600051865922820e+02	-4.11748831e+00	9.90791217e-01	-1.73217382e+00	
% instance = 8, name = bbob_f006_i17_d03__bbob_f008_i18_d03
% function evaluation | 2 objectives | 3 variables
1	3.936199602963068e+05	2.686670575876698e+05	3.69838651e+00	1.17868371e+00	2.13308230e+00	
2	1.135042516906510e+05	2.714709593344833e+05	-1.54466279e+00	3.21228504e+00	1.00967553e+00	
3	1.542373160291162e+05	2.152378868345117e+04	-8.56550696e-01	7.09471002e-02	3.01232920e+00	
4	1.074423117321803e+05	2.218651184938413e+04	1.50496687e-02	-5.01498795e-01	6.43283104e-01	
5	1.314407941020583e+04	1.572130737065901e+05	-4.35973793e+00	2.22170005e+00	3.85125057e-01	
6	3.768964114858898e+04	-4.706592090399072e+02	-3.66696002e+00	-2.75778991e+00	3.46276250e+00	
10	2.163183514167208e+04	7.830822290542199e+04	-4.11748831e+00	9.90791217e-01	-1.73217382e+00	
12	2.119530027792281e+02	2.999562502729350e+03	-3.88380970e+00	-4.77025286e+00	-4.02033013e+00	
14	5.371774465288400e+03	1.324093482790156e+03	-1.77936778e+00	-2.66793095e+00	-1.23218149e+00	
% instance = 9, name = bbob_f006_i19_d03__bbob_f008_i21_d03
% function evaluation | 2 objectives | 3 variables
1	1.612044406253237e+05	1.374215053005807e+04	3.69838651e+00	1.17868371e+00	2.13308230e+00	
2	2.741276337694493e+02	8.901616199739699e+04	-1.54466279e+00	3.21228504e+00	1.00967553e+00	
3	1.273197586752340e+05	7.885707484663070e+02	-8.56550696e-01	7.09471002e-02	3.01232920e+00	
4	3.026649498795951e+04	9.473603897283374e+02	1.50496687e-02	-5.01498795e-01	6.43283104e-01	
5	3.758023649631084e+03	8.510337434923477e+04	-4.35973793e+00	2.22170005e+00	3.85125057e-01	
8	2.362870643128108e+04	3.873428946058467e+04	3.09018580e+00	2.05256524e+00	-3.06284170e-01	
10	2.894580740318644e+02	5.519059294606260e+04	-4.11748831e+00	9.90791217e-01	-1.73217382e+00	
14	2.949516320568685e+02	4.230151389293992e+03	-1.77936778e+00	-2.66793095e+00	-1.23218149e+00	
17	3.360319188488344e+04	1.628496033427961e+02	8.79569963e-01	-1.53397246e+00	-4.73608956e-01	
18	7.277236974208271e+03	2.440045922752522e+03	2.22847579e+00	-7.24791604e-01	-2.22361210e+00	
% instance = 10, name = bbob_f006_i21_d03__bbob_f008_i22_d03
% function evaluation | 2 objectives | 3 variables
1	4.617247780638138e+03	3.104637341240387e+05	3.69838651e+00	1.17868371e+00	2.13308230e+00	
2	9.309691373413398e+03	3.846414403876825e+04	-1.54466279e+00	3.21228504e+00	1.00967553e+00	
3	1.844230500760449e+04	6.423740902742606e+03	-8.56550696e-01	7.09471002e-02	3.01232920e+00	
6	1.259011220523372e+05	6.479320421473616e+02	-3.66696002e+00	-2.75778991e+00	3.46276250e+00	
8	1.161979255156115e+01	2.231160704069493e+05	3.09018580e+00	2.05256524e+00	-3.06284170e-01	
10	6.768177954783521e+04	4.916596417092023e+03	-4.11748831e+00	9.90791217e-01	-1.73217382e+00	
13	-1.652166339932472e+02	9.352122449487894e+04	1.72379929e+00	2.40744026e+00	1.80268659e+00	
15	6.762710573016839e+04	4.013048294714488e+03	-3.68198521e+00	4.53000990e-01	-3.52038132e+00	
25	6.130948733653899e+04	8.720522225949863e+02	-3.25586383e+00	-1.13827348e+00	2.49249916e+00	
29	-1.893008685141893e+02	1.004954746771703e+05	8.73324071e-01	3.78113711e+00	1.87056011e-02	
