% instance = 1, name = bbob_f015_i02_d20__bbob_f021_i04_d20
% function evaluation | 2 objectives 
1	3.728973183729100e+03	5.297922308288501e+01	
2	2.815265124551052e+03	5.275500139003707e+01	
3	1.302874153963579e+03	5.214140657591980e+01	
5	2.842988632402006e+03	5.014150181957993e+01	
13	1.429431005976319e+03	5.209137747243746e+01	
19	1.282566708632013e+03	5.183196002296796e+01	
20	4.372298276094022e+03	4.231341346957952e+01	
28	2.036765215433491e+03	5.094537345979977e+01	
29	1.252595045996763e+03	5.358202366122575e+01	
33	1.117765300504283e+03	5.372018634029699e+01	
35	9.157406966165280e+02	4.820131374203980e+01	
40	2.491911366737409e+03	4.819581001730027e+01	
41	1.936719805898874e+03	4.355100447946997e+01	
76	9.093325262543133e+02	5.314724497470320e+01	
108	1.360993531586929e+03	4.526089549613310e+01	
116	1.258192089393374e+03	4.727189692381208e+01	
171	8.671086435459135e+02	4.893993796315752e+01	
% instance = 2, name = bbob_f015_i03_d20__bbob_f021_i05_d20
% function evaluation | 2 objectives 
1	3.692009853428732e+03	5.991353615306726e+02	
2	2.067702967736421e+03	6.008743180942055e+02	
3	1.925062207870158e+03	6.005197941361195e+02	
5	4.058629658798267e+03	5.988706667181060e+02	
6	1.315859215234565e+03	6.012384602309827e+02	
8	1.599811949341769e+03	6.007840826802360e+02	
9	1.247264548040470e+03	6.001706949940885e+02	
11	3.931007134129669e+03	5.986533037642532e+02	
12	1.782113501116692e+03	5.988220669410513e+02	
17	1.327735630693322e+03	6.000106881483243e+02	
18	1.216754445463594e+03	5.940546098093292e+02	
20	1.137844910857968e+03	6.011465767752080e+02	
30	1.025743284936479e+03	6.012348857134075e+02	
38	7.204298911206668e+02	5.965432571657457e+02	
42	8.622798325462334e+02	5.932858359532639e+02	
46	2.952027945323808e+03	5.930404119530665e+02	
88	1.692911853786464e+03	5.879725334190407e+02	
148	6.871036053200454e+02	5.998010703151713e+02	
% instance = 3, name = bbob_f015_i07_d20__bbob_f021_i08_d20
% function evaluation | 2 objectives 
1	1.337546220679301e+03	-3.862350558763940e+02	
6	2.103063375573291e+03	-3.873143754077438e+02	
19	9.390466710888772e+02	-3.848017903074086e+02	
30	1.974127460661056e+03	-3.874592398035641e+02	
35	1.319524741568152e+03	-3.876753807024269e+02	
39	1.710868098784757e+03	-3.882984235131329e+02	
46	1.140349858855541e+03	-3.877386224341635e+02	
63	1.988623605723471e+03	-3.887439187017280e+02	
69	1.667876630391229e+03	-3.879173855340759e+02	
115	2.302962930100703e+03	-4.000853711433246e+02	
116	1.836924021022727e+03	-3.903502006649190e+02	
130	1.107688983563306e+03	-3.869670887014710e+02	
138	1.420322268723574e+03	-3.901163471081733e+02	
162	1.899321767928231e+03	-3.936576896695894e+02	
168	9.198150863319959e+02	-3.826421032880048e+02	
% instance = 4, name = bbob_f015_i09_d20__bbob_f021_i10_d20
% function evaluation | 2 objectives 
1	1.240597664206601e+03	3.709228299214931e+02	
2	2.010696545806595e+03	3.662444519605838e+02	
8	9.625150124479669e+02	3.689006219910091e+02	
9	1.593618758026391e+03	3.626799598966452e+02	
18	8.283239323278909e+02	3.655063262209664e+02	
42	8.224626308272913e+02	3.721636989638957e+02	
44	7.464510626785235e+02	3.691797825785767e+02	
77	1.067615110817177e+03	3.648715075786318e+02	
83	1.311798403472320e+03	3.627429663638113e+02	
89	1.193942239387643e+03	3.643708713392576e+02	
% instance = 5, name = bbob_f015_i11_d20__bbob_f021_i12_d20
% function evaluation | 2 objectives 
1	1.607369502456169e+03	-1.129602199101113e+02	
5	1.253115429379704e+03	-1.104379149483193e+02	
6	1.240420455200998e+03	-1.114987192935242e+02	
8	1.052481411314403e+03	-1.110646834421008e+02	
18	9.852337496884301e+02	-1.107249525809503e+02	
21	1.171637730143304e+03	-1.123825871695730e+02	
25	2.025392951396944e+03	-1.171319011161244e+02	
28	1.334815606700065e+03	-1.144879888260864e+02	
30	1.125539450578411e+03	-1.134625244290874e+02	
34	1.807077875973764e+03	-1.151951025474062e+02	
43	6.195734628736720e+02	-1.097566440450379e+02	
44	6.393130538041270e+02	-1.099341455530079e+02	
47	9.259512171503412e+02	-1.164133663130450e+02	
59	8.882768603454091e+02	-1.099916698735893e+02	
78	4.868830477307625e+02	-1.114298819602600e+02	
118	7.097654438381113e+02	-1.178197999717576e+02	
147	3.285347439746853e+02	-1.101142480956999e+02	
161	1.244122176633699e+03	-1.225832465138305e+02	
167	6.240660018361631e+02	-1.116247357850791e+02	
195	2.279687036894842e+03	-1.234147168557415e+02	
% instance = 6, name = bbob_f015_i13_d20__bbob_f021_i14_d20
% function evaluation | 2 objectives 
1	3.970659045184682e+03	-4.160627885964146e+02	
2	2.543093484098390e+03	-4.156834462611361e+02	
3	2.313632203545601e+03	-4.190886389316413e+02	
5	1.517914797428704e+03	-4.138200656576690e+02	
9	1.401790827955929e+03	-4.130010425124299e+02	
17	2.451560069457108e+03	-4.196078587967926e+02	
22	1.419181535627030e+03	-4.135752192034038e+02	
28	1.692721876065076e+03	-4.179687901161907e+02	
32	1.135057641682089e+03	-4.128406000562853e+02	
35	1.120786083344765e+03	-4.174543401479206e+02	
53	1.687725474136306e+03	-4.281274906762199e+02	
72	1.107860070580500e+03	-4.151108907381395e+02	
77	1.089154574982804e+03	-4.129863358073889e+02	
130	1.031723519444166e+03	-4.139509302483478e+02	
131	1.654651866157688e+03	-4.199590000273575e+02	
156	1.484371992260365e+03	-4.175973749478987e+02	
175	8.276685052569334e+02	-4.129205640097768e+02	
180	1.426971996533339e+03	-4.197593190991086e+02	
193	1.068911938726236e+03	-4.148770359593078e+02	
% instance = 7, name = bbob_f015_i15_d20__bbob_f021_i16_d20
% function evaluation | 2 objectives 
1	1.711677557910699e+03	1.125431639986579e+02	
2	5.647775835633561e+03	1.090429297990315e+02	
5	4.365263951489189e+02	1.100862178263276e+02	
25	4.197714276339136e+02	1.131400650258574e+02	
28	2.442622870857965e+03	1.097736892961516e+02	
40	1.763051865186069e+02	1.108188393320684e+02	
78	3.196221506638001e+03	1.063883886508086e+02	
89	4.338279980170158e+02	1.107033273325134e+02	
123	2.988578219654361e+03	1.094656568994185e+02	
154	2.396435821776549e+03	1.091332064669707e+02	
164	9.018732662166410e+02	1.099755237839719e+02	
167	2.380113618104871e+03	1.073458123397564e+02	
175	1.332369491930783e+03	1.089382799083948e+02	
197	6.542693205830028e+02	1.081675130691475e+02	
% instance = 8, name = bbob_f015_i17_d20__bbob_f021_i18_d20
% function evaluation | 2 objectives 
1	2.265324137231141e+03	-7.405289173471048e+02	
2	4.555186799593538e+03	-7.408620793911932e+02	
5	2.063186995574819e+03	-7.418560530488651e+02	
9	1.601014739957995e+03	-7.406520628381617e+02	
12	1.459152838922432e+03	-7.403581889679598e+02	
17	1.094559714984036e+03	-7.413549960899466e+02	
18	3.019495363256329e+03	-7.428846276330657e+02	
27	2.832719654023218e+03	-7.420335742203849e+02	
28	1.674059347860210e+03	-7.414392740500914e+02	
35	2.178058150338491e+03	-7.424680945730686e+02	
42	3.140402761962153e+03	-7.459184250743905e+02	
61	1.735801291293679e+03	-7.423179574508463e+02	
68	1.300787166348179e+03	-7.414023854788827e+02	
89	2.551651354934333e+03	-7.448644187449097e+02	
90	8.116849670802945e+02	-7.399171414445866e+02	
138	1.689266845977413e+03	-7.431136797384100e+02	
142	2.265493874069894e+03	-7.457894911181422e+02	
167	1.389835143046129e+03	-7.418125575915237e+02	
174	4.288726118334836e+03	-7.489721115641789e+02	
193	2.307769976242277e+03	-7.495269715825627e+02	
% instance = 9, name = bbob_f015_i19_d20__bbob_f021_i21_d20
% function evaluation | 2 objectives 
1	1.372464328332853e+03	-1.295311611545226e+02	
3	1.970638773740867e+03	-1.317230475995804e+02	
5	1.231874309950657e+03	-1.292710944202204e+02	
9	1.634032135464973e+03	-1.304472963848032e+02	
12	1.966876525904714e+03	-1.305346888732831e+02	
17	1.401398277636819e+03	-1.300704379882247e+02	
18	2.139653223190256e+03	-1.317927484419731e+02	
25	1.196560003684190e+03	-1.334147047747367e+02	
28	1.094457057171274e+03	-1.298291388761108e+02	
34	1.055509282375173e+03	-1.293448182387195e+02	
35	1.102463344304075e+03	-1.311682037431117e+02	
38	9.275789214381198e+02	-1.296585479720210e+02	
39	9.780978344301384e+02	-1.298260906974861e+02	
40	9.554837379164626e+02	-1.298823016294312e+02	
44	1.362343018646821e+03	-1.339760072060184e+02	
46	1.881712084670203e+03	-1.362852738783733e+02	
49	8.654175567682599e+02	-1.285181807892011e+02	
99	1.923296467158066e+03	-1.369389384187678e+02	
147	1.147004754100673e+03	-1.323727903456390e+02	
152	1.362245596741626e+03	-1.411876913755493e+02	
% instance = 10, name = bbob_f015_i21_d20__bbob_f021_i22_d20
% function evaluation | 2 objectives 
1	4.300419590756721e+03	3.577826425702194e+02	
2	3.519780270274316e+03	3.531417525110702e+02	
3	1.753825859154642e+03	3.581145418164452e+02	
5	2.233598441437449e+03	3.546805826013845e+02	
10	1.482336696539853e+03	3.590271279868967e+02	
17	4.076182529603805e+03	3.505799446444055e+02	
18	1.897343440052166e+03	3.560686453170619e+02	
20	1.351502758544618e+03	3.588708566499419e+02	
28	2.815542247063500e+03	3.536991844090930e+02	
33	1.703656566417230e+03	3.579669523154454e+02	
35	1.303616013648003e+03	3.567885619569414e+02	
39	1.026690158455807e+03	3.580666357001184e+02	
44	1.224351804095543e+03	3.577359115200139e+02	
61	2.121792087530333e+03	3.558899341912272e+02	
72	1.760603021878100e+03	3.545757083408240e+02	
73	6.749664244140063e+02	3.568859081127471e+02	
77	1.575905717661346e+03	3.561660121402439e+02	
78	1.457695146939128e+03	3.567875076450714e+02	
90	3.795558176457386e+03	3.522805350141705e+02	
96	1.369275164396186e+03	3.548575261009933e+02	
130	1.090994124396317e+03	3.509634621502174e+02	
178	4.257097909163359e+03	3.503725268454430e+02	
197	5.252229073027593e+02	3.583175817255695e+02	
