% instance = 1, name = bbob_f008_i02_d03__bbob_f021_i04_d03
% function evaluation | 2 objectives | 3 variables
1	3.121072147098100e+05	6.395188289117591e+00	3.69838651e+00	1.17868371e+00	2.13308230e+00	
2	7.142185458578306e+03	-6.999319508671345e+00	-1.54466279e+00	3.21228504e+00	1.00967553e+00	
5	1.188810152840130e+03	1.060652516559801e+01	-4.35973793e+00	2.22170005e+00	3.85125057e-01	
6	3.113623958089269e+03	-1.074749272871021e+01	-3.66696002e+00	-2.75778991e+00	3.46276250e+00	
7	1.214896575648826e+05	-2.206163753044365e+01	1.68641129e+00	-3.21077456e+00	3.80160537e+00	
9	7.960827939158438e+03	-1.762327687864699e+01	-3.12702245e+00	3.09109369e+00	-1.38020177e-01	
10	-9.124271902913631e+01	-2.937521580016903e+01	-4.11748831e+00	9.90791217e-01	-1.73217382e+00	
25	-7.112665118714600e+02	2.383516032475175e+01	-3.25586383e+00	-1.13827348e+00	2.49249916e+00	
% instance = 2, name = bbob_f008_i03_d03__bbob_f021_i05_d03
% function evaluation | 2 objectives | 3 variables
1	8.359236995422034e+04	5.261355778768631e+02	3.69838651e+00	1.17868371e+00	2.13308230e+00	
3	1.399576153148723e+03	5.314767358241317e+02	-8.56550696e-01	7.09471002e-02	3.01232920e+00	
4	1.610612204110596e+03	5.263769827557207e+02	1.50496687e-02	-5.01498795e-01	6.43283104e-01	
13	4.793950674812042e+04	5.238611135691337e+02	1.72379929e+00	2.40744026e+00	1.80268659e+00	
14	9.975531544272393e+02	5.236623882368159e+02	-1.77936778e+00	-2.66793095e+00	-1.23218149e+00	
15	1.395119871016456e+04	5.216532643985826e+02	-3.68198521e+00	4.53000990e-01	-3.52038132e+00	
25	2.245900753251875e+02	5.347916651944092e+02	-3.25586383e+00	-1.13827348e+00	2.49249916e+00	
29	1.340758052648914e+05	5.205103520069136e+02	8.73324071e-01	3.78113711e+00	1.87056011e-02	
% instance = 3, name = bbob_f008_i07_d03__bbob_f021_i08_d03
% function evaluation | 2 objectives | 3 variables
1	4.037238010501284e+04	-4.390878432866253e+02	3.69838651e+00	1.17868371e+00	2.13308230e+00	
2	2.930843088476462e+04	-4.099596683518479e+02	-1.54466279e+00	3.21228504e+00	1.00967553e+00	
3	1.383967608648356e+03	-4.587729059526845e+02	-8.56550696e-01	7.09471002e-02	3.01232920e+00	
4	4.894862816169871e+02	-4.200700622600583e+02	1.50496687e-02	-5.01498795e-01	6.43283104e-01	
14	1.769998778254023e+02	-4.629050538751971e+02	-1.77936778e+00	-2.66793095e+00	-1.23218149e+00	
22	1.083810782741056e+05	-4.656138144891989e+02	4.22332759e+00	4.26516627e+00	3.96501986e+00	
% instance = 4, name = bbob_f008_i09_d03__bbob_f021_i10_d03
% function evaluation | 2 objectives | 3 variables
1	1.970880381624767e+03	3.079121225495720e+02	3.69838651e+00	1.17868371e+00	2.13308230e+00	
3	5.347680128163500e+03	3.057474951350302e+02	-8.56550696e-01	7.09471002e-02	3.01232920e+00	
6	1.144827940736813e+05	3.050717195570105e+02	-3.66696002e+00	-2.75778991e+00	3.46276250e+00	
8	5.339197246337043e+02	2.931732724040633e+02	3.09018580e+00	2.05256524e+00	-3.06284170e-01	
9	4.475016826922411e+04	2.920909477991885e+02	-3.12702245e+00	3.09109369e+00	-1.38020177e-01	
13	2.646585929786202e+02	3.354062507647912e+02	1.72379929e+00	2.40744026e+00	1.80268659e+00	
15	8.479414252421274e+04	2.864792532056977e+02	-3.68198521e+00	4.53000990e-01	-3.52038132e+00	
% instance = 5, name = bbob_f008_i11_d03__bbob_f021_i12_d03
% function evaluation | 2 objectives | 3 variables
1	3.762862051879649e+03	-1.557493452989510e+02	3.69838651e+00	1.17868371e+00	2.13308230e+00	
2	5.110454213602806e+03	-1.837246963543665e+02	-1.54466279e+00	3.21228504e+00	1.00967553e+00	
4	3.695586669654170e+03	-1.659021687028809e+02	1.50496687e-02	-5.01498795e-01	6.43283104e-01	
6	1.181541892169289e+05	-1.851465441622308e+02	-3.66696002e+00	-2.75778991e+00	3.46276250e+00	
8	6.660398871993998e+02	-1.822158261075995e+02	3.09018580e+00	2.05256524e+00	-3.06284170e-01	
13	1.113901407109101e+02	-1.598044084876545e+02	1.72379929e+00	2.40744026e+00	1.80268659e+00	
22	3.741350573965401e+03	-1.857202437187090e+02	4.22332759e+00	4.26516627e+00	3.96501986e+00	
24	1.582889998595296e+05	-1.873384861075739e+02	-4.94739350e+00	1.94595110e+00	-9.44855571e-01	
27	8.423428039064172e+03	-1.870139265619145e+02	8.87447394e-01	3.86215435e+00	-4.32069180e+00	
30	3.004774622429670e+03	-1.854826931430981e+02	2.91115120e+00	3.47712339e+00	-2.29537778e+00	
% instance = 6, name = bbob_f008_i13_d03__bbob_f021_i14_d03
% function evaluation | 2 objectives | 3 variables
1	3.420264816747086e+04	-4.810554034702012e+02	3.69838651e+00	1.17868371e+00	2.13308230e+00	
2	3.665546109497069e+03	-4.537871349381961e+02	-1.54466279e+00	3.21228504e+00	1.00967553e+00	
3	4.052394017247183e+03	-4.709255977666973e+02	-8.56550696e-01	7.09471002e-02	3.01232920e+00	
4	1.450189536188006e+03	-4.777683407613350e+02	1.50496687e-02	-5.01498795e-01	6.43283104e-01	
6	1.391142490368183e+04	-4.834190125743413e+02	-3.66696002e+00	-2.75778991e+00	3.46276250e+00	
7	8.987325067565815e+03	-4.897590415529626e+02	1.68641129e+00	-3.21077456e+00	3.80160537e+00	
13	1.128206725481293e+03	-4.786926044853076e+02	1.72379929e+00	2.40744026e+00	1.80268659e+00	
18	8.478802541857789e+03	-4.883128124371225e+02	2.22847579e+00	-7.24791604e-01	-2.22361210e+00	
26	1.006035005843986e+03	-4.572618011663010e+02	-2.50951019e+00	8.03832730e-01	-4.72981706e+00	
% instance = 7, name = bbob_f008_i15_d03__bbob_f021_i16_d03
% function evaluation | 2 objectives | 3 variables
1	1.646214591270395e+04	6.199806619219451e+01	3.69838651e+00	1.17868371e+00	2.13308230e+00	
2	9.818316537401199e+04	5.612331120663229e+01	-1.54466279e+00	3.21228504e+00	1.00967553e+00	
3	1.586721427769918e+03	3.943613547422150e+01	-8.56550696e-01	7.09471002e-02	3.01232920e+00	
7	9.318071653177168e+02	4.088965884436517e+01	1.68641129e+00	-3.21077456e+00	3.80160537e+00	
9	1.047454150155415e+05	3.434563770949902e+01	-3.12702245e+00	3.09109369e+00	-1.38020177e-01	
17	5.276409107359841e+02	4.949850326654514e+01	8.79569963e-01	-1.53397246e+00	-4.73608956e-01	
% instance = 8, name = bbob_f008_i17_d03__bbob_f021_i18_d03
% function evaluation | 2 objectives | 3 variables
1	1.980231515478971e+05	-7.652134059316588e+02	3.69838651e+00	1.17868371e+00	2.13308230e+00	
2	2.717038610551281e+04	-7.847427225277054e+02	-1.54466279e+00	3.21228504e+00	1.00967553e+00	
3	3.624470867480594e+03	-8.024180227413201e+02	-8.56550696e-01	7.09471002e-02	3.01232920e+00	
5	8.571690742577690e+03	-8.216062570355122e+02	-4.35973793e+00	2.22170005e+00	3.85125057e-01	
6	2.773848617781562e+03	-8.060390319277616e+02	-3.66696002e+00	-2.75778991e+00	3.46276250e+00	
10	1.819894689568892e+03	-8.103952265085661e+02	-4.11748831e+00	9.90791217e-01	-1.73217382e+00	
14	1.246438906109320e+03	-8.157419473648592e+02	-1.77936778e+00	-2.66793095e+00	-1.23218149e+00	
18	8.081212932327943e+04	-8.231523429758045e+02	2.22847579e+00	-7.24791604e-01	-2.22361210e+00	
% instance = 9, name = bbob_f008_i19_d03__bbob_f021_i21_d03
% function evaluation | 2 objectives | 3 variables
1	1.275173937055623e+04	-1.790957801422051e+02	3.69838651e+00	1.17868371e+00	2.13308230e+00	
2	1.629528042864172e+03	-1.564189582695784e+02	-1.54466279e+00	3.21228504e+00	1.00967553e+00	
3	3.040451155296832e+03	-1.864647671571864e+02	-8.56550696e-01	7.09471002e-02	3.01232920e+00	
4	5.190342177437224e+02	-1.950550309272413e+02	1.50496687e-02	-5.01498795e-01	6.43283104e-01	
8	3.570865999759951e+03	-2.059724819247204e+02	3.09018580e+00	2.05256524e+00	-3.06284170e-01	
9	1.103993760669562e+04	-2.091115127884323e+02	-3.12702245e+00	3.09109369e+00	-1.38020177e-01	
13	3.155689803555973e+01	-1.916894431774811e+02	1.72379929e+00	2.40744026e+00	1.80268659e+00	
17	1.081854018278300e+03	-2.037812969473313e+02	8.79569963e-01	-1.53397246e+00	-4.73608956e-01	
18	2.469838333294594e+03	-2.060035917406193e+02	2.22847579e+00	-7.24791604e-01	-2.22361210e+00	
28	1.320071552797584e+04	-2.104658797845719e+02	2.69951146e-01	3.74207563e+00	-2.95070304e+00	
% instance = 10, name = bbob_f008_i21_d03__bbob_f021_i22_d03
% function evaluation | 2 objectives | 3 variables
1	1.374215053005807e+04	2.956140761076100e+02	3.69838651e+00	1.17868371e+00	2.13308230e+00	
3	7.885707484663070e+02	2.746853626032127e+02	-8.56550696e-01	7.09471002e-02	3.01232920e+00	
4	9.473603897283374e+02	2.731729263743119e+02	1.50496687e-02	-5.01498795e-01	6.43283104e-01	
17	1.628496033427961e+02	2.792888198022261e+02	8.79569963e-01	-1.53397246e+00	-4.73608956e-01	
