% instance = 1, name = bbob_f006_i02_d20__bbob_f020_i04_d20
% function evaluation | 2 objectives 
1	1.156087811013830e+06	1.430553478190063e+05	
2	1.061395173814171e+06	3.483523395953301e+05	
3	9.864141671368540e+05	1.620610169281700e+05	
4	8.656383049512538e+05	2.513276854179496e+05	
5	1.740120037235147e+06	9.954287678340945e+04	
6	5.262592136799589e+05	1.476756457453605e+05	
8	1.078992262854129e+06	9.158683032385010e+04	
13	4.231037742586487e+05	2.449943317338351e+05	
20	1.044579285278275e+06	1.016331866938850e+05	
21	3.809149251411762e+05	2.985917316763272e+05	
33	5.650692888791849e+05	1.325341672763248e+05	
35	4.406371873880148e+05	1.272650055451417e+05	
40	1.126723698762494e+06	8.544170482498370e+04	
41	1.806236430050410e+05	1.115360099726529e+05	
44	5.913057928577028e+05	1.058300997689826e+05	
59	1.098553295427290e+06	8.690758426363881e+04	
68	3.188674703232966e+05	7.431313209519313e+04	
73	8.534450956190160e+05	5.462712425417536e+04	
99	1.847211450157354e+05	5.228425427030664e+04	
129	1.294241867415114e+05	1.586152219646955e+05	
167	1.068043625137958e+06	5.004207947891683e+04	
193	1.225292538945046e+06	3.887598547782591e+04	
% instance = 2, name = bbob_f006_i03_d20__bbob_f020_i05_d20
% function evaluation | 2 objectives 
1	6.396649110866904e+05	1.549350975609651e+05	
3	1.158463038666897e+06	9.529529947208401e+04	
5	1.071342123278187e+06	9.120164519426698e+04	
6	1.058752677994194e+06	1.225330941995088e+05	
7	5.772759074513809e+05	1.480377916776196e+05	
8	7.715345122023757e+05	8.808187938886050e+04	
9	5.808039866466089e+05	4.554455037605448e+04	
15	5.047239695609440e+05	4.002502633991212e+05	
17	5.692329993732665e+05	4.442719289425807e+04	
19	3.121274812562480e+05	2.108104170890900e+05	
28	2.038635653599725e+05	1.352207772032603e+05	
110	5.528613735101767e+05	1.002655499495053e+05	
% instance = 3, name = bbob_f006_i07_d20__bbob_f020_i08_d20
% function evaluation | 2 objectives 
1	3.926996060848458e+05	1.779373397554627e+05	
4	5.657306729911129e+05	1.350047200739599e+05	
5	5.719221775686918e+05	1.049746708270858e+05	
6	1.086908322392601e+06	8.658887471099530e+04	
8	1.131336279897971e+06	5.966164895000730e+04	
17	3.014140169342979e+05	2.205943626129951e+05	
22	5.934337942308160e+05	7.238210461285753e+04	
27	6.128378639691608e+04	1.769436201866092e+05	
28	1.333535644857286e+05	1.518202424823746e+05	
40	2.888064727244969e+05	1.136518914322692e+05	
44	4.061436821047442e+05	6.168710137038027e+04	
81	5.496731294423161e+05	5.628573315452304e+04	
103	2.432467409215539e+05	9.835267387518963e+04	
126	1.329389388015561e+05	4.531910595879135e+04	
152	1.073374211078651e+06	4.425073746864415e+04	
167	2.319540464365017e+05	4.345421752877694e+04	
% instance = 4, name = bbob_f006_i09_d20__bbob_f020_i10_d20
% function evaluation | 2 objectives 
1	3.276282963650640e+05	1.318506383235456e+05	
2	4.333489096117941e+05	1.299616415306915e+05	
5	5.113458800367496e+05	1.028728638509827e+05	
9	5.902925260769202e+05	7.270981924869446e+04	
17	3.041931392909247e+05	5.158209018295019e+04	
46	2.857785020557487e+05	5.427467650206338e+04	
62	1.467164897014120e+05	3.047812077160716e+05	
101	2.604139431982468e+05	1.515653324208211e+05	
102	2.499025123103406e+05	2.306601087102949e+05	
126	2.586847574286197e+05	1.351564464899147e+05	
142	1.955421528988182e+05	1.343778084625292e+05	
167	2.590629561796821e+05	1.002949829620387e+05	
200	3.966201214441963e+05	4.303531816393207e+04	
% instance = 5, name = bbob_f006_i11_d20__bbob_f020_i12_d20
% function evaluation | 2 objectives 
1	2.731487377462995e+06	3.341144658120919e+04	
3	1.974263316338783e+06	2.260354711134593e+05	
4	1.898429345947105e+06	2.509924287597607e+05	
5	2.189007776079153e+06	1.511375978169619e+05	
6	1.785150684104689e+06	3.134265466590496e+05	
8	1.852540842804723e+06	1.815265453465835e+05	
13	1.973644111042539e+06	1.737940687877900e+05	
14	1.912448803041596e+06	8.930245316884447e+04	
15	1.853027089316033e+06	1.397962394055599e+05	
16	1.079098307945165e+06	1.122158136293821e+05	
18	8.655879454352298e+05	1.412132044935862e+05	
27	8.159827159373157e+05	1.923953726332786e+05	
28	1.659244482102708e+06	8.165923479675036e+04	
33	1.088640022824040e+06	8.280654120262084e+04	
40	2.290190271886599e+06	7.047158647245675e+04	
50	1.913012565150321e+06	7.632111088219624e+04	
51	1.136965301122024e+06	5.426162552112909e+04	
54	1.069812042824272e+06	4.913441209198300e+04	
59	9.216079445288825e+05	1.201829349141612e+05	
63	1.885185750229046e+06	3.441636212904289e+04	
75	1.013561444268586e+06	8.560690437042486e+04	
81	6.884569683102677e+05	1.311154883078878e+05	
107	5.629487865436474e+05	2.052261163782555e+05	
110	5.623497889357979e+05	4.064212306013518e+05	
116	5.795175223277770e+05	1.675268490922348e+05	
176	9.261005353313003e+05	7.363105658738590e+04	
178	5.506686473490897e+05	2.448198799377745e+05	
% instance = 6, name = bbob_f006_i13_d20__bbob_f020_i14_d20
% function evaluation | 2 objectives 
1	1.021537604763597e+06	8.955544567402944e+04	
2	4.971656020063868e+05	1.224651952907676e+05	
5	1.162143579229385e+06	6.604666710827829e+04	
10	4.405119852362982e+05	1.848613082348259e+05	
15	5.700257326378239e+05	9.361910607475444e+04	
28	1.443104617860846e+06	4.633164828758188e+04	
31	2.578412463818865e+05	2.757439284587575e+05	
33	9.192510255461342e+05	7.851170200861538e+04	
40	5.449771805892854e+05	9.225514630520163e+04	
54	5.781152046481662e+05	7.150509239874652e+04	
62	3.539038064527833e+05	2.046068622580976e+05	
63	7.889105302584590e+05	6.245508167832878e+04	
69	3.393395474294708e+05	1.098665855921067e+05	
94	2.386679469038124e+05	1.985328554179470e+05	
100	4.922605607822734e+05	9.768076369052014e+04	
123	6.964459291563338e+05	5.905816968938938e+04	
126	9.136949632075340e+05	5.825579701067068e+04	
154	2.300279347406665e+05	1.924951429407386e+05	
200	1.046465085516621e+06	3.719022175834999e+04	
% instance = 7, name = bbob_f006_i15_d20__bbob_f020_i16_d20
% function evaluation | 2 objectives 
1	8.488572847700435e+05	9.598638119283406e+04	
3	2.115204050377748e+06	4.927308856504083e+04	
17	1.692751127373589e+06	6.800538879779386e+04	
18	6.261469850325278e+05	4.529022082764560e+05	
23	1.130150995633537e+06	4.547015914527795e+04	
25	7.622273506680343e+05	2.769657789534486e+05	
26	5.777266200603331e+05	2.560046361583326e+05	
28	1.081040455827921e+06	8.312655758150974e+04	
35	7.020709226928769e+05	9.179325610292466e+04	
40	6.992014034623702e+05	1.284120151401813e+05	
44	6.167058901657530e+05	2.318948157930084e+05	
46	9.607055177414867e+05	4.002141195872925e+04	
49	3.470175120412966e+05	1.094099033665289e+05	
53	3.206148718581035e+05	3.677388671284680e+04	
% instance = 8, name = bbob_f006_i17_d20__bbob_f020_i18_d20
% function evaluation | 2 objectives 
1	1.292407167242929e+06	1.410924942794475e+05	
2	5.314782800160516e+05	1.793978419944543e+05	
3	4.258601849022114e+05	1.024335013397867e+05	
29	5.827791421183447e+05	6.371807218266292e+04	
38	1.437789384307171e+05	1.028817943092737e+05	
72	6.940217965940664e+05	4.437219525996719e+04	
78	5.658170671664706e+05	8.512932351371190e+04	
87	5.530861258231098e+05	9.152828693891766e+04	
159	5.392619347175906e+05	1.010389404796619e+05	
170	5.498078906918248e+05	9.932534970743494e+04	
% instance = 9, name = bbob_f006_i19_d20__bbob_f020_i21_d20
% function evaluation | 2 objectives 
1	5.787270846984028e+05	2.827924852854025e+05	
2	8.163990323700046e+05	1.383024731713841e+05	
4	6.346127971694503e+05	1.865874355085866e+05	
6	1.501804052011904e+06	8.112350584775738e+04	
8	1.637399944704814e+06	6.006053339723767e+04	
11	5.463902472592498e+05	5.829021363969522e+05	
15	5.649646505953589e+05	2.052795921928110e+05	
17	5.427198069809340e+05	3.090376698728457e+05	
18	1.214530242160107e+06	7.201934683712915e+04	
22	8.391784816773232e+05	6.548179276608006e+04	
30	6.952676580701878e+05	1.220283814806672e+05	
48	6.705326918163378e+05	1.859784401521120e+05	
62	4.642229767411712e+05	3.364322601736076e+05	
81	1.228024323246880e+06	6.265949740732699e+04	
90	3.948589930761466e+05	2.605319466499859e+05	
107	7.779788538666248e+05	8.527652854442345e+04	
113	2.672051886862537e+05	2.035121049042655e+05	
126	5.475849445425706e+05	1.668562467348271e+05	
152	1.475476728326372e+06	3.566544314031417e+04	
167	5.729744524436202e+05	4.468993489537049e+04	
200	3.272748717899998e+05	1.760026447603404e+05	
% instance = 10, name = bbob_f006_i21_d20__bbob_f020_i22_d20
% function evaluation | 2 objectives 
1	1.140029082210878e+06	2.093118918965004e+05	
2	3.019588891368069e+05	2.643895666094487e+05	
3	1.079688045250981e+06	2.544679860681202e+05	
5	1.589554153158622e+06	1.294115235732496e+05	
6	8.133405575300547e+05	2.175187554407640e+05	
8	9.014685379006426e+05	7.908027807803630e+04	
14	8.991567907921078e+05	1.469306454097144e+05	
15	1.432847490478650e+05	2.769410307368377e+05	
16	1.031106160431540e+06	7.751335068853613e+04	
18	6.255606781225500e+05	1.161407098680550e+05	
29	4.816214801607306e+05	2.147503174138614e+05	
32	5.644859144808691e+05	1.887189391845902e+05	
35	5.878086760509482e+05	1.614094323025829e+05	
40	5.702433326813934e+05	7.793694016611732e+04	
43	1.196503839442417e+06	4.773649740262586e+04	
49	4.113575146967830e+05	1.717933405476827e+05	
61	3.911831032606228e+05	2.376284842743993e+05	
64	6.613277411206296e+05	7.754439610083314e+04	
73	1.165493343008632e+06	7.156215611175820e+04	
83	6.326976470290944e+05	6.830845816905913e+04	
93	3.671755212919461e+05	9.345699214520211e+04	
96	1.431845113314305e+06	3.445586416008342e+04	
122	3.082065972444187e+05	1.494814451538219e+05	
138	9.639612269077417e+05	5.703238685925886e+04	
169	3.193793191731839e+05	9.850728672139569e+04	
170	6.158064692013599e+05	5.872365833361162e+04	
