% instance = 1, name = bbob_f013_i02_d02__bbob_f020_i04_d02
% function evaluation | 2 objectives | 2 variables
1	3.257074663541417e+02	4.342789064326222e+04	3.69838651e+00	1.17868371e+00	
2	5.698928942309479e+02	-3.341319583306694e+01	2.13308230e+00	-1.54466279e+00	
3	2.890822888793070e+02	3.575465634938642e+04	3.21228504e+00	1.00967553e+00	
4	9.976824616449258e+01	4.119592347589634e+03	-8.56550696e-01	7.09471002e-02	
6	9.652578365059017e+01	1.132892134129435e+04	-5.01498795e-01	6.43283104e-01	
10	8.402500696471785e+02	-1.352290507688840e+02	1.68641129e+00	-3.21077456e+00	
15	4.567753568327902e+02	-1.412821438530781e+02	9.90791217e-01	-1.73217382e+00	
19	-1.947452654424976e+01	6.426890602669173e+04	1.72379929e+00	2.40744026e+00	
% instance = 2, name = bbob_f013_i03_d02__bbob_f020_i05_d02
% function evaluation | 2 objectives | 2 variables
1	2.916152369100221e+02	8.735201307288316e+03	3.69838651e+00	1.17868371e+00	
2	-1.315619506564898e+02	-4.482357217702985e+00	2.13308230e+00	-1.54466279e+00	
18	-2.048268669863345e+02	2.080366574163425e+03	-4.77025286e+00	-4.02033013e+00	
20	-1.609828728244875e+02	-2.661038474782128e+00	1.80268659e+00	-1.77936778e+00	
% instance = 3, name = bbob_f013_i07_d02__bbob_f020_i08_d02
% function evaluation | 2 objectives | 2 variables
1	2.969254123443223e+02	8.730961307288315e+03	3.69838651e+00	1.17868371e+00	
2	1.738626623873799e+02	-8.722357217702985e+00	2.13308230e+00	-1.54466279e+00	
5	1.337503506408486e+02	8.651938823397974e+02	3.01232920e+00	1.50496687e-02	
12	9.116087150397662e+01	5.005390128278165e+02	2.05256524e+00	-3.06284170e-01	
% instance = 4, name = bbob_f013_i09_d02__bbob_f020_i10_d02
% function evaluation | 2 objectives | 2 variables
1	6.120377500010261e+02	5.627764577571074e+02	3.69838651e+00	1.17868371e+00	
3	6.348296148457189e+02	1.936885114593954e+02	3.21228504e+00	1.00967553e+00	
7	5.272039295873005e+02	1.376183998850914e+03	-4.35973793e+00	2.22170005e+00	
9	3.182437772528133e+02	1.811922613312779e+01	-2.75778991e+00	3.46276250e+00	
% instance = 5, name = bbob_f013_i11_d02__bbob_f020_i12_d02
% function evaluation | 2 objectives | 2 variables
1	1.334826152559667e+03	8.703981307288315e+03	3.69838651e+00	1.17868371e+00	
2	1.277755166334892e+03	-3.570235721770299e+01	2.13308230e+00	-1.54466279e+00	
4	8.345703087105783e+02	8.493231353757670e+03	-8.56550696e-01	7.09471002e-02	
7	5.976836717446453e+02	8.187674157548911e+04	-4.35973793e+00	2.22170005e+00	
8	1.216392725807979e+03	4.020239401451453e+03	3.85125057e-01	-3.66696002e+00	
12	1.194908144740990e+03	4.735590128278166e+02	2.05256524e+00	-3.06284170e-01	
14	1.186902013799575e+03	7.015918729155139e+03	-1.38020177e-01	-4.11748831e+00	
15	1.141349652194819e+03	-3.432466517198699e+01	9.90791217e-01	-1.73217382e+00	
16	5.855271205619517e+02	1.165709603465716e+05	-3.79573636e+00	3.25988744e+00	
18	6.627671410942503e+02	2.049146574163425e+03	-4.77025286e+00	-4.02033013e+00	
% instance = 6, name = bbob_f013_i13_d02__bbob_f020_i14_d02
% function evaluation | 2 objectives | 2 variables
1	4.049740658000588e+02	4.023503330354018e+03	3.69838651e+00	1.17868371e+00	
2	2.646325457321220e+02	4.237795489250330e+04	2.13308230e+00	-1.54466279e+00	
3	2.689349926973932e+02	4.008010552822458e+03	3.21228504e+00	1.00967553e+00	
4	9.382042315814439e+02	3.220401870432368e+03	-8.56550696e-01	7.09471002e-02	
5	1.244057243596308e+02	1.478501942188333e+04	3.01232920e+00	1.50496687e-02	
6	7.890822557261666e+02	7.119427334333554e+02	-5.01498795e-01	6.43283104e-01	
11	6.132610093657728e+02	7.296058447170690e+02	3.80160537e+00	3.09018580e+00	
19	5.099774436853276e+01	4.850369008248087e+01	1.72379929e+00	2.40744026e+00	
% instance = 7, name = bbob_f013_i15_d02__bbob_f020_i16_d02
% function evaluation | 2 objectives | 2 variables
1	1.355240530284353e+03	8.558841307288316e+03	3.69838651e+00	1.17868371e+00	
2	1.827783883335183e+03	-1.808423572177030e+02	2.13308230e+00	-1.54466279e+00	
3	1.318150493665035e+03	7.653653830600023e+03	3.21228504e+00	1.00967553e+00	
4	9.010505518706868e+02	8.348091353757671e+03	-8.56550696e-01	7.09471002e-02	
5	1.553043143553227e+03	6.930738823397974e+02	3.01232920e+00	1.50496687e-02	
6	8.771992605012307e+02	1.492468462279469e+04	-5.01498795e-01	6.43283104e-01	
12	1.479078268313848e+03	3.284190128278166e+02	2.05256524e+00	-3.06284170e-01	
15	1.690271965855064e+03	-1.794646651719870e+02	9.90791217e-01	-1.73217382e+00	
18	1.410206247902096e+03	1.904006574163425e+03	-4.77025286e+00	-4.02033013e+00	
% instance = 8, name = bbob_f013_i17_d02__bbob_f020_i18_d02
% function evaluation | 2 objectives | 2 variables
1	2.473635739295262e+02	8.753001307288316e+03	3.69838651e+00	1.17868371e+00	
2	-2.954424988285066e+02	1.331764278229701e+01	2.13308230e+00	-1.54466279e+00	
15	-3.505165312269085e+02	1.469533482801301e+01	9.90791217e-01	-1.73217382e+00	
% instance = 9, name = bbob_f013_i19_d02__bbob_f020_i21_d02
% function evaluation | 2 objectives | 2 variables
1	7.431807951630739e+02	3.924763330354018e+03	3.69838651e+00	1.17868371e+00	
2	4.391700299654911e+02	4.227921489250330e+04	2.13308230e+00	-1.54466279e+00	
3	6.131843495024700e+02	3.909270552822458e+03	3.21228504e+00	1.00967553e+00	
4	4.860195890990880e+02	3.121661870432368e+03	-8.56550696e-01	7.09471002e-02	
6	4.304659105995078e+02	6.132027334333555e+02	-5.01498795e-01	6.43283104e-01	
8	1.121418014263074e+02	9.748174968656589e+04	3.85125057e-01	-3.66696002e+00	
10	4.101744670553506e+02	9.239151449287828e+04	1.68641129e+00	-3.21077456e+00	
12	3.566061131143952e+02	1.585327328588574e+04	2.05256524e+00	-3.06284170e-01	
14	7.710157895430652e+01	1.105147719170619e+05	-1.38020177e-01	-4.11748831e+00	
15	1.534757547262383e+02	3.975711613362809e+04	9.90791217e-01	-1.73217382e+00	
17	4.672795515748605e+01	1.029101764959649e+05	6.08063478e-02	-3.88380970e+00	
19	1.392454275854632e+02	-5.023630991751914e+01	1.72379929e+00	2.40744026e+00	
% instance = 10, name = bbob_f013_i21_d02__bbob_f020_i22_d02
% function evaluation | 2 objectives | 2 variables
1	8.876417546520687e+02	6.315764577571075e+02	3.69838651e+00	1.17868371e+00	
2	8.522997324436323e+02	1.917215320404769e+04	2.13308230e+00	-1.54466279e+00	
3	7.913805269869091e+02	2.624885114593954e+02	3.21228504e+00	1.00967553e+00	
4	1.880242977464652e+01	7.003870468154741e+03	-8.56550696e-01	7.09471002e-02	
6	-7.973754714751937e+00	1.782368084571678e+03	-5.01498795e-01	6.43283104e-01	
9	8.178502729864000e+02	8.691922613312778e+01	-2.75778991e+00	3.46276250e+00	
19	2.855434624704190e+02	9.079715162616134e+01	1.72379929e+00	2.40744026e+00	
