% instance = 1, name = bbob_f013_i02_d10__bbob_f015_i04_d10
% function evaluation | 2 objectives 
1	2.226877102652510e+03	8.406071290402658e+02	
2	1.928700132014834e+03	4.753286729472992e+02	
4	3.375769269278167e+03	4.194395933140305e+02	
5	2.888755509023284e+03	2.989737382459052e+02	
6	2.189852090636962e+03	4.169343229919303e+02	
8	1.611937166543129e+03	1.210373762340588e+03	
10	2.443678743995255e+03	3.857698333269568e+02	
24	1.608808110805881e+03	8.411479779454844e+02	
31	1.743177151336732e+03	8.392232135126451e+02	
33	2.138704660766693e+03	4.019932814283100e+02	
34	1.606643689705674e+03	5.071663469619158e+02	
35	1.557811955355324e+03	4.464874415460013e+02	
49	1.590100413680983e+03	4.137268096817592e+02	
61	1.466884436353903e+03	1.696582403539287e+03	
66	3.257778410980473e+03	2.965686778912153e+02	
74	1.064498029218282e+03	1.346803215045662e+03	
82	2.743122500883786e+03	2.897909058148059e+02	
92	1.031032463976387e+03	6.811688313449741e+02	
% instance = 2, name = bbob_f013_i03_d10__bbob_f015_i05_d10
% function evaluation | 2 objectives 
1	1.658440335145310e+03	2.660596171764939e+02	
4	8.569428559236871e+02	1.312208525271727e+03	
6	1.369499910086002e+03	1.065097814765002e+03	
9	1.646374296384525e+03	7.020298201821270e+02	
12	1.548817795904876e+03	2.657821656777974e+02	
17	1.453892726531218e+03	5.789840600718896e+02	
37	1.339807683921670e+03	9.832152172045915e+01	
47	1.755683256692864e+03	8.295632651211827e+01	
66	1.275494593176377e+03	7.489214240378842e+02	
69	1.139719221193235e+03	1.145498330333813e+03	
76	1.256716964321550e+03	4.075058232290333e+02	
77	1.504782188927686e+03	7.376422065114338e+01	
79	1.114603286388977e+03	7.583944958784327e+02	
80	5.700616882386992e+02	8.625272576381226e+02	
87	1.212722178333060e+03	7.458914390808327e+02	
97	1.173442629856512e+03	4.392565213617349e+02	
% instance = 3, name = bbob_f013_i07_d10__bbob_f015_i08_d10
% function evaluation | 2 objectives 
1	1.496915449774770e+03	3.116911585948344e+02	
4	2.389387990399109e+03	2.382779769717920e+02	
8	1.101459965781204e+03	4.525595115885914e+02	
12	1.289593054939981e+03	2.439694290091064e+02	
37	2.466542478728235e+03	1.705700587788229e+02	
42	1.788994970899196e+03	2.350851059091574e+02	
44	1.428856050238175e+03	1.082754913719268e+02	
54	1.142576610035710e+03	2.747784628005103e+02	
63	2.334750470769950e+03	9.175897853811887e+01	
% instance = 4, name = bbob_f013_i09_d10__bbob_f015_i10_d10
% function evaluation | 2 objectives 
1	2.723830896887085e+03	1.805498427992076e+03	
2	2.884941539678058e+03	1.588360659582977e+03	
3	2.029916192119137e+03	2.294396904891176e+03	
4	2.378330066381745e+03	1.467028528947443e+03	
5	1.927430173092103e+03	1.557149161917010e+03	
12	1.710783257987287e+03	2.228663326790175e+03	
16	1.611980245768085e+03	2.139789498317637e+03	
17	1.738639243405084e+03	2.096814121895596e+03	
21	1.585497173918741e+03	2.897269561261345e+03	
27	1.986602493212582e+03	1.495325203475419e+03	
33	2.726795121681575e+03	1.405713036989725e+03	
36	1.685114153539181e+03	1.622370785078869e+03	
39	1.504492169821531e+03	1.883790180768484e+03	
40	2.891864438727267e+03	1.359176959885555e+03	
44	1.676718845068455e+03	1.710272904316013e+03	
55	2.167927589676474e+03	1.425640472299706e+03	
59	1.282168806777275e+03	2.098090645071366e+03	
69	2.174102360172452e+03	1.413039319269198e+03	
80	1.860470711512666e+03	1.375682190748396e+03	
87	1.597604487811520e+03	1.765941508341155e+03	
90	2.781320223246675e+03	1.212102527750820e+03	
93	1.768514815033507e+03	1.612080394468778e+03	
% instance = 5, name = bbob_f013_i11_d10__bbob_f015_i12_d10
% function evaluation | 2 objectives 
1	2.456022630825319e+03	1.430066304628055e+03	
2	2.874286108425499e+03	1.280126907193320e+03	
3	1.972387089518843e+03	1.182120598268113e+03	
5	2.747722159577825e+03	9.717303455031850e+02	
9	1.949964538969146e+03	2.366124694277247e+03	
10	1.907950444952659e+03	9.216562864608118e+02	
43	1.842952533742683e+03	1.972398953523580e+03	
46	1.779383955314432e+03	1.459122827597009e+03	
76	1.692920341424454e+03	1.771723346480595e+03	
80	1.460420696144780e+03	1.158419070174029e+03	
% instance = 6, name = bbob_f013_i13_d10__bbob_f015_i14_d10
% function evaluation | 2 objectives 
1	1.694291662007953e+03	2.786877192284288e+02	
6	2.283280560411362e+03	2.123480720534225e+02	
10	2.041764899743404e+03	2.472118510676699e+02	
12	1.261266591254983e+03	6.408213587663238e+02	
29	2.000313668924023e+03	1.470067355191297e+02	
34	1.513603725907872e+03	5.201249255907601e+02	
44	1.484530816986088e+03	3.471767452330885e+02	
63	1.579382440214485e+03	2.703044368108341e+02	
67	1.590600240363914e+03	2.162912594326252e+02	
70	1.186210101953524e+03	5.021347057177996e+02	
82	2.210478492342362e+03	8.261043694741988e+01	
88	1.401812474256346e+03	3.646799457692564e+02	
93	1.163323566496337e+03	3.970785263885909e+02	
94	1.534256479689669e+03	2.772088718121938e+02	
97	1.729916766160091e+03	1.277874099777126e+02	
% instance = 7, name = bbob_f013_i15_d10__bbob_f015_i16_d10
% function evaluation | 2 objectives 
1	2.889719182225546e+03	9.264771059814229e+02	
3	3.870203277327895e+03	8.375608217708916e+02	
4	2.815456921399517e+03	1.686834763957354e+03	
5	2.601189684209419e+03	6.177982572079397e+02	
8	2.328538555111741e+03	6.929043531152646e+02	
22	2.228421940343441e+03	1.589551637227505e+03	
31	2.313151769168426e+03	5.662926004808176e+02	
36	2.804116049907425e+03	4.900770128569674e+02	
38	2.029357344488864e+03	2.201026361657087e+03	
42	2.078229955414396e+03	6.519977113217278e+02	
73	1.954701696101018e+03	1.598033630357187e+03	
84	2.627069344848894e+03	5.175070870836436e+02	
% instance = 8, name = bbob_f013_i17_d10__bbob_f015_i18_d10
% function evaluation | 2 objectives 
1	1.427266346962305e+03	6.948089469121377e+02	
3	1.200454460882615e+03	2.254860002029848e+03	
5	9.478922805315804e+02	1.489047333197261e+03	
10	1.787011671407875e+03	2.001544369485176e+02	
16	1.175936961677209e+03	3.998844435928164e+02	
19	2.066973318652772e+03	2.374612398288889e+00	
36	6.512532013290884e+02	8.608695985602845e+02	
82	2.032312154131421e+03	1.369666425412877e+02	
86	7.075152051510433e+02	6.220523973483357e+02	
88	5.754145150512843e+02	1.258639469747668e+03	
% instance = 9, name = bbob_f013_i19_d10__bbob_f015_i21_d10
% function evaluation | 2 objectives 
1	1.277959807647348e+03	1.772563318862389e+03	
2	2.676334057290228e+03	8.274468139306407e+02	
4	2.527692003988310e+03	4.880045334504557e+02	
5	1.939670745575067e+03	1.366478315487227e+03	
9	2.372775104912190e+03	6.160914875454687e+02	
15	1.195395964172657e+03	1.031785395891214e+04	
30	2.287759487607046e+03	3.981904215892354e+02	
33	1.743147746527709e+03	1.295994553583594e+03	
34	1.974103973999937e+03	1.110991511005809e+03	
35	1.800517829030978e+03	1.254241381340461e+03	
37	2.225954971099226e+03	2.597598560151606e+02	
39	1.664187236912196e+03	8.596989208972338e+02	
44	1.128514406564301e+03	4.679091948287538e+03	
47	2.170728813774324e+03	7.175504762757796e+02	
55	2.152831418456586e+03	7.138899557823287e+02	
67	1.468288382105104e+03	1.595510493278994e+03	
75	1.581092345282088e+03	9.146046844988429e+02	
77	1.839430721780924e+03	3.566578090759360e+02	
92	1.421469832971585e+03	1.072203204741327e+03	
93	8.723595605688680e+02	1.680810471862253e+03	
94	1.638469276953995e+03	5.689403346624555e+02	
97	8.711158117318389e+02	2.072070949694599e+03	
% instance = 10, name = bbob_f013_i21_d10__bbob_f015_i22_d10
% function evaluation | 2 objectives 
1	1.109388269659890e+03	9.626788884869864e+02	
8	2.082096854777322e+03	5.847974545062737e+02	
15	2.069518886297188e+03	8.070473885257375e+02	
16	1.787771142113981e+03	8.856256174634939e+02	
45	1.198174669877078e+03	5.562305705160824e+02	
67	1.187786565908904e+03	6.711726388706976e+02	
91	1.688200005705356e+03	3.809529324141001e+02	
