% instance = 1, name = bbob_f015_i02_d10__bbob_f017_i04_d10
% function evaluation | 2 objectives 
1	1.124710208700039e+03	6.669337103261881e+01	
2	4.552351703780967e+02	6.818410898243226e+01	
3	1.166193448112320e+03	5.028186125276487e+01	
5	4.184781085870347e+02	6.715704357313476e+01	
8	3.849252852157101e+02	8.562198950544621e+01	
10	6.675162185231873e+02	5.563864106196315e+01	
11	9.433455741424527e+02	5.456146344213997e+01	
16	7.687053818093148e+02	4.815881182958400e+01	
18	3.375636098781414e+02	5.739540629047103e+01	
35	2.484183213489644e+02	5.505912112975417e+01	
55	5.208796208224811e+02	5.164815290252202e+01	
87	6.609279178923350e+02	4.910577764614244e+01	
88	6.054451556102972e+02	5.078957805963853e+01	
% instance = 2, name = bbob_f015_i03_d10__bbob_f017_i05_d10
% function evaluation | 2 objectives 
1	4.285491659670788e+03	-1.337728922211298e+02	
2	1.449006600102927e+03	-1.289989946985359e+02	
3	8.028795914193809e+02	-1.340353325790425e+02	
6	7.109405001444704e+02	-1.347658065696693e+02	
10	3.684709909107978e+02	-1.302924005050601e+02	
14	2.621325780472183e+02	-1.264299214975727e+02	
16	6.086284258005001e+02	-1.309823732233521e+02	
18	3.983362367005698e+02	-1.339290750507043e+02	
21	9.633965199868690e+02	-1.355598674527816e+02	
30	4.912110178654276e+03	-1.368132756946448e+02	
34	2.443066007638796e+02	-1.299688573661924e+02	
46	2.594840783539522e+02	-1.381675243135492e+02	
60	2.589155812803771e+02	-1.330367347811440e+02	
63	6.353855285917399e+02	-1.392539241511879e+02	
% instance = 3, name = bbob_f015_i07_d10__bbob_f017_i08_d10
% function evaluation | 2 objectives 
1	2.072438623912225e+03	8.542420575698601e+01	
2	6.923816417227920e+02	9.477417904318388e+01	
4	5.121517914486008e+02	1.164261182198592e+02	
6	7.798334277434228e+02	7.958533176710276e+01	
37	6.644762709179554e+02	9.745196750013449e+01	
58	7.060177369543749e+02	8.899609471362822e+01	
81	5.661729257851853e+02	1.034977051973238e+02	
% instance = 4, name = bbob_f015_i09_d10__bbob_f017_i10_d10
% function evaluation | 2 objectives 
1	6.815089360367818e+02	3.997709367127770e+01	
2	7.879186815971126e+02	3.088044928494637e+01	
4	1.747530701120162e+03	2.293177036579416e+01	
5	7.434924208433694e+02	3.233037435203686e+01	
8	3.496975831139931e+02	3.637868335461412e+01	
24	1.082678670301553e+03	1.779022504402262e+01	
25	1.060537861635059e+03	2.905112937242738e+01	
26	8.641068130609659e+02	2.898995522702169e+01	
28	9.236567367186750e+02	2.103869140929205e+01	
30	6.955238359540438e+02	2.874505068061318e+01	
33	5.829056344134602e+02	3.452448920274082e+01	
34	6.437450799505692e+02	3.189481986771645e+01	
37	8.330571008558294e+02	2.454806740530859e+01	
38	5.802476813593454e+02	3.559795020416578e+01	
46	1.045090149439742e+03	2.060530661312876e+01	
48	3.246399678262342e+02	8.377249769633003e+01	
55	9.182954513697267e+02	2.401759375164225e+01	
56	7.162798249738829e+02	2.331862114528075e+01	
74	9.029637088788666e+02	2.222352106232488e+01	
92	4.037362800861671e+02	2.384399686694512e+01	
100	5.557766083763111e+02	1.687488341183944e+01	
% instance = 5, name = bbob_f015_i11_d10__bbob_f017_i12_d10
% function evaluation | 2 objectives 
1	6.141774938223309e+02	7.824224954304321e+01	
5	5.487799714997303e+02	2.360436148669925e+02	
8	5.147017558240474e+02	9.010957367860972e+01	
10	3.987812873608506e+02	8.356006160576699e+01	
11	2.690312200739610e+03	6.566597979498701e+01	
17	3.612611232223715e+02	1.127271672581214e+02	
31	2.554359904579377e+02	8.246974324546238e+01	
32	2.279093053968136e+02	3.381091219244174e+02	
33	3.508581185897368e+02	7.972307614224908e+01	
35	3.038725270660458e+02	7.471158365788516e+01	
36	2.406710832531361e+02	9.687988383798304e+01	
49	2.826465643824731e+02	6.750636544064882e+01	
56	2.899745525640859e+02	5.770563479195576e+01	
65	2.741540251917121e+02	7.154904445625749e+01	
% instance = 6, name = bbob_f015_i13_d10__bbob_f017_i14_d10
% function evaluation | 2 objectives 
1	6.593572202998973e+02	-1.595990327049918e+02	
12	5.310210748234662e+02	-1.617163400333322e+02	
58	4.138400823030066e+02	-1.605543459815474e+02	
73	5.828793321330854e+02	-1.623233663133267e+02	
76	9.817200934549965e+02	-1.628482538625278e+02	
77	3.768776925933732e+02	-1.587673512381758e+02	
% instance = 7, name = bbob_f015_i15_d10__bbob_f017_i16_d10
% function evaluation | 2 objectives 
1	1.763725584273560e+02	2.626572586874343e+02	
2	6.866674597802710e+02	2.348176833929090e+02	
3	6.106441946991051e+02	2.544446603280892e+02	
4	4.157990482901407e+03	1.918519712871810e+02	
5	1.794265275552343e+03	2.024912717657232e+02	
6	1.106617014158769e+03	2.065114805028151e+02	
7	7.042371610798727e+01	1.853852078575547e+03	
8	6.386506603578318e+02	2.186052767157696e+02	
9	3.766028178012361e+02	1.944903249502092e+02	
10	-2.319535338126046e+02	3.341979866871002e+02	
16	3.602153553378329e+02	2.261854824962217e+02	
18	2.080117017083258e+02	2.376571468913580e+02	
30	2.771518553525180e+03	1.933022450271837e+02	
31	-1.058337610983979e+02	2.391106908124420e+02	
32	1.950746490805150e+02	1.948101723863647e+02	
35	-1.531742166665431e+02	2.436621604057547e+02	
36	1.723085954716224e+03	1.940256817643420e+02	
37	1.170328425264648e+03	1.867490307139371e+02	
38	5.349545460450977e+03	1.843243250850135e+02	
39	4.669799619595000e+02	1.923189352291691e+02	
42	1.580050097501982e+02	1.863493348450604e+02	
49	-2.126996251082413e+02	3.268808236706361e+02	
53	6.832082525712718e+01	2.141964323894614e+02	
69	8.626502383492817e+01	1.957591466429988e+02	
79	-1.579437585760496e+02	2.230774851144559e+02	
80	8.858340112915749e+01	1.944475641401946e+02	
82	-2.177877294742730e+02	3.088350670946232e+02	
94	1.739572065629505e+03	1.821828497212518e+02	
97	-2.347687817381922e+02	2.679543297574721e+02	
% instance = 8, name = bbob_f015_i17_d10__bbob_f017_i18_d10
% function evaluation | 2 objectives 
1	5.330530440674436e+02	-2.001141023360847e+02	
4	1.721124752793553e+03	-2.139284800337182e+02	
5	2.733270767722391e+03	-2.162011983717255e+02	
8	1.070953126373358e+03	-2.240567862448792e+02	
9	5.587654164443200e+02	-2.090404614562505e+02	
14	1.337353234778489e+03	-2.261881663356424e+02	
16	2.058696146108093e+03	-2.264530668416876e+02	
17	5.185072892063614e+02	-2.219955192335551e+02	
27	1.556189346315472e+03	-2.264315125059789e+02	
33	8.383558936258163e+02	-2.288526700387775e+02	
58	4.214393928562313e+02	-2.004340595634393e+02	
63	6.294796345014112e+02	-2.220076055080995e+02	
69	8.309177179648129e+02	-2.310715190280476e+02	
90	1.584870854587602e+03	-2.314912494822817e+02	
% instance = 9, name = bbob_f015_i19_d10__bbob_f017_i21_d10
% function evaluation | 2 objectives 
1	7.616686049080279e+02	6.742968609943097e+01	
2	1.902921633109356e+03	6.161553583668749e+01	
7	1.383852278121625e+03	6.060755053483145e+01	
10	7.815689677537542e+02	5.683526422111557e+01	
12	7.182715947707145e+02	8.500185750380109e+01	
25	3.941576576240912e+03	5.313095278014890e+01	
31	7.517340267886183e+02	6.144196139217662e+01	
32	6.900940571799607e+02	1.271710586507154e+02	
33	1.080495054757489e+03	5.300612099634291e+01	
35	6.589090512184337e+02	7.677527068380245e+01	
39	5.281698329620455e+02	1.126658274172623e+02	
42	5.352462820513242e+02	8.592696181890443e+01	
44	6.201755419765150e+02	8.127852289136962e+01	
49	6.380998104825162e+02	6.557310936833142e+01	
60	6.163514435282719e+02	7.695152890253165e+01	
66	4.988937602676679e+02	2.521096380802243e+02	
67	4.774923828238615e+02	8.758121428537009e+01	
75	6.576740615587009e+02	6.555470340225772e+01	
93	5.735583222019062e+02	8.204013888495163e+01	
97	4.898630647774719e+02	8.625512524043418e+01	
% instance = 10, name = bbob_f015_i21_d10__bbob_f017_i22_d10
% function evaluation | 2 objectives 
1	1.772563318862389e+03	1.139386815478918e+02	
2	8.274468139306407e+02	5.754612772995094e+01	
4	4.880045334504557e+02	7.124679431104749e+01	
6	6.471027673896739e+02	6.385580442346181e+01	
30	3.981904215892354e+02	9.911790771033060e+01	
35	1.254241381340461e+03	5.358896435201670e+01	
37	2.597598560151606e+02	7.618457187724016e+01	
55	7.138899557823287e+02	5.553151407554357e+01	
78	5.610013017230307e+02	6.723034332991870e+01	
80	6.713671207551683e+02	5.684335868203790e+01	
100	6.143798630922012e+02	6.158234110027883e+01	
