% instance = 1, name = bbob_f006_i02_d02__bbob_f015_i04_d02
% function evaluation | 2 objectives | 2 variables
1	1.267326092534865e+02	6.600078979396206e+02	3.69838651e+00	1.17868371e+00	
2	2.261152404874122e+04	2.752177102847088e+02	2.13308230e+00	-1.54466279e+00	
3	1.015588351604240e+02	5.958053432602869e+02	3.21228504e+00	1.00967553e+00	
4	3.080107145425153e+04	1.860921203076495e+02	-8.56550696e-01	7.09471002e-02	
5	2.178122407164695e+03	4.636573944787771e+02	3.01232920e+00	1.50496687e-02	
6	1.002747709106611e+04	2.294150071397809e+02	-5.01498795e-01	6.43283104e-01	
7	3.725236663648329e+05	1.052089087481045e+02	-4.35973793e+00	2.22170005e+00	
8	8.459558486493591e+04	1.050496712553572e+02	3.85125057e-01	-3.66696002e+00	
12	7.274962554462445e+03	3.713495945311112e+02	2.05256524e+00	-3.06284170e-01	
14	1.109938970592784e+05	8.473251879764177e+01	-1.38020177e-01	-4.11748831e+00	
17	1.000987464631394e+05	7.478605437009378e+01	6.08063478e-02	-3.88380970e+00	
19	5.838410811303480e+01	5.532702189604125e+02	1.72379929e+00	2.40744026e+00	
% instance = 2, name = bbob_f006_i03_d02__bbob_f015_i05_d02
% function evaluation | 2 objectives | 2 variables
1	-9.572704232098085e+02	-7.001964047460606e+01	3.69838651e+00	1.17868371e+00	
2	-9.792411794065423e+02	-4.528793680503028e+01	2.13308230e+00	-1.54466279e+00	
3	-9.672976984968868e+02	-7.083330634149183e+01	3.21228504e+00	1.00967553e+00	
4	1.213830655163597e+05	-7.601250842275205e+01	-8.56550696e-01	7.09471002e-02	
8	-9.962483549064270e+02	3.040789106157894e+01	3.85125057e-01	-3.66696002e+00	
12	-9.858664837215272e+02	-5.878729804057377e+01	2.05256524e+00	-3.06284170e-01	
15	-9.951954920393803e+02	-3.233749136148552e+01	9.90791217e-01	-1.73217382e+00	
17	-9.979266313150595e+02	4.580763046391064e+01	6.08063478e-02	-3.88380970e+00	
20	-9.867030437906308e+02	-3.624397463877000e+01	1.80268659e+00	-1.77936778e+00	
% instance = 3, name = bbob_f006_i07_d02__bbob_f015_i08_d02
% function evaluation | 2 objectives | 2 variables
1	2.941339824821187e+05	1.229683996258944e+03	3.69838651e+00	1.17868371e+00	
2	1.187759836295344e+05	4.507599643866737e+01	2.13308230e+00	-1.54466279e+00	
4	1.586804072269464e+04	-8.992988046823379e+01	-8.56550696e-01	7.09471002e-02	
7	2.129642892936777e+05	-1.012080572602105e+02	-4.35973793e+00	2.22170005e+00	
13	1.264731554038624e+05	-9.157230010047894e+01	-3.12702245e+00	3.09109369e+00	
14	6.405189620028895e+03	-8.413183298848183e+01	-1.38020177e-01	-4.11748831e+00	
17	1.084993877541626e+04	-9.160170612449537e+01	6.08063478e-02	-3.88380970e+00	
% instance = 4, name = bbob_f006_i09_d02__bbob_f015_i10_d02
% function evaluation | 2 objectives | 2 variables
1	1.112247004126455e+05	1.429554353452716e+03	3.69838651e+00	1.17868371e+00	
2	5.369806564372341e+05	1.241501941779890e+03	2.13308230e+00	-1.54466279e+00	
3	1.203237147118596e+05	1.383178160957125e+03	3.21228504e+00	1.00967553e+00	
4	2.511872480180193e+05	1.049593269157695e+03	-8.56550696e-01	7.09471002e-02	
5	2.421824158583263e+05	1.357196508935639e+03	3.01232920e+00	1.50496687e-02	
6	1.697794086377578e+05	1.062432932360155e+03	-5.01498795e-01	6.43283104e-01	
7	1.210907204304820e+05	1.188609812666796e+03	-4.35973793e+00	2.22170005e+00	
9	5.836863027837398e+04	1.067282760837432e+03	-2.75778991e+00	3.46276250e+00	
11	1.212800905102158e+03	1.476534611335851e+03	3.80160537e+00	3.09018580e+00	
19	1.604075728317483e+04	1.253403924052757e+03	1.72379929e+00	2.40744026e+00	
% instance = 5, name = bbob_f006_i11_d02__bbob_f015_i12_d02
% function evaluation | 2 objectives | 2 variables
1	6.498598803910594e+04	2.257906200310463e+03	3.69838651e+00	1.17868371e+00	
2	1.130521293712885e+05	1.241380593394372e+03	2.13308230e+00	-1.54466279e+00	
3	5.193748751527417e+04	1.703501962613049e+03	3.21228504e+00	1.00967553e+00	
4	6.109469700721784e+01	6.322003136303289e+02	-8.56550696e-01	7.09471002e-02	
18	1.069101331982097e+04	6.306128102376991e+02	-4.77025286e+00	-4.02033013e+00	
% instance = 6, name = bbob_f006_i13_d02__bbob_f015_i14_d02
% function evaluation | 2 objectives | 2 variables
1	1.612190560902763e+05	1.439180413613543e+02	3.69838651e+00	1.17868371e+00	
3	1.742340607205176e+05	1.000916654403999e+02	3.21228504e+00	1.00967553e+00	
4	2.517580430248974e+05	-1.108924807898986e+02	-8.56550696e-01	7.09471002e-02	
6	1.729747333982264e+05	-9.287058087701311e+01	-5.01498795e-01	6.43283104e-01	
7	6.435887430057168e+04	-2.185337166489969e+02	-4.35973793e+00	2.22170005e+00	
9	1.558414830259785e+04	-2.333097547899297e+02	-2.75778991e+00	3.46276250e+00	
11	1.435407750862593e+04	2.261275070663424e+01	3.80160537e+00	3.09018580e+00	
% instance = 7, name = bbob_f006_i15_d02__bbob_f015_i16_d02
% function evaluation | 2 objectives | 2 variables
1	1.196814690334344e+05	1.265531707127977e+03	3.69838651e+00	1.17868371e+00	
2	3.274653311348068e+04	4.968681618529747e+02	2.13308230e+00	-1.54466279e+00	
4	6.218958406240809e+04	3.789217538412471e+02	-8.56550696e-01	7.09471002e-02	
8	2.956253008455925e+02	3.137699141304311e+02	3.85125057e-01	-3.66696002e+00	
14	7.443752883210869e+03	2.610835826700006e+02	-1.38020177e-01	-4.11748831e+00	
17	2.379805309240277e+03	2.694200328586110e+02	6.08063478e-02	-3.88380970e+00	
% instance = 8, name = bbob_f006_i17_d02__bbob_f015_i18_d02
% function evaluation | 2 objectives | 2 variables
1	9.705798419534713e+05	3.893216486789056e+02	3.69838651e+00	1.17868371e+00	
2	2.979769206951029e+05	1.474389812307784e+02	2.13308230e+00	-1.54466279e+00	
4	1.649812297680831e+05	-5.848503698670066e+01	-8.56550696e-01	7.09471002e-02	
7	1.302334293116676e+05	-1.100952540026750e+02	-4.35973793e+00	2.22170005e+00	
8	3.502990511604275e+04	-1.015729923006123e+01	3.85125057e-01	-3.66696002e+00	
13	3.016988609721446e+05	-1.130632998158292e+02	-3.12702245e+00	3.09109369e+00	
14	1.385448239662945e+04	-5.140836337366790e+01	-1.38020177e-01	-4.11748831e+00	
17	2.180013712409407e+04	-5.379724912665625e+01	6.08063478e-02	-3.88380970e+00	
18	6.168540356640032e+01	-9.628525645811651e+01	-4.77025286e+00	-4.02033013e+00	
% instance = 9, name = bbob_f006_i19_d02__bbob_f015_i21_d02
% function evaluation | 2 objectives | 2 variables
1	1.791806831488213e+05	3.863342758868416e+02	3.69838651e+00	1.17868371e+00	
2	9.506714055403096e+04	2.561984366482521e+02	2.13308230e+00	-1.54466279e+00	
4	6.524693633470675e+04	1.438239112200795e+02	-8.56550696e-01	7.09471002e-02	
6	1.004751441010809e+05	1.298271271987929e+02	-5.01498795e-01	6.43283104e-01	
8	3.368390749720852e+04	1.897624080025867e+02	3.85125057e-01	-3.66696002e+00	
14	2.047989114509580e+04	1.663752803897237e+02	-1.38020177e-01	-4.11748831e+00	
18	6.444143536856948e+02	2.602371133610478e+02	-4.77025286e+00	-4.02033013e+00	
% instance = 10, name = bbob_f006_i21_d02__bbob_f015_i22_d02
% function evaluation | 2 objectives | 2 variables
1	1.923875171137254e+05	4.486631839616215e+02	3.69838651e+00	1.17868371e+00	
2	1.862306184018280e+05	2.015725026747820e+02	2.13308230e+00	-1.54466279e+00	
3	1.718891057838830e+05	3.263944638289257e+02	3.21228504e+00	1.00967553e+00	
4	3.090370094438439e+04	1.936496671768012e+02	-8.56550696e-01	7.09471002e-02	
6	3.208881375919871e+04	1.689714773249836e+02	-5.01498795e-01	6.43283104e-01	
18	1.064258506340307e+03	5.841030532040749e+02	-4.77025286e+00	-4.02033013e+00	
