% instance = 1, name = bbob_f008_i02_d05__bbob_f013_i04_d05
% function evaluation | 2 objectives | 5 variables
1	3.151057412388760e+05	1.304124951611094e+03	3.69838651e+00	1.17868371e+00	2.13308230e+00	-1.54466279e+00	3.21228504e+00	
2	1.406522485218554e+05	1.990466268896899e+03	1.00967553e+00	-8.56550696e-01	7.09471002e-02	3.01232920e+00	1.50496687e-02	
3	8.703815361946456e+04	2.677221296859878e+03	-5.01498795e-01	6.43283104e-01	-4.35973793e+00	2.22170005e+00	3.85125057e-01	
4	3.792451151216901e+04	2.069879074238273e+03	-3.66696002e+00	-2.75778991e+00	3.46276250e+00	1.68641129e+00	-3.21077456e+00	
7	1.136683979379566e+04	2.528705640213810e+03	-3.79573636e+00	3.25988744e+00	6.08063478e-02	-3.88380970e+00	-4.77025286e+00	
8	3.064852480100308e+04	1.776669448443286e+03	-4.02033013e+00	1.72379929e+00	2.40744026e+00	1.80268659e+00	-1.77936778e+00	
% instance = 2, name = bbob_f008_i03_d05__bbob_f013_i05_d05
% function evaluation | 2 objectives | 5 variables
1	8.376133897711633e+04	1.113947971263339e+03	3.69838651e+00	1.17868371e+00	2.13308230e+00	-1.54466279e+00	3.21228504e+00	
2	1.572696843099737e+05	1.011320893737249e+03	1.00967553e+00	-8.56550696e-01	7.09471002e-02	3.01232920e+00	1.50496687e-02	
4	7.601109017988219e+04	1.940827991276486e+03	-3.66696002e+00	-2.75778991e+00	3.46276250e+00	1.68641129e+00	-3.21077456e+00	
5	1.546740972791109e+05	9.188634150464443e+02	3.80160537e+00	3.09018580e+00	2.05256524e+00	-3.06284170e-01	-3.12702245e+00	
9	8.342982259952524e+04	1.632127006153517e+03	-2.66793095e+00	-1.23218149e+00	-3.68198521e+00	4.53000990e-01	-3.52038132e+00	
% instance = 3, name = bbob_f008_i07_d05__bbob_f013_i08_d05
% function evaluation | 2 objectives | 5 variables
1	1.038084121861275e+05	6.515440092007270e+01	3.69838651e+00	1.17868371e+00	2.13308230e+00	-1.54466279e+00	3.21228504e+00	
2	7.053983181656924e+03	7.976361094624231e+02	1.00967553e+00	-8.56550696e-01	7.09471002e-02	3.01232920e+00	1.50496687e-02	
3	3.703135663006453e+03	1.373473106634582e+03	-5.01498795e-01	6.43283104e-01	-4.35973793e+00	2.22170005e+00	3.85125057e-01	
8	6.503932704548687e+04	1.770143271811810e+02	-4.02033013e+00	1.72379929e+00	2.40744026e+00	1.80268659e+00	-1.77936778e+00	
9	2.500089890288753e+03	1.018501453058012e+03	-2.66793095e+00	-1.23218149e+00	-3.68198521e+00	4.53000990e-01	-3.52038132e+00	
% instance = 4, name = bbob_f008_i09_d05__bbob_f013_i10_d05
% function evaluation | 2 objectives | 5 variables
1	2.243906381604121e+03	1.330625827298198e+03	3.69838651e+00	1.17868371e+00	2.13308230e+00	-1.54466279e+00	3.21228504e+00	
7	8.416451420295176e+04	1.033650469059779e+03	-3.79573636e+00	3.25988744e+00	6.08063478e-02	-3.88380970e+00	-4.77025286e+00	
% instance = 5, name = bbob_f008_i11_d05__bbob_f013_i12_d05
% function evaluation | 2 objectives | 5 variables
1	1.074918539328812e+04	1.641746412181982e+03	3.69838651e+00	1.17868371e+00	2.13308230e+00	-1.54466279e+00	3.21228504e+00	
2	7.629459677278903e+03	9.510226120117958e+02	1.00967553e+00	-8.56550696e-01	7.09471002e-02	3.01232920e+00	1.50496687e-02	
% instance = 6, name = bbob_f008_i13_d05__bbob_f013_i14_d05
% function evaluation | 2 objectives | 5 variables
1	1.154017465483885e+05	1.895135607569186e+03	3.69838651e+00	1.17868371e+00	2.13308230e+00	-1.54466279e+00	3.21228504e+00	
2	1.776018864950986e+05	1.787531430114842e+03	1.00967553e+00	-8.56550696e-01	7.09471002e-02	3.01232920e+00	1.50496687e-02	
3	1.012450765794811e+05	1.288882950911456e+03	-5.01498795e-01	6.43283104e-01	-4.35973793e+00	2.22170005e+00	3.85125057e-01	
4	2.727048886449041e+05	1.267133743042780e+03	-3.66696002e+00	-2.75778991e+00	3.46276250e+00	1.68641129e+00	-3.21077456e+00	
6	6.576756271581940e+04	1.757716663926246e+03	3.09109369e+00	-1.38020177e-01	-4.11748831e+00	9.90791217e-01	-1.73217382e+00	
7	2.501728854272352e+04	9.490535457250892e+02	-3.79573636e+00	3.25988744e+00	6.08063478e-02	-3.88380970e+00	-4.77025286e+00	
% instance = 7, name = bbob_f008_i15_d05__bbob_f013_i16_d05
% function evaluation | 2 objectives | 5 variables
1	1.805312596718199e+04	1.899320809188051e+03	3.69838651e+00	1.17868371e+00	2.13308230e+00	-1.54466279e+00	3.21228504e+00	
2	7.180359069986968e+03	1.643969291630425e+03	1.00967553e+00	-8.56550696e-01	7.09471002e-02	3.01232920e+00	1.50496687e-02	
3	8.285913494829659e+04	8.721971498979655e+02	-5.01498795e-01	6.43283104e-01	-4.35973793e+00	2.22170005e+00	3.85125057e-01	
6	6.657147112046561e+04	1.396154528799720e+03	3.09109369e+00	-1.38020177e-01	-4.11748831e+00	9.90791217e-01	-1.73217382e+00	
8	5.671661242185911e+04	1.407783392940616e+03	-4.02033013e+00	1.72379929e+00	2.40744026e+00	1.80268659e+00	-1.77936778e+00	
9	5.328267370076956e+04	1.193133506314408e+03	-2.66793095e+00	-1.23218149e+00	-3.68198521e+00	4.53000990e-01	-3.52038132e+00	
% instance = 8, name = bbob_f008_i17_d05__bbob_f013_i18_d05
% function evaluation | 2 objectives | 5 variables
1	2.964111064370411e+05	7.002062018495251e+02	3.69838651e+00	1.17868371e+00	2.13308230e+00	-1.54466279e+00	3.21228504e+00	
2	5.281075174007753e+04	1.026391134381946e+03	1.00967553e+00	-8.56550696e-01	7.09471002e-02	3.01232920e+00	1.50496687e-02	
3	1.130442496090559e+04	1.390776905992585e+03	-5.01498795e-01	6.43283104e-01	-4.35973793e+00	2.22170005e+00	3.85125057e-01	
6	1.464586080120978e+05	9.792117146932920e+02	3.09109369e+00	-1.38020177e-01	-4.11748831e+00	9.90791217e-01	-1.73217382e+00	
9	3.621932044347554e+03	1.731418441153246e+03	-2.66793095e+00	-1.23218149e+00	-3.68198521e+00	4.53000990e-01	-3.52038132e+00	
% instance = 9, name = bbob_f008_i19_d05__bbob_f013_i21_d05
% function evaluation | 2 objectives | 5 variables
1	5.572383410571392e+04	7.555679244087014e+02	3.69838651e+00	1.17868371e+00	2.13308230e+00	-1.54466279e+00	3.21228504e+00	
2	4.252511960709273e+04	1.406788810381855e+03	1.00967553e+00	-8.56550696e-01	7.09471002e-02	3.01232920e+00	1.50496687e-02	
3	1.769963250645846e+04	2.141971657632534e+03	-5.01498795e-01	6.43283104e-01	-4.35973793e+00	2.22170005e+00	3.85125057e-01	
5	4.200722892772150e+04	7.955784396626256e+02	3.80160537e+00	3.09018580e+00	2.05256524e+00	-3.06284170e-01	-3.12702245e+00	
6	1.182431884044835e+04	1.904334220086178e+03	3.09109369e+00	-1.38020177e-01	-4.11748831e+00	9.90791217e-01	-1.73217382e+00	
7	3.374476447039715e+04	1.452020168378769e+03	-3.79573636e+00	3.25988744e+00	6.08063478e-02	-3.88380970e+00	-4.77025286e+00	
% instance = 10, name = bbob_f008_i21_d05__bbob_f013_i22_d05
% function evaluation | 2 objectives | 5 variables
1	1.867567192002837e+04	8.842418398958640e+02	3.69838651e+00	1.17868371e+00	2.13308230e+00	-1.54466279e+00	3.21228504e+00	
2	4.732287792947640e+04	8.073114520072265e+02	1.00967553e+00	-8.56550696e-01	7.09471002e-02	3.01232920e+00	1.50496687e-02	
