% instance = 1, name = bbob_f015_i02_d03__bbob_f020_i04_d03
% function evaluation | 2 objectives | 3 variables
1	3.574750780482176e+02	5.817304731138956e+04	3.69838651e+00	1.17868371e+00	2.13308230e+00	
2	8.289744449890615e+02	4.596290318522794e+04	-1.54466279e+00	3.21228504e+00	1.00967553e+00	
4	2.037695304625274e+02	1.132569195903507e+04	1.50496687e-02	-5.01498795e-01	6.43283104e-01	
% instance = 2, name = bbob_f015_i03_d03__bbob_f020_i05_d03
% function evaluation | 2 objectives | 3 variables
1	3.583158540588583e+03	5.260137031657976e+04	3.69838651e+00	1.17868371e+00	2.13308230e+00	
2	3.473514967041034e+02	5.244631843841602e+04	-1.54466279e+00	3.21228504e+00	1.00967553e+00	
4	2.106235174686450e+02	1.146426502577211e+04	1.50496687e-02	-5.01498795e-01	6.43283104e-01	
5	2.635707411361831e+01	3.349407093069426e+04	-4.35973793e+00	2.22170005e+00	3.85125057e-01	
% instance = 3, name = bbob_f015_i07_d03__bbob_f020_i08_d03
% function evaluation | 2 objectives | 3 variables
1	3.522247219429789e+02	5.259713031657976e+04	3.69838651e+00	1.17868371e+00	2.13308230e+00	
2	3.039743309200726e+02	5.244207843841602e+04	-1.54466279e+00	3.21228504e+00	1.00967553e+00	
4	3.854210746769811e+02	1.146002502577211e+04	1.50496687e-02	-5.01498795e-01	6.43283104e-01	
% instance = 4, name = bbob_f015_i09_d03__bbob_f020_i10_d03
% function evaluation | 2 objectives | 3 variables
1	3.313892955573842e+02	3.687563492653565e+04	3.69838651e+00	1.17868371e+00	2.13308230e+00	
2	2.968990458371707e+02	7.622108663351448e+03	-1.54466279e+00	3.21228504e+00	1.00967553e+00	
4	2.131279271962970e+02	1.546700456303390e+04	1.50496687e-02	-5.01498795e-01	6.43283104e-01	
5	2.090113874345907e+02	5.411523264198375e+03	-4.35973793e+00	2.22170005e+00	3.85125057e-01	
% instance = 5, name = bbob_f015_i11_d03__bbob_f020_i12_d03
% function evaluation | 2 objectives | 3 variables
1	2.707453208324656e+02	5.257015031657976e+04	3.69838651e+00	1.17868371e+00	2.13308230e+00	
2	3.572896614555383e+02	5.241509843841603e+04	-1.54466279e+00	3.21228504e+00	1.00967553e+00	
3	4.079815596291823e+01	7.082390278351460e+04	-8.56550696e-01	7.09471002e-02	3.01232920e+00	
4	1.021470415751747e+02	1.143304502577211e+04	1.50496687e-02	-5.01498795e-01	6.43283104e-01	
6	1.237268065951943e+01	6.285707662514930e+04	-3.66696002e+00	-2.75778991e+00	3.46276250e+00	
% instance = 6, name = bbob_f015_i13_d03__bbob_f020_i14_d03
% function evaluation | 2 objectives | 3 variables
1	2.441417472842521e+02	6.279739647460760e+02	3.69838651e+00	1.17868371e+00	2.13308230e+00	
2	1.929501385374455e+02	7.507894581186106e+02	-1.54466279e+00	3.21228504e+00	1.00967553e+00	
3	2.460137714500442e+02	3.488709257046144e+02	-8.56550696e-01	7.09471002e-02	3.01232920e+00	
% instance = 7, name = bbob_f015_i15_d03__bbob_f020_i16_d03
% function evaluation | 2 objectives | 3 variables
1	-2.227945229198073e+02	5.034676891246997e+02	3.69838651e+00	1.17868371e+00	2.13308230e+00	
2	-2.311159095935923e+02	2.032789906989951e+04	-1.54466279e+00	3.21228504e+00	1.00967553e+00	
3	-2.740456506518572e+02	1.830250559641666e+02	-8.56550696e-01	7.09471002e-02	3.01232920e+00	
4	-3.322248071335833e+02	4.827342080091375e+02	1.50496687e-02	-5.01498795e-01	6.43283104e-01	
% instance = 8, name = bbob_f015_i17_d03__bbob_f020_i18_d03
% function evaluation | 2 objectives | 3 variables
1	4.063920826583799e+02	5.261917031657976e+04	3.69838651e+00	1.17868371e+00	2.13308230e+00	
2	2.161392023608888e+02	5.246411843841602e+04	-1.54466279e+00	3.21228504e+00	1.00967553e+00	
4	2.903389195347465e+02	1.148206502577211e+04	1.50496687e-02	-5.01498795e-01	6.43283104e-01	
5	2.692860058126298e+02	3.351187093069426e+04	-4.35973793e+00	2.22170005e+00	3.85125057e-01	
% instance = 9, name = bbob_f015_i19_d03__bbob_f020_i21_d03
% function evaluation | 2 objectives | 3 variables
1	6.061617228139664e+02	3.684033708259114e+04	3.69838651e+00	1.17868371e+00	2.13308230e+00	
2	6.891923564742442e+02	8.283400434713247e+03	-1.54466279e+00	3.21228504e+00	1.00967553e+00	
3	3.370360525516711e+02	6.948381587724868e+04	-8.56550696e-01	7.09471002e-02	3.01232920e+00	
4	3.756237679227267e+02	1.543605371519408e+04	1.50496687e-02	-5.01498795e-01	6.43283104e-01	
5	5.902619541689983e+02	5.640513050959776e+03	-4.35973793e+00	2.22170005e+00	3.85125057e-01	
6	2.291165211092056e+02	1.184809557169334e+05	-3.66696002e+00	-2.75778991e+00	3.46276250e+00	
% instance = 10, name = bbob_f015_i21_d03__bbob_f020_i22_d03
% function evaluation | 2 objectives | 3 variables
1	1.861341219725269e+02	6.333318086905869e+02	3.69838651e+00	1.17868371e+00	2.13308230e+00	
2	1.791909008283071e+02	5.955768675681129e+01	-1.54466279e+00	3.21228504e+00	1.00967553e+00	
3	1.568598565446339e+02	4.008240999112219e+02	-8.56550696e-01	7.09471002e-02	3.01232920e+00	
