% instance = 1, name = bbob_f014_i02_d40__bbob_f020_i04_d40
% function evaluation | 2 objectives 
1	-2.512602176653900e+00	5.246267315920214e+05	
2	2.551062640697543e+01	3.612316508713691e+05	
3	3.666585701411225e+02	2.150925146976415e+05	
4	8.357777815945033e+01	2.495550088487027e+05	
8	-2.038482936687635e+01	3.439025859151927e+05	
9	1.360342472230907e+02	2.415020458222881e+05	
12	-6.828160160846198e+01	3.576071010355061e+05	
18	3.566389970571626e+01	3.421111569690138e+05	
21	3.613760843521922e+01	3.376547393126424e+05	
22	-9.082778508782667e+00	3.159007153932175e+05	
23	-6.711701475357778e+01	2.771491945357847e+05	
28	6.743403275078529e+01	2.151821763573071e+05	
37	-7.202780345296621e+01	5.183551233936308e+05	
44	-7.704404966777984e+01	1.710700289795873e+05	
45	-1.002636701967898e+02	2.161495939388718e+05	
% instance = 2, name = bbob_f014_i03_d40__bbob_f020_i05_d40
% function evaluation | 2 objectives 
1	4.108754718898519e+02	2.989460057053931e+05	
2	3.979011458932708e+02	5.080706265823370e+05	
3	2.560011136477343e+02	4.129662949017467e+05	
4	4.925751699845078e+02	2.688148508280971e+05	
7	3.497890114034698e+02	4.012299332144770e+05	
8	2.142410233061266e+02	4.445605099950193e+05	
9	2.186475413493867e+02	2.558371235692056e+05	
17	1.816781183641246e+02	5.565234500477290e+05	
19	1.825980561635170e+02	3.100857192723877e+05	
20	2.099602327573365e+02	1.198131912675077e+05	
22	2.001107849699905e+02	2.126765197634225e+05	
31	1.919152092392582e+02	2.748358384304865e+05	
76	1.739807747213046e+02	3.895060197958932e+05	
77	1.544488831949352e+02	4.323401532232566e+05	
% instance = 3, name = bbob_f014_i07_d40__bbob_f020_i08_d40
% function evaluation | 2 objectives 
1	2.224353769050454e+02	2.324046091143033e+05	
3	1.173123348018322e+02	4.042186832926179e+05	
5	1.076685546541375e+02	4.184911890692075e+05	
14	7.155967796228500e+02	1.957501441400199e+05	
16	3.350528869690260e+01	5.859703796301753e+05	
22	4.411216527185567e+01	5.122718276959545e+05	
23	2.320237219679473e+02	2.116922616557663e+05	
25	1.492618561884360e+02	2.764977017753128e+05	
27	4.004119262136170e+02	1.568330083873694e+05	
31	7.170084885408005e+01	3.434758443351145e+05	
38	2.082807202407083e+02	2.395086814910204e+05	
42	9.036337526979565e-01	2.967170291558007e+05	
45	8.116087269179846e+01	2.208600515682925e+05	
58	2.785270113377112e+02	1.853137717420311e+05	
% instance = 4, name = bbob_f014_i09_d40__bbob_f020_i10_d40
% function evaluation | 2 objectives 
1	3.095131447955211e+02	2.359382283477317e+05	
2	1.679362131076035e+02	5.177849791341500e+05	
3	1.776249603753828e+02	3.342570404409310e+05	
4	2.658291338164632e+02	2.609318297397098e+05	
7	5.549826108389406e+02	1.750041898649711e+05	
9	1.314111402748284e+02	2.274523178424637e+05	
16	1.096073765188961e+02	3.844544278151928e+05	
17	6.791237198891488e+01	4.486562025844243e+05	
20	1.751136825611266e+02	9.120585204014376e+04	
22	1.396103532318440e+02	1.928855693930849e+05	
25	1.039181010416692e+02	3.448017607277496e+05	
28	8.541716410859027e+01	2.096943097589236e+05	
54	8.162002117871072e+01	2.165846593275864e+05	
74	7.848279457911829e+01	4.000981262863991e+05	
% instance = 5, name = bbob_f014_i11_d40__bbob_f020_i12_d40
% function evaluation | 2 objectives 
1	2.261978795200332e+02	2.115446325957522e+05	
2	1.839665820064504e+02	4.716555352501970e+05	
8	9.515357755959526e+01	4.270084710336218e+05	
12	1.198551839267576e+02	3.251027004119937e+05	
15	8.363930979459586e+01	6.469317598097230e+05	
17	7.331057051654564e+01	3.296888872524290e+05	
23	1.982962288202002e+02	2.267432792641224e+05	
25	9.653202725058840e+01	2.974435059322956e+05	
27	1.240544335533510e+02	1.511740663622143e+05	
32	6.483140613404385e+01	4.092684920272783e+05	
38	8.439217990307095e+01	1.142796013424158e+05	
49	2.721066761520289e+01	4.688363045628897e+05	
62	3.042066629246604e+01	3.069726528663203e+05	
63	7.000576536483543e+01	2.592398602126423e+05	
% instance = 6, name = bbob_f014_i13_d40__bbob_f020_i14_d40
% function evaluation | 2 objectives 
1	2.485067082852753e+02	5.956851100616737e+05	
2	2.147257006545445e+02	4.784396364598420e+05	
4	4.085829019853983e+02	4.579890939289635e+05	
6	2.784096233730140e+02	4.049263844299263e+05	
10	3.067678486946547e+02	3.963541441063119e+05	
14	1.740845934676318e+02	1.710793860044850e+05	
30	1.383413784015462e+02	2.772288874372402e+05	
% instance = 7, name = bbob_f014_i15_d40__bbob_f020_i16_d40
% function evaluation | 2 objectives 
1	6.366377415424350e+02	4.597932849585158e+05	
2	5.038335630086564e+02	6.705232569625851e+05	
3	3.582450371223428e+02	3.784118236121646e+05	
4	2.993819799451373e+02	4.290538665234349e+05	
6	3.007670516110194e+02	3.685682507296642e+05	
9	2.253353520722255e+02	6.398578490799182e+05	
10	3.104601604312341e+02	2.417145157693308e+05	
16	2.479488430539413e+02	3.200609725978422e+05	
17	2.218192357361699e+02	2.840396366416658e+05	
19	2.115318295466510e+02	3.475809070152820e+05	
20	1.295772946739548e+02	1.977667547749470e+05	
36	2.770143214553314e+02	1.436435240590046e+05	
44	1.989608877128192e+02	1.330157624024663e+05	
49	1.020170805770016e+02	2.769102449922981e+05	
78	7.983532778085092e+01	3.237927434625271e+05	
% instance = 8, name = bbob_f014_i17_d40__bbob_f020_i18_d40
% function evaluation | 2 objectives 
1	1.010027639343161e+02	3.273662748631370e+05	
3	4.172931755177638e+02	2.219747465043303e+05	
4	1.279869647854980e+02	3.267354263312524e+05	
14	3.527237639479428e+02	2.273237059827002e+05	
17	2.175799039734957e+02	3.194979494479490e+05	
18	3.334570876826736e+02	3.141616721668997e+05	
19	1.898391491316161e+02	3.115995474098530e+05	
23	1.457065314937602e+02	1.344586374664868e+05	
28	1.085464033710099e+02	3.117210184509779e+05	
% instance = 9, name = bbob_f014_i19_d40__bbob_f020_i21_d40
% function evaluation | 2 objectives 
1	4.533477742935628e+02	5.783117180257596e+05	
3	2.770506044223476e+02	6.666894942262494e+05	
4	1.699639137618546e+03	3.261645739856343e+05	
5	2.394534408240854e+02	5.155470682104279e+05	
7	4.720692447468683e+02	4.744734394754258e+05	
8	1.504370121336598e+03	4.267572992174245e+05	
9	3.113284105716091e+02	4.379143388833000e+05	
10	4.033143360343892e+02	1.941933318274622e+05	
11	2.927792547530611e+02	4.863815634271489e+05	
13	1.992836363958708e+02	7.248192435185257e+05	
14	3.749138269880114e+02	1.608438683959756e+05	
16	1.853608614633264e+02	4.147469479379529e+05	
19	2.700834851959836e+02	3.964667622728302e+05	
20	3.561349251526883e+02	2.798226272281457e+05	
23	2.922217376764178e+02	3.224394872980121e+05	
26	2.603731648786144e+02	3.661932686457074e+05	
49	2.290092894866824e+02	3.354062796340727e+05	
55	1.800862075340464e+02	4.418353889218693e+05	
56	2.800543970261527e+02	3.128893023075720e+05	
58	3.539901592758676e+02	2.859213134028402e+05	
63	1.921241022172254e+02	2.104605422391988e+05	
64	2.806008963067929e+02	2.051764952284153e+05	
% instance = 10, name = bbob_f014_i21_d40__bbob_f020_i22_d40
% function evaluation | 2 objectives 
1	5.179386151064688e+02	3.748051719176932e+05	
2	2.975977823303767e+02	5.558760633767267e+05	
3	2.663594318206772e+02	2.234010513319135e+05	
14	1.889900538014864e+02	4.505132605191547e+05	
15	1.854108740316744e+02	4.132379325349468e+05	
20	6.452271798278114e+02	2.101611828353617e+05	
27	1.717375667418442e+02	4.575105346683966e+05	
30	1.247897575830437e+02	4.327511705437829e+05	
31	2.266821911734731e+02	2.426605234721051e+05	
32	4.030388679993170e+02	2.035612780206757e+05	
37	3.241532177496674e+02	1.821601689104389e+05	
38	1.026570848207050e+02	6.791647388733954e+05	
41	2.163222227212268e+02	3.744843120590669e+05	
45	9.598348115775190e+01	3.095208093557895e+05	
48	1.514491165721143e+02	2.734083636737468e+05	
56	2.480713510359163e+02	2.130954459534555e+05	
63	1.077224824902354e+02	1.809704639262647e+05	
