% instance = 1, name = bbob_f002_i02_d05__bbob_f021_i04_d05
% function evaluation | 2 objectives | 5 variables
1	1.048257518342726e+07	2.722511009693409e+01	3.69838651e+00	1.17868371e+00	2.13308230e+00	-1.54466279e+00	3.21228504e+00	
2	7.451942126048976e+05	1.824166809493789e+01	1.00967553e+00	-8.56550696e-01	7.09471002e-02	3.01232920e+00	1.50496687e-02	
% instance = 2, name = bbob_f002_i03_d05__bbob_f021_i05_d05
% function evaluation | 2 objectives | 5 variables
1	4.156510999186395e+07	5.799077591874277e+02	3.69838651e+00	1.17868371e+00	2.13308230e+00	-1.54466279e+00	3.21228504e+00	
2	9.965646445446266e+06	5.719875064989859e+02	1.00967553e+00	-8.56550696e-01	7.09471002e-02	3.01232920e+00	1.50496687e-02	
4	4.713148862477575e+05	5.871782138477348e+02	-3.66696002e+00	-2.75778991e+00	3.46276250e+00	1.68641129e+00	-3.21077456e+00	
5	9.257693867010987e+04	5.836707720298004e+02	3.80160537e+00	3.09018580e+00	2.05256524e+00	-3.06284170e-01	-3.12702245e+00	
6	2.295617728117849e+06	5.665111755463040e+02	3.09109369e+00	-1.38020177e-01	-4.11748831e+00	9.90791217e-01	-1.73217382e+00	
9	4.517236877692320e+05	5.444171642092779e+02	-2.66793095e+00	-1.23218149e+00	-3.68198521e+00	4.53000990e-01	-3.52038132e+00	
% instance = 3, name = bbob_f002_i07_d05__bbob_f021_i08_d05
% function evaluation | 2 objectives | 5 variables
1	3.800772240590895e+05	-4.347607409118428e+02	3.69838651e+00	1.17868371e+00	2.13308230e+00	-1.54466279e+00	3.21228504e+00	
3	5.946351057349595e+06	-4.504101246941694e+02	-5.01498795e-01	6.43283104e-01	-4.35973793e+00	2.22170005e+00	3.85125057e-01	
% instance = 4, name = bbob_f002_i09_d05__bbob_f021_i10_d05
% function evaluation | 2 objectives | 5 variables
1	1.128653080547686e+06	3.261854946626608e+02	3.69838651e+00	1.17868371e+00	2.13308230e+00	-1.54466279e+00	3.21228504e+00	
6	1.633170083762518e+07	3.214563804316059e+02	3.09109369e+00	-1.38020177e-01	-4.11748831e+00	9.90791217e-01	-1.73217382e+00	
10	1.474622089352148e+07	3.226078461092692e+02	-3.87371322e+00	3.38691965e+00	-3.05343055e+00	8.79569963e-01	-1.53397246e+00	
% instance = 5, name = bbob_f002_i11_d05__bbob_f021_i12_d05
% function evaluation | 2 objectives | 5 variables
1	5.051240437179303e+07	-1.273097248216585e+02	3.69838651e+00	1.17868371e+00	2.13308230e+00	-1.54466279e+00	3.21228504e+00	
2	1.286532206377601e+07	-1.223843787863778e+02	1.00967553e+00	-8.56550696e-01	7.09471002e-02	3.01232920e+00	1.50496687e-02	
3	1.601708354934506e+07	-1.263231210322485e+02	-5.01498795e-01	6.43283104e-01	-4.35973793e+00	2.22170005e+00	3.85125057e-01	
4	2.293447093295929e+05	-1.578371257360439e+02	-3.66696002e+00	-2.75778991e+00	3.46276250e+00	1.68641129e+00	-3.21077456e+00	
5	2.126941064263377e+05	-1.749389568285428e+02	3.80160537e+00	3.09018580e+00	2.05256524e+00	-3.06284170e-01	-3.12702245e+00	
9	4.027935556317040e+04	-1.299531246093337e+02	-2.66793095e+00	-1.23218149e+00	-3.68198521e+00	4.53000990e-01	-3.52038132e+00	
% instance = 6, name = bbob_f002_i13_d05__bbob_f021_i14_d05
% function evaluation | 2 objectives | 5 variables
1	2.434760895472552e+07	-4.316273845057364e+02	3.69838651e+00	1.17868371e+00	2.13308230e+00	-1.54466279e+00	3.21228504e+00	
2	3.956118289183581e+06	-4.519224287337940e+02	1.00967553e+00	-8.56550696e-01	7.09471002e-02	3.01232920e+00	1.50496687e-02	
4	3.231855432308295e+06	-4.421833280756147e+02	-3.66696002e+00	-2.75778991e+00	3.46276250e+00	1.68641129e+00	-3.21077456e+00	
5	2.477448503554434e+06	-4.343239651049143e+02	3.80160537e+00	3.09018580e+00	2.05256524e+00	-3.06284170e-01	-3.12702245e+00	
6	5.227904939903971e+05	-4.261074144017644e+02	3.09109369e+00	-1.38020177e-01	-4.11748831e+00	9.90791217e-01	-1.73217382e+00	
9	3.777445229424817e+06	-4.822899640464335e+02	-2.66793095e+00	-1.23218149e+00	-3.68198521e+00	4.53000990e-01	-3.52038132e+00	
10	5.419893715165042e+05	-4.473942488154307e+02	-3.87371322e+00	3.38691965e+00	-3.05343055e+00	8.79569963e-01	-1.53397246e+00	
% instance = 7, name = bbob_f002_i15_d05__bbob_f021_i16_d05
% function evaluation | 2 objectives | 5 variables
1	2.436208661231989e+07	9.676738369566030e+01	3.69838651e+00	1.17868371e+00	2.13308230e+00	-1.54466279e+00	3.21228504e+00	
2	2.909316305538081e+06	6.142120725153422e+01	1.00967553e+00	-8.56550696e-01	7.09471002e-02	3.01232920e+00	1.50496687e-02	
4	2.601790597978927e+06	4.936241148134465e+01	-3.66696002e+00	-2.75778991e+00	3.46276250e+00	1.68641129e+00	-3.21077456e+00	
5	2.307227921331694e+06	1.020004792462121e+02	3.80160537e+00	3.09018580e+00	2.05256524e+00	-3.06284170e-01	-3.12702245e+00	
6	3.713723092216147e+03	8.182187331104497e+01	3.09109369e+00	-1.38020177e-01	-4.11748831e+00	9.90791217e-01	-1.73217382e+00	
8	8.022222338622634e+04	5.029186085888865e+01	-4.02033013e+00	1.72379929e+00	2.40744026e+00	1.80268659e+00	-1.77936778e+00	
10	5.259938030823144e+04	4.221846871315168e+01	-3.87371322e+00	3.38691965e+00	-3.05343055e+00	8.79569963e-01	-1.53397246e+00	
% instance = 8, name = bbob_f002_i17_d05__bbob_f021_i18_d05
% function evaluation | 2 objectives | 5 variables
1	2.456678576139819e+06	-7.505172296822465e+02	3.69838651e+00	1.17868371e+00	2.13308230e+00	-1.54466279e+00	3.21228504e+00	
2	3.155385287893375e+06	-7.544392261968108e+02	1.00967553e+00	-8.56550696e-01	7.09471002e-02	3.01232920e+00	1.50496687e-02	
3	1.941447786361793e+06	-7.702543133781073e+02	-5.01498795e-01	6.43283104e-01	-4.35973793e+00	2.22170005e+00	3.85125057e-01	
4	2.295493751140859e+07	-7.705214918989572e+02	-3.66696002e+00	-2.75778991e+00	3.46276250e+00	1.68641129e+00	-3.21077456e+00	
6	1.132219430440533e+07	-7.953176136783578e+02	3.09109369e+00	-1.38020177e-01	-4.11748831e+00	9.90791217e-01	-1.73217382e+00	
% instance = 9, name = bbob_f002_i19_d05__bbob_f021_i21_d05
% function evaluation | 2 objectives | 5 variables
1	4.454847958069368e+07	-1.574140931044008e+02	3.69838651e+00	1.17868371e+00	2.13308230e+00	-1.54466279e+00	3.21228504e+00	
2	9.971978452881170e+06	-1.533905622894234e+02	1.00967553e+00	-8.56550696e-01	7.09471002e-02	3.01232920e+00	1.50496687e-02	
4	9.143065393561450e+03	-1.425974012243399e+02	-3.66696002e+00	-2.75778991e+00	3.46276250e+00	1.68641129e+00	-3.21077456e+00	
5	1.936583878553470e+05	-1.578908349316270e+02	3.80160537e+00	3.09018580e+00	2.05256524e+00	-3.06284170e-01	-3.12702245e+00	
6	2.157028699782365e+06	-1.595752208577554e+02	3.09109369e+00	-1.38020177e-01	-4.11748831e+00	9.90791217e-01	-1.73217382e+00	
% instance = 10, name = bbob_f002_i21_d05__bbob_f021_i22_d05
% function evaluation | 2 objectives | 5 variables
1	5.657249460519128e+07	3.086717015286242e+02	3.69838651e+00	1.17868371e+00	2.13308230e+00	-1.54466279e+00	3.21228504e+00	
2	1.593514891470833e+07	2.874703601420987e+02	1.00967553e+00	-8.56550696e-01	7.09471002e-02	3.01232920e+00	1.50496687e-02	
4	5.592047042930893e+05	3.304807408909656e+02	-3.66696002e+00	-2.75778991e+00	3.46276250e+00	1.68641129e+00	-3.21077456e+00	
6	5.573041008857808e+06	2.936149007644448e+02	3.09109369e+00	-1.38020177e-01	-4.11748831e+00	9.90791217e-01	-1.73217382e+00	
9	1.995255187100130e+05	3.168085883657992e+02	-2.66793095e+00	-1.23218149e+00	-3.68198521e+00	4.53000990e-01	-3.52038132e+00	
