% instance = 1, name = bbob_f001_i02_d40__bbob_f014_i04_d40
% function evaluation | 2 objectives 
1	1.148456245246453e+03	2.712199067520598e+02	
2	9.351565169433118e+02	3.392104882699912e+02	
3	9.251809571759807e+02	1.780408648977954e+02	
4	7.788045758795620e+02	4.169365296711727e+02	
9	8.803058437842785e+02	2.533351522425987e+02	
20	8.934035757243300e+02	1.674173521403567e+02	
23	1.086207741227245e+03	1.439860812908539e+02	
28	8.468947509360250e+02	2.446402509777722e+02	
32	7.962535348429308e+02	3.948789582425280e+02	
34	8.543333890077754e+02	1.903904415871913e+02	
44	9.097295405604826e+02	1.325330639224332e+02	
45	8.587776605026420e+02	1.653646589458058e+02	
58	8.129822167886565e+02	2.756056671637216e+02	
% instance = 2, name = bbob_f001_i03_d40__bbob_f014_i05_d40
% function evaluation | 2 objectives 
1	2.498741495559939e+02	3.821291365905655e+01	
8	2.484218964998616e+02	7.360792202147697e+01	
11	2.465294368769167e+02	4.272645681040177e+02	
14	1.023706561719374e+02	1.552066488857527e+02	
16	2.123741944424047e+02	1.510350299542197e+02	
19	2.420874676988244e+02	5.221572473099161e+01	
24	2.352466361527602e+02	1.347093916379536e+02	
25	9.403373268767467e+01	1.104164029430339e+02	
26	1.934163143034261e+02	8.894634091003182e+01	
43	2.204361007060477e+02	5.989452232371583e+01	
62	1.779970924703267e+02	3.388419850751855e+01	
% instance = 3, name = bbob_f001_i07_d40__bbob_f014_i08_d40
% function evaluation | 2 objectives 
1	-4.643459464368578e+02	2.727216704179884e+02	
3	-2.823040180106188e+02	2.312430183157333e+02	
4	-4.406163591467689e+02	2.096946299184272e+02	
9	-5.408898438474123e+02	2.258066802207730e+02	
11	-5.862536466662723e+02	4.536429895786061e+02	
12	-3.835891651625556e+02	1.694753209949099e+02	
13	-5.386813376180428e+02	2.141526929760241e+02	
15	-4.639690312815984e+02	2.084809048914113e+02	
18	-4.392152511556308e+02	1.819883828371060e+02	
20	-5.635638805944775e+02	1.444901475787919e+02	
21	-3.698532443910379e+02	9.346175571992050e+01	
22	-7.015546994984775e+02	1.512259125005448e+02	
43	-4.322098326745057e+02	1.418702640063667e+02	
59	-5.273337830596479e+02	1.200345913200184e+02	
63	-5.600664816575668e+02	9.408910139242820e+01	
% instance = 4, name = bbob_f001_i09_d40__bbob_f014_i10_d40
% function evaluation | 2 objectives 
1	3.628738282921929e+02	1.074836321998392e+03	
3	3.326390148816330e+02	1.212704522244052e+03	
6	4.890040119917042e+02	9.528171846248459e+02	
10	4.013126394947151e+02	9.335428504450526e+02	
16	2.689337701697244e+02	1.178163673118237e+03	
17	3.613696219878270e+02	1.049475318295038e+03	
19	3.694870788503375e+02	9.577240756733825e+02	
48	2.762831446457741e+02	1.091530835079892e+03	
56	2.930139931161251e+02	1.009343168840298e+03	
64	4.346406304665429e+02	9.269469654769016e+02	
74	1.907437282226422e+02	1.313869935788344e+03	
% instance = 5, name = bbob_f001_i11_d40__bbob_f014_i12_d40
% function evaluation | 2 objectives 
1	5.215833627351863e+02	6.926838115416965e+01	
9	5.625768587855800e+02	4.149651600133051e+01	
% instance = 6, name = bbob_f001_i13_d40__bbob_f014_i14_d40
% function evaluation | 2 objectives 
1	4.514611279295472e+02	2.365866331880977e+02	
3	5.085865634614072e+02	-2.097660966256595e+01	
4	4.655152040865248e+02	-1.787180637900775e+01	
5	3.452125707173497e+02	1.169770892642406e+02	
9	2.996863716225770e+02	2.137970008334153e+01	
10	2.354602208836631e+02	-2.550592792610914e+01	
39	4.224731509398327e+02	-4.507833443987371e+01	
57	5.905016626669617e+02	-5.047523115463807e+01	
68	2.180433449866885e+02	3.043612144431336e+01	
% instance = 7, name = bbob_f001_i15_d40__bbob_f014_i16_d40
% function evaluation | 2 objectives 
1	7.050956553244690e+02	5.765018579597664e+02	
2	6.783016119471508e+02	1.421859059522528e+02	
15	7.515029762705187e+02	1.350710530235066e+02	
17	6.760135637374876e+02	1.554367034430921e+02	
28	6.428277818078897e+02	2.204300505799491e+02	
32	6.448360341885414e+02	1.935700939098261e+02	
36	7.648338255698417e+02	4.421821914610543e+01	
41	6.965642293638684e+02	1.008383810925876e+02	
50	6.012998055269424e+02	1.622264226139503e+02	
65	6.777485529186370e+02	1.099996727687122e+02	
77	4.930725522866649e+02	3.295453976617067e+02	
% instance = 8, name = bbob_f001_i17_d40__bbob_f014_i18_d40
% function evaluation | 2 objectives 
1	3.220589917113584e+02	5.402968932277649e+02	
6	2.845130951420633e+02	7.330100126449565e+02	
7	1.803215354413015e+02	9.271021287605170e+02	
11	6.479008711423131e+01	8.070903245031292e+02	
13	2.371493904747889e+02	6.060378619234868e+02	
17	1.269790064218071e+02	5.737860591466649e+02	
23	1.564183057807866e+02	5.401900919748339e+02	
29	3.004042026755970e+02	5.233146423008777e+02	
30	5.170099140815233e+01	1.391485748475440e+03	
32	9.898246583818161e+01	7.020389319990729e+02	
62	3.485589555793000e+02	5.127387445243777e+02	
65	4.316364086605063e+01	6.824547086644201e+02	
% instance = 9, name = bbob_f001_i19_d40__bbob_f014_i21_d40
% function evaluation | 2 objectives 
1	3.059674538123251e+02	5.179386151064688e+02	
2	2.832553461513978e+02	2.975977823303767e+02	
3	3.711247563273155e+02	2.663594318206772e+02	
9	1.905978495213663e+02	4.747760590607476e+02	
14	2.427112402081031e+02	1.889900538014864e+02	
15	2.806668004898871e+02	1.854108740316744e+02	
17	2.134409987136459e+02	4.594091836228080e+02	
27	3.107171972178630e+02	1.717375667418442e+02	
30	2.748624911522804e+02	1.247897575830437e+02	
31	2.223196565583739e+02	2.266821911734731e+02	
32	1.950963681613699e+02	4.030388679993170e+02	
38	3.040627599638906e+02	1.026570848207050e+02	
41	2.005636765043320e+02	2.163222227212268e+02	
45	3.190179963803902e+02	9.598348115775190e+01	
49	2.650987529348506e+02	1.734053200173513e+02	
50	1.386137065031953e+02	2.213152621582567e+02	
59	1.884180617330491e+02	2.035684721063819e+02	
63	2.266538974870547e+02	1.077224824902354e+02	
% instance = 10, name = bbob_f001_i21_d40__bbob_f014_i22_d40
% function evaluation | 2 objectives 
1	4.288020894732598e+02	3.746153576273567e+02	
2	6.003633826033184e+02	2.901176301651419e+02	
7	5.847374246265255e+02	1.859554868939975e+02	
8	3.538532220536897e+02	4.427577997500729e+02	
9	3.898609880925566e+02	1.559501314010195e+02	
10	3.363401120867019e+02	1.643385014589888e+02	
12	2.061196797720227e+02	2.370464003614035e+02	
16	3.096307582652531e+02	1.857587790469582e+02	
17	3.771689905096765e+02	5.265225634847337e+01	
20	3.945755396601764e+02	3.597734562901513e+01	
22	2.691462326345073e+02	3.265938635213647e+01	
27	2.128639920689869e+02	1.246199742223197e+02	
45	2.422176761773493e+02	1.205326885876865e+02	
53	2.526599807488304e+02	1.192831389917404e+02	
59	2.016858041533908e+02	9.158063592036510e+01	
63	1.792086687170195e+02	4.190367543007567e+02	
