% instance = 1, name = bbob_f001_i02_d05__bbob_f002_i04_d05
% function evaluation | 2 objectives | 5 variables
1	5.392209313270785e+02	4.825633117690405e+07	3.69838651e+00	1.17868371e+00	2.13308230e+00	-1.54466279e+00	3.21228504e+00	
2	4.392190886436089e+02	1.202523978010093e+07	1.00967553e+00	-8.56550696e-01	7.09471002e-02	3.01232920e+00	1.50496687e-02	
3	4.218767457497569e+02	1.496765218764278e+07	-5.01498795e-01	6.43283104e-01	-4.35973793e+00	2.22170005e+00	3.85125057e-01	
4	4.688232275195239e+02	2.977748567098408e+05	-3.66696002e+00	-2.75778991e+00	3.46276250e+00	1.68641129e+00	-3.21077456e+00	
5	5.574480447865091e+02	1.316547928411194e+05	3.80160537e+00	3.09018580e+00	2.05256524e+00	-3.06284170e-01	-3.12702245e+00	
6	4.662192259474636e+02	2.698826783742527e+06	3.09109369e+00	-1.38020177e-01	-4.11748831e+00	9.90791217e-01	-1.73217382e+00	
8	4.657321028766380e+02	2.657756229105573e+06	-4.02033013e+00	1.72379929e+00	2.40744026e+00	1.80268659e+00	-1.77936778e+00	
9	4.298594148718080e+02	8.922548307779239e+04	-2.66793095e+00	-1.23218149e+00	-3.68198521e+00	4.53000990e-01	-3.52038132e+00	
% instance = 2, name = bbob_f001_i03_d05__bbob_f002_i05_d05
% function evaluation | 2 objectives | 5 variables
1	-1.375375876300153e+02	1.013070341198824e+07	3.69838651e+00	1.17868371e+00	2.13308230e+00	-1.54466279e+00	3.21228504e+00	
2	-1.676526151747578e+02	3.770245516710422e+05	1.00967553e+00	-8.56550696e-01	7.09471002e-02	3.01232920e+00	1.50496687e-02	
3	-1.754856906488530e+02	4.506031567212589e+05	-5.01498795e-01	6.43283104e-01	-4.35973793e+00	2.22170005e+00	3.85125057e-01	
4	-1.921387056913997e+02	9.748471775378844e+06	-3.66696002e+00	-2.75778991e+00	3.46276250e+00	1.68641129e+00	-3.21077456e+00	
7	-2.343716251053904e+02	2.210397671422655e+07	-3.79573636e+00	3.25988744e+00	6.08063478e-02	-3.88380970e+00	-4.77025286e+00	
8	-2.032222063804348e+02	3.504079833484071e+06	-4.02033013e+00	1.72379929e+00	2.40744026e+00	1.80268659e+00	-1.77936778e+00	
9	-2.174751279610476e+02	1.188315309648815e+07	-2.66793095e+00	-1.23218149e+00	-3.68198521e+00	4.53000990e-01	-3.52038132e+00	
10	-2.080462486496039e+02	2.675221498879300e+06	-3.87371322e+00	3.38691965e+00	-3.05343055e+00	8.79569963e-01	-1.53397246e+00	
% instance = 3, name = bbob_f001_i07_d05__bbob_f002_i08_d05
% function evaluation | 2 objectives | 5 variables
1	-9.771649211459110e+02	6.471572167323914e+05	3.69838651e+00	1.17868371e+00	2.13308230e+00	-1.54466279e+00	3.21228504e+00	
% instance = 4, name = bbob_f001_i09_d05__bbob_f002_i10_d05
% function evaluation | 2 objectives | 5 variables
1	-5.172404894848582e+01	1.256580043760702e+05	3.69838651e+00	1.17868371e+00	2.13308230e+00	-1.54466279e+00	3.21228504e+00	
5	-8.910699651250152e+01	3.837228277338140e+07	3.80160537e+00	3.09018580e+00	2.05256524e+00	-3.06284170e-01	-3.12702245e+00	
% instance = 5, name = bbob_f001_i11_d05__bbob_f002_i12_d05
% function evaluation | 2 objectives | 5 variables
1	2.508297571268885e+02	9.399772246567660e+05	3.69838651e+00	1.17868371e+00	2.13308230e+00	-1.54466279e+00	3.21228504e+00	
% instance = 6, name = bbob_f001_i13_d05__bbob_f002_i14_d05
% function evaluation | 2 objectives | 5 variables
1	2.382043941743134e+01	1.113621510638614e+06	3.69838651e+00	1.17868371e+00	2.13308230e+00	-1.54466279e+00	3.21228504e+00	
2	-3.618549460021452e+01	5.737753566471567e+06	1.00967553e+00	-8.56550696e-01	7.09471002e-02	3.01232920e+00	1.50496687e-02	
3	-2.734175582589582e+01	4.450152934123032e+06	-5.01498795e-01	6.43283104e-01	-4.35973793e+00	2.22170005e+00	3.85125057e-01	
4	-5.208748153659582e+01	2.966952077133929e+07	-3.66696002e+00	-2.75778991e+00	3.46276250e+00	1.68641129e+00	-3.21077456e+00	
7	-5.464585295187629e+01	4.834456856955148e+07	-3.79573636e+00	3.25988744e+00	6.08063478e-02	-3.88380970e+00	-4.77025286e+00	
8	-6.753362948284214e+01	1.823139100778421e+07	-4.02033013e+00	1.72379929e+00	2.40744026e+00	1.80268659e+00	-1.77936778e+00	
10	-5.522131659843191e+01	1.639406992804219e+07	-3.87371322e+00	3.38691965e+00	-3.05343055e+00	8.79569963e-01	-1.53397246e+00	
% instance = 7, name = bbob_f001_i15_d05__bbob_f002_i16_d05
% function evaluation | 2 objectives | 5 variables
1	3.387026772848192e+02	2.254675528897258e+05	3.69838651e+00	1.17868371e+00	2.13308230e+00	-1.54466279e+00	3.21228504e+00	
2	2.734828022966710e+02	1.249967726792618e+07	1.00967553e+00	-8.56550696e-01	7.09471002e-02	3.01232920e+00	1.50496687e-02	
3	2.530813820653708e+02	9.572420522682440e+06	-5.01498795e-01	6.43283104e-01	-4.35973793e+00	2.22170005e+00	3.85125057e-01	
9	2.230294139725147e+02	4.239909285377502e+07	-2.66793095e+00	-1.23218149e+00	-3.68198521e+00	4.53000990e-01	-3.52038132e+00	
% instance = 8, name = bbob_f001_i17_d05__bbob_f002_i18_d05
% function evaluation | 2 objectives | 5 variables
1	-2.165822183052509e+02	4.861342976846217e+07	3.69838651e+00	1.17868371e+00	2.13308230e+00	-1.54466279e+00	3.21228504e+00	
2	-2.736421457370190e+02	1.253850479154188e+07	1.00967553e+00	-8.56550696e-01	7.09471002e-02	3.01232920e+00	1.50496687e-02	
4	-2.581904863271344e+02	5.420704103264879e+05	-3.66696002e+00	-2.75778991e+00	3.46276250e+00	1.68641129e+00	-3.21077456e+00	
5	-2.475804154040746e+02	2.240612342203238e+05	3.80160537e+00	3.09018580e+00	2.05256524e+00	-3.06284170e-01	-3.12702245e+00	
6	-2.631555189824416e+02	2.980320568582849e+06	3.09109369e+00	-1.38020177e-01	-4.11748831e+00	9.90791217e-01	-1.73217382e+00	
9	-2.581611821402952e+02	2.616207592336240e+05	-2.66793095e+00	-1.23218149e+00	-3.68198521e+00	4.53000990e-01	-3.52038132e+00	
% instance = 9, name = bbob_f001_i19_d05__bbob_f002_i21_d05
% function evaluation | 2 objectives | 5 variables
1	-1.006742711514455e+02	5.657249460519128e+07	3.69838651e+00	1.17868371e+00	2.13308230e+00	-1.54466279e+00	3.21228504e+00	
2	-1.664083867358067e+02	1.593514891470833e+07	1.00967553e+00	-8.56550696e-01	7.09471002e-02	3.01232920e+00	1.50496687e-02	
4	-1.172727030409959e+02	5.592047042930893e+05	-3.66696002e+00	-2.75778991e+00	3.46276250e+00	1.68641129e+00	-3.21077456e+00	
5	-1.240566925500353e+02	6.890962285448040e+05	3.80160537e+00	3.09018580e+00	2.05256524e+00	-3.06284170e-01	-3.12702245e+00	
6	-1.595091086231398e+02	5.573041008857808e+06	3.09109369e+00	-1.38020177e-01	-4.11748831e+00	9.90791217e-01	-1.73217382e+00	
9	-1.453543564103930e+02	1.995255187100130e+05	-2.66793095e+00	-1.23218149e+00	-3.68198521e+00	4.53000990e-01	-3.52038132e+00	
% instance = 10, name = bbob_f001_i21_d05__bbob_f002_i22_d05
% function evaluation | 2 objectives | 5 variables
1	-1.158366890084368e+02	1.718094666071343e+07	3.69838651e+00	1.17868371e+00	2.13308230e+00	-1.54466279e+00	3.21228504e+00	
2	-8.918080560307661e+01	1.116882561725334e+06	1.00967553e+00	-8.56550696e-01	7.09471002e-02	3.01232920e+00	1.50496687e-02	
6	-7.666106990026830e+01	6.396833160888505e+05	3.09109369e+00	-1.38020177e-01	-4.11748831e+00	9.90791217e-01	-1.73217382e+00	
10	-5.058874042949752e+01	3.868655134158399e+05	-3.87371322e+00	3.38691965e+00	-3.05343055e+00	8.79569963e-01	-1.53397246e+00	
