% instance = 1, name = bbob_f001_i02_d40__bbob_f020_i04_d40
% function evaluation | 2 objectives 
1	1.148456245246453e+03	5.246267315920214e+05	
2	9.351565169433118e+02	3.612316508713691e+05	
3	9.251809571759807e+02	2.150925146976415e+05	
4	7.788045758795620e+02	2.495550088487027e+05	
9	8.803058437842785e+02	2.415020458222881e+05	
28	8.468947509360250e+02	2.151821763573071e+05	
44	9.097295405604826e+02	1.710700289795873e+05	
65	8.716558529750715e+02	1.863979037792824e+05	
% instance = 2, name = bbob_f001_i03_d40__bbob_f020_i05_d40
% function evaluation | 2 objectives 
1	2.498741495559939e+02	2.989460057053931e+05	
4	3.658808680407049e+02	2.688148508280971e+05	
8	2.484218964998616e+02	4.445605099950193e+05	
9	2.900252677819334e+02	2.558371235692056e+05	
11	2.465294368769167e+02	4.235536348296941e+05	
14	1.023706561719374e+02	4.456809409658121e+05	
18	1.760937622536593e+02	3.232845095658146e+05	
19	2.420874676988244e+02	3.100857192723877e+05	
20	3.169344475532254e+02	1.198131912675077e+05	
22	1.421092328514916e+02	2.126765197634225e+05	
25	9.403373268767467e+01	4.949007594669790e+05	
45	2.708834412476228e+02	2.057714141064790e+05	
63	2.854070745871763e+02	1.843249501058987e+05	
% instance = 3, name = bbob_f001_i07_d40__bbob_f020_i08_d40
% function evaluation | 2 objectives 
1	-4.643459464368578e+02	2.324046091143033e+05	
9	-5.408898438474123e+02	3.331465373191866e+05	
11	-5.862536466662723e+02	4.351611040392600e+05	
13	-5.386813376180428e+02	3.285521499202777e+05	
14	-4.880927003121146e+02	1.957501441400199e+05	
20	-5.635638805944775e+02	3.802835423182725e+05	
22	-7.015546994984775e+02	5.122718276959545e+05	
25	-5.525397286375830e+02	2.764977017753128e+05	
27	-5.194523727012011e+02	1.568330083873694e+05	
31	-5.728028251973278e+02	3.434758443351145e+05	
52	-5.718748909517119e+02	3.291980323106773e+05	
63	-5.600664816575668e+02	2.830937834698468e+05	
69	-5.504652271261012e+02	2.461475501444168e+05	
73	-6.104371372221744e+02	2.736171490765111e+05	
% instance = 4, name = bbob_f001_i09_d40__bbob_f020_i10_d40
% function evaluation | 2 objectives 
1	3.628738282921929e+02	2.359382283477317e+05	
3	3.326390148816330e+02	3.342570404409310e+05	
7	5.216490830392861e+02	1.750041898649711e+05	
9	3.745202734078985e+02	2.274523178424637e+05	
16	2.689337701697244e+02	3.844544278151928e+05	
20	3.775202464505259e+02	9.120585204014376e+04	
22	3.580245304547834e+02	1.928855693930849e+05	
48	2.762831446457741e+02	2.546992039181023e+05	
69	3.294809970816439e+02	2.422395308524271e+05	
74	1.907437282226422e+02	4.000981262863991e+05	
% instance = 5, name = bbob_f001_i11_d40__bbob_f020_i12_d40
% function evaluation | 2 objectives 
1	5.215833627351863e+02	2.115446325957522e+05	
27	6.829492477465690e+02	1.511740663622143e+05	
38	7.903423278758552e+02	1.142796013424158e+05	
% instance = 6, name = bbob_f001_i13_d40__bbob_f020_i14_d40
% function evaluation | 2 objectives 
1	4.514611279295472e+02	5.956851100616737e+05	
2	5.247198508425073e+02	4.784396364598420e+05	
3	5.085865634614072e+02	5.254177484515739e+05	
4	4.655152040865248e+02	4.579890939289635e+05	
5	3.452125707173497e+02	5.438095500971241e+05	
6	5.534695697437072e+02	4.049263844299263e+05	
7	4.340599167253284e+02	4.783875268769153e+05	
8	4.855623578048317e+02	4.495888762920874e+05	
9	2.996863716225770e+02	4.101099862812509e+05	
10	2.354602208836631e+02	3.963541441063119e+05	
14	3.545770574436854e+02	1.710793860044850e+05	
20	3.463178200466348e+02	2.551489076902767e+05	
27	2.912019510257016e+02	2.597322392220687e+05	
68	2.180433449866885e+02	4.638823624749788e+05	
% instance = 7, name = bbob_f001_i15_d40__bbob_f020_i16_d40
% function evaluation | 2 objectives 
1	7.050956553244690e+02	4.597932849585158e+05	
2	6.783016119471508e+02	6.705232569625851e+05	
3	7.532508921497518e+02	3.784118236121646e+05	
6	7.765457101777243e+02	3.685682507296642e+05	
9	6.833686066195380e+02	6.398578490799182e+05	
10	7.874813450148041e+02	2.417145157693308e+05	
15	7.515029762705187e+02	3.010507252620206e+05	
16	7.473805358804367e+02	3.200609725978422e+05	
17	6.760135637374876e+02	2.840396366416658e+05	
20	7.368240659770263e+02	1.977667547749470e+05	
28	6.428277818078897e+02	3.163253364890412e+05	
32	6.448360341885414e+02	2.341779293432592e+05	
36	7.648338255698417e+02	1.436435240590046e+05	
44	7.007684274230148e+02	1.330157624024663e+05	
50	6.012998055269424e+02	4.390274245000940e+05	
54	6.620347939247902e+02	2.129490194013064e+05	
71	6.421366832011040e+02	3.373505413087636e+05	
76	6.378397717453200e+02	2.735699957104499e+05	
77	4.930725522866649e+02	2.778521740961496e+05	
% instance = 8, name = bbob_f001_i17_d40__bbob_f020_i18_d40
% function evaluation | 2 objectives 
1	3.220589917113584e+02	3.273662748631370e+05	
3	3.761589562875074e+02	2.219747465043303e+05	
6	2.845130951420633e+02	3.354826622565139e+05	
7	1.803215354413015e+02	6.672033710027484e+05	
9	2.432019839123104e+02	5.182672885523808e+05	
11	6.479008711423131e+01	4.447284197252013e+05	
13	2.371493904747889e+02	3.744349004999149e+05	
14	2.301753535398202e+02	2.273237059827002e+05	
17	1.269790064218071e+02	3.194979494479490e+05	
23	1.564183057807866e+02	1.344586374664868e+05	
30	5.170099140815233e+01	6.075039136709101e+05	
32	9.898246583818161e+01	4.102654112454701e+05	
44	1.383492533015964e+02	2.444078293166620e+05	
58	9.635026988836580e+01	3.795964509568049e+05	
65	4.316364086605063e+01	2.089512494658974e+05	
% instance = 9, name = bbob_f001_i19_d40__bbob_f020_i21_d40
% function evaluation | 2 objectives 
1	3.059674538123251e+02	5.783117180257596e+05	
2	2.832553461513978e+02	6.552428889580040e+05	
4	4.111611218056181e+02	3.261645739856343e+05	
5	3.202411998662864e+02	5.155470682104279e+05	
7	3.861613638457144e+02	4.744734394754258e+05	
8	2.858344139829710e+02	4.267572992174245e+05	
9	1.905978495213663e+02	4.379143388833000e+05	
10	4.099786925519468e+02	1.941933318274622e+05	
14	2.427112402081031e+02	1.608438683959756e+05	
20	2.164975439864172e+02	2.798226272281457e+05	
32	1.950963681613699e+02	3.022885780713955e+05	
50	1.386137065031953e+02	4.034879719330386e+05	
52	1.940322809996208e+02	3.700870008762093e+05	
63	2.266538974870547e+02	2.104605422391988e+05	
% instance = 10, name = bbob_f001_i21_d40__bbob_f020_i22_d40
% function evaluation | 2 objectives 
1	4.288020894732598e+02	3.748051719176932e+05	
3	4.340295996454065e+02	2.234010513319135e+05	
8	3.538532220536897e+02	3.168418403505403e+05	
10	3.363401120867019e+02	3.974110204084787e+05	
12	2.061196797720227e+02	8.220730193341860e+05	
16	3.096307582652531e+02	4.418532568173823e+05	
20	3.945755396601764e+02	2.101611828353617e+05	
22	2.691462326345073e+02	2.669458112135276e+05	
27	2.128639920689869e+02	4.575105346683966e+05	
32	4.263296138139067e+02	2.035612780206757e+05	
37	3.824655652004936e+02	1.821601689104389e+05	
45	2.422176761773493e+02	3.095208093557895e+05	
48	2.173086817608538e+02	2.734083636737468e+05	
56	3.627108856197004e+02	2.130954459534555e+05	
59	2.016858041533908e+02	3.554586587482431e+05	
63	1.792086687170195e+02	1.809704639262647e+05	
