% instance = 1, name = bbob_f017_i02_d40__bbob_f021_i04_d40
% function evaluation | 2 objectives 
1	1.448846048196936e+02	5.369329777016856e+01	
2	7.307978371302588e+01	5.375794594569706e+01	
3	6.304087400237358e+01	5.357574964108106e+01	
6	5.835062759621144e+01	5.384678278824114e+01	
8	7.532073295032595e+01	5.182259705883659e+01	
10	5.373577239093225e+01	5.217391207680049e+01	
38	4.466055956568135e+01	5.361330492631204e+01	
62	4.508665530076713e+01	5.339401207925361e+01	
% instance = 2, name = bbob_f017_i03_d40__bbob_f021_i05_d40
% function evaluation | 2 objectives 
1	3.010929231590354e+02	6.015279900020097e+02	
3	3.175571665320980e+02	6.015183603166196e+02	
9	2.973973822585414e+02	6.006971275217279e+02	
17	2.960541922301087e+02	6.001300930066465e+02	
26	3.499525087927273e+02	5.995320549109590e+02	
28	2.945079196113092e+02	6.014821948777021e+02	
65	2.938506539716381e+02	6.014616939877972e+02	
74	3.430988868929363e+02	5.999065503410687e+02	
% instance = 3, name = bbob_f017_i07_d40__bbob_f021_i08_d40
% function evaluation | 2 objectives 
1	1.733730419574395e+02	-3.823236226510497e+02	
2	1.601001613856997e+02	-3.818064695572709e+02	
4	1.553571402182385e+02	-3.838009442673812e+02	
5	1.461880517279355e+02	-3.824985699676130e+02	
7	1.449050565978331e+02	-3.818428258152981e+02	
9	1.564843344239734e+02	-3.838143717853887e+02	
11	1.418753896965783e+02	-3.819467819856499e+02	
15	1.446652563061072e+02	-3.821760279069723e+02	
17	1.448086366591954e+02	-3.823085767161875e+02	
53	1.407557439263361e+02	-3.819785656297466e+02	
58	1.495875157424925e+02	-3.842050544704310e+02	
63	1.430252980144636e+02	-3.876501222073269e+02	
% instance = 4, name = bbob_f017_i09_d40__bbob_f021_i10_d40
% function evaluation | 2 objectives 
1	1.448279863953184e+02	3.722976780164372e+02	
3	9.374789880924959e+01	3.726613518335860e+02	
4	1.379425407118486e+02	3.725025579738707e+02	
5	5.087861336905697e+01	3.726107000747768e+02	
9	7.760095248245723e+01	3.720932827726620e+02	
10	3.483133457645077e+01	3.722142992449927e+02	
17	7.507740031789021e+01	3.721230321246895e+02	
23	7.665334947800356e+01	3.717192310369136e+02	
27	6.117879846914061e+01	3.720207322922861e+02	
43	1.089114649002698e+02	3.712759258296797e+02	
45	6.137950055692859e+01	3.719602535915907e+02	
48	5.350013083318953e+01	3.719652051379339e+02	
58	5.773180192216834e+01	3.712252123760593e+02	
65	4.314747505884842e+01	3.719765428875648e+02	
74	3.204781558361277e+01	3.727320979406772e+02	
% instance = 5, name = bbob_f017_i11_d40__bbob_f021_i12_d40
% function evaluation | 2 objectives 
1	2.459250518469323e+02	-1.115071267850776e+02	
2	2.238513595225219e+02	-1.094131391724866e+02	
3	2.356805163290229e+02	-1.097016971033948e+02	
5	2.252544535237517e+02	-1.100754911958048e+02	
6	2.245399917716737e+02	-1.094245669215667e+02	
9	2.425166962484024e+02	-1.110657956417215e+02	
18	2.281364754536008e+02	-1.102068446634650e+02	
20	2.407279372155116e+02	-1.107562494663967e+02	
34	2.222819055776254e+02	-1.095634621671750e+02	
43	2.392965810759986e+02	-1.103011733027979e+02	
45	2.373953282791378e+02	-1.102577636290609e+02	
79	2.222251948433171e+02	-1.096550238840928e+02	
% instance = 6, name = bbob_f017_i13_d40__bbob_f021_i14_d40
% function evaluation | 2 objectives 
1	2.379388348366802e+02	-4.151404824950096e+02	
6	2.344528549088377e+02	-4.121684770118056e+02	
9	2.316035537682829e+02	-4.129587763860235e+02	
% instance = 7, name = bbob_f017_i15_d40__bbob_f021_i16_d40
% function evaluation | 2 objectives 
1	-2.934624626043347e+02	1.134688669156350e+02	
4	-2.986137365228462e+02	1.134962180107742e+02	
7	-2.997021865960817e+02	1.139754583089936e+02	
8	-2.306267936274569e+02	1.132992831317674e+02	
9	-3.070547454940836e+02	1.129504273565459e+02	
13	-3.213017081703003e+02	1.138344845719087e+02	
14	-3.311159232298405e+02	1.139038628959964e+02	
17	-3.095878889031679e+02	1.135972269321528e+02	
18	-3.118188639520747e+02	1.134043875003288e+02	
21	1.106282037461999e+02	1.125120484385819e+02	
25	-3.043473083350848e+02	1.117965209775020e+02	
30	-3.200143844744390e+02	1.136257356276117e+02	
48	-3.153201875763484e+02	1.134647680901925e+02	
49	-3.223940408818074e+02	1.138674318985649e+02	
62	-3.197738372416678e+02	1.135824107518301e+02	
69	-3.294032665085358e+02	1.125655801825956e+02	
76	-3.107915311803073e+02	1.123831438419760e+02	
77	-3.118797610706931e+02	1.114249455230447e+02	
% instance = 8, name = bbob_f017_i17_d40__bbob_f021_i18_d40
% function evaluation | 2 objectives 
1	1.254355408151052e+02	-7.392862647338723e+02	
3	2.332361423859378e+02	-7.393227859188710e+02	
6	1.154961716598334e+02	-7.385977873555510e+02	
10	1.285212774920983e+02	-7.393378792260819e+02	
11	1.220057313595238e+02	-7.386075099047881e+02	
18	1.173397486896768e+02	-7.387399954048080e+02	
20	2.819576105236697e+02	-7.396459687595274e+02	
23	1.148729720677447e+02	-7.388716638997842e+02	
27	1.215431736695341e+02	-7.392535956779665e+02	
30	1.149937332115580e+02	-7.391734121360032e+02	
32	1.571081019152567e+02	-7.394764578157490e+02	
40	1.719501143682911e+02	-7.407523969261596e+02	
43	1.372526106921181e+02	-7.396037727906906e+02	
% instance = 9, name = bbob_f017_i19_d40__bbob_f021_i21_d40
% function evaluation | 2 objectives 
1	2.676401272223581e+02	-1.284584100850583e+02	
3	1.598254292415076e+02	-1.284241890967418e+02	
4	1.458570535312425e+02	-1.282243285859021e+02	
5	1.662011256578200e+02	-1.284326366187435e+02	
6	1.531890060194316e+02	-1.282688548857358e+02	
7	1.910617444873449e+02	-1.289320229138456e+02	
9	1.631462491816386e+02	-1.284287388184929e+02	
12	1.456216675861156e+02	-1.283402473990884e+02	
15	1.435093007019964e+02	-1.282923873864476e+02	
16	1.594584481585918e+02	-1.291081011421875e+02	
18	1.487847317338768e+02	-1.298168443083072e+02	
20	1.700194777977930e+02	-1.300066672134194e+02	
28	1.417819546381115e+02	-1.282884564715926e+02	
32	1.504955603227795e+02	-1.303883415725590e+02	
36	1.458133576737590e+02	-1.283619594468304e+02	
38	1.431416077866813e+02	-1.284239106243359e+02	
44	1.480158466180904e+02	-1.285715830311989e+02	
45	1.427241902080173e+02	-1.289286756478079e+02	
47	1.424950057320369e+02	-1.291894310221761e+02	
62	1.607474042794835e+02	-1.309175774311566e+02	
63	1.454774346199442e+02	-1.293617979559689e+02	
65	1.405862938189671e+02	-1.289318257848878e+02	
72	1.744128795105495e+02	-1.313838519760704e+02	
% instance = 10, name = bbob_f017_i21_d40__bbob_f021_i22_d40
% function evaluation | 2 objectives 
1	1.019851266542547e+02	3.590405097946722e+02	
3	1.814721122634321e+02	3.589929226271391e+02	
4	1.089024105845994e+02	3.589596027299568e+02	
7	7.473717163805321e+01	3.588143026857215e+02	
8	1.186522566845962e+02	3.582038500526149e+02	
9	8.913664712134764e+01	3.569268496933915e+02	
13	7.097026615498920e+01	3.590419221064229e+02	
15	7.049570153432497e+01	3.590082029351261e+02	
17	7.528086123702451e+01	3.584934225944795e+02	
20	6.703026069215328e+01	3.587609899780986e+02	
23	7.686971622655611e+01	3.583191217668308e+02	
49	7.217307822440407e+01	3.587356490941496e+02	
63	7.164399796656693e+01	3.582170986378245e+02	
69	7.307286478780588e+01	3.567209484831805e+02	
