% instance = 1, name = bbob_f002_i02_d05__bbob_f015_i04_d05
% function evaluation | 2 objectives | 5 variables
1	1.048257518342726e+07	3.229805251769175e+02	3.69838651e+00	1.17868371e+00	2.13308230e+00	-1.54466279e+00	3.21228504e+00	
2	7.451942126048976e+05	4.107124641439469e+02	1.00967553e+00	-8.56550696e-01	7.09471002e-02	3.01232920e+00	1.50496687e-02	
3	7.976535061119200e+05	3.512363020711095e+02	-5.01498795e-01	6.43283104e-01	-4.35973793e+00	2.22170005e+00	3.85125057e-01	
6	3.282005033696636e+06	3.172326365896605e+02	3.09109369e+00	-1.38020177e-01	-4.11748831e+00	9.90791217e-01	-1.73217382e+00	
9	1.157189148479273e+07	1.914277878528961e+02	-2.66793095e+00	-1.23218149e+00	-3.68198521e+00	4.53000990e-01	-3.52038132e+00	
10	2.645726340140443e+06	2.601217339017276e+02	-3.87371322e+00	3.38691965e+00	-3.05343055e+00	8.79569963e-01	-1.53397246e+00	
% instance = 2, name = bbob_f002_i03_d05__bbob_f015_i05_d05
% function evaluation | 2 objectives | 5 variables
1	4.156510999186395e+07	2.466033337062575e+01	3.69838651e+00	1.17868371e+00	2.13308230e+00	-1.54466279e+00	3.21228504e+00	
2	9.965646445446266e+06	-3.580225390179208e+01	1.00967553e+00	-8.56550696e-01	7.09471002e-02	3.01232920e+00	1.50496687e-02	
4	4.713148862477575e+05	4.165212755273869e+02	-3.66696002e+00	-2.75778991e+00	3.46276250e+00	1.68641129e+00	-3.21077456e+00	
5	9.257693867010987e+04	5.148006676642697e+01	3.80160537e+00	3.09018580e+00	2.05256524e+00	-3.06284170e-01	-3.12702245e+00	
% instance = 3, name = bbob_f002_i07_d05__bbob_f015_i08_d05
% function evaluation | 2 objectives | 5 variables
1	3.800772240590895e+05	1.562748016942619e+02	3.69838651e+00	1.17868371e+00	2.13308230e+00	-1.54466279e+00	3.21228504e+00	
5	3.273577666032369e+07	1.499646754787710e+02	3.80160537e+00	3.09018580e+00	2.05256524e+00	-3.06284170e-01	-3.12702245e+00	
7	5.443169882738132e+07	6.392470891397321e+01	-3.79573636e+00	3.25988744e+00	6.08063478e-02	-3.88380970e+00	-4.77025286e+00	
8	2.150280899099952e+07	-2.652171411035445e+01	-4.02033013e+00	1.72379929e+00	2.40744026e+00	1.80268659e+00	-1.77936778e+00	
10	1.955766188674369e+07	1.533751319088773e+01	-3.87371322e+00	3.38691965e+00	-3.05343055e+00	8.79569963e-01	-1.53397246e+00	
% instance = 4, name = bbob_f002_i09_d05__bbob_f015_i10_d05
% function evaluation | 2 objectives | 5 variables
1	1.128653080547686e+06	1.407586952099005e+03	3.69838651e+00	1.17868371e+00	2.13308230e+00	-1.54466279e+00	3.21228504e+00	
2	5.036261993151796e+06	1.186599930875182e+03	1.00967553e+00	-8.56550696e-01	7.09471002e-02	3.01232920e+00	1.50496687e-02	
3	3.836045547890129e+06	1.105659493245720e+03	-5.01498795e-01	6.43283104e-01	-4.35973793e+00	2.22170005e+00	3.85125057e-01	
% instance = 5, name = bbob_f002_i11_d05__bbob_f015_i12_d05
% function evaluation | 2 objectives | 5 variables
1	5.051240437179303e+07	2.756015813747559e+03	3.69838651e+00	1.17868371e+00	2.13308230e+00	-1.54466279e+00	3.21228504e+00	
2	1.286532206377601e+07	9.552138868220462e+02	1.00967553e+00	-8.56550696e-01	7.09471002e-02	3.01232920e+00	1.50496687e-02	
3	1.601708354934506e+07	7.374635586915268e+02	-5.01498795e-01	6.43283104e-01	-4.35973793e+00	2.22170005e+00	3.85125057e-01	
4	2.293447093295929e+05	8.925980224375866e+02	-3.66696002e+00	-2.75778991e+00	3.46276250e+00	1.68641129e+00	-3.21077456e+00	
5	2.126941064263377e+05	2.873102326302904e+03	3.80160537e+00	3.09018580e+00	2.05256524e+00	-3.06284170e-01	-3.12702245e+00	
9	4.027935556317040e+04	6.930918119803810e+02	-2.66793095e+00	-1.23218149e+00	-3.68198521e+00	4.53000990e-01	-3.52038132e+00	
% instance = 6, name = bbob_f002_i13_d05__bbob_f015_i14_d05
% function evaluation | 2 objectives | 5 variables
1	2.434760895472552e+07	8.075554278248046e+02	3.69838651e+00	1.17868371e+00	2.13308230e+00	-1.54466279e+00	3.21228504e+00	
2	3.956118289183581e+06	2.015553789047999e+02	1.00967553e+00	-8.56550696e-01	7.09471002e-02	3.01232920e+00	1.50496687e-02	
3	5.853584009244036e+06	1.156157173292434e+02	-5.01498795e-01	6.43283104e-01	-4.35973793e+00	2.22170005e+00	3.85125057e-01	
4	3.231855432308295e+06	-5.480372494606706e+01	-3.66696002e+00	-2.75778991e+00	3.46276250e+00	1.68641129e+00	-3.21077456e+00	
5	2.477448503554434e+06	9.431123359586786e+01	3.80160537e+00	3.09018580e+00	2.05256524e+00	-3.06284170e-01	-3.12702245e+00	
6	5.227904939903971e+05	4.119345754464966e+02	3.09109369e+00	-1.38020177e-01	-4.11748831e+00	9.90791217e-01	-1.73217382e+00	
8	7.604553722479742e+05	-1.622966994581403e+02	-4.02033013e+00	1.72379929e+00	2.40744026e+00	1.80268659e+00	-1.77936778e+00	
10	5.419893715165042e+05	-9.540052006153326e+01	-3.87371322e+00	3.38691965e+00	-3.05343055e+00	8.79569963e-01	-1.53397246e+00	
% instance = 7, name = bbob_f002_i15_d05__bbob_f015_i16_d05
% function evaluation | 2 objectives | 5 variables
1	2.436208661231989e+07	2.000820256145542e+03	3.69838651e+00	1.17868371e+00	2.13308230e+00	-1.54466279e+00	3.21228504e+00	
2	2.909316305538081e+06	5.329401107905560e+02	1.00967553e+00	-8.56550696e-01	7.09471002e-02	3.01232920e+00	1.50496687e-02	
4	2.601790597978927e+06	3.250574120909171e+02	-3.66696002e+00	-2.75778991e+00	3.46276250e+00	1.68641129e+00	-3.21077456e+00	
5	2.307227921331694e+06	2.328749223075355e+03	3.80160537e+00	3.09018580e+00	2.05256524e+00	-3.06284170e-01	-3.12702245e+00	
6	3.713723092216147e+03	1.916860118085191e+03	3.09109369e+00	-1.38020177e-01	-4.11748831e+00	9.90791217e-01	-1.73217382e+00	
8	8.022222338622634e+04	6.446917214776645e+02	-4.02033013e+00	1.72379929e+00	2.40744026e+00	1.80268659e+00	-1.77936778e+00	
% instance = 8, name = bbob_f002_i17_d05__bbob_f015_i18_d05
% function evaluation | 2 objectives | 5 variables
1	2.456678576139819e+06	4.401270860503287e+02	3.69838651e+00	1.17868371e+00	2.13308230e+00	-1.54466279e+00	3.21228504e+00	
2	3.155385287893375e+06	1.017157254504102e+01	1.00967553e+00	-8.56550696e-01	7.09471002e-02	3.01232920e+00	1.50496687e-02	
3	1.941447786361793e+06	1.215756176418704e+02	-5.01498795e-01	6.43283104e-01	-4.35973793e+00	2.22170005e+00	3.85125057e-01	
% instance = 9, name = bbob_f002_i19_d05__bbob_f015_i21_d05
% function evaluation | 2 objectives | 5 variables
1	4.454847958069368e+07	6.239803862994784e+02	3.69838651e+00	1.17868371e+00	2.13308230e+00	-1.54466279e+00	3.21228504e+00	
2	9.971978452881170e+06	6.223442762856056e+02	1.00967553e+00	-8.56550696e-01	7.09471002e-02	3.01232920e+00	1.50496687e-02	
4	9.143065393561450e+03	3.494353889091817e+02	-3.66696002e+00	-2.75778991e+00	3.46276250e+00	1.68641129e+00	-3.21077456e+00	
5	1.936583878553470e+05	2.404270347377829e+02	3.80160537e+00	3.09018580e+00	2.05256524e+00	-3.06284170e-01	-3.12702245e+00	
% instance = 10, name = bbob_f002_i21_d05__bbob_f015_i22_d05
% function evaluation | 2 objectives | 5 variables
1	5.657249460519128e+07	3.493356883832137e+02	3.69838651e+00	1.17868371e+00	2.13308230e+00	-1.54466279e+00	3.21228504e+00	
2	1.593514891470833e+07	5.107557154370303e+02	1.00967553e+00	-8.56550696e-01	7.09471002e-02	3.01232920e+00	1.50496687e-02	
3	1.908424107107706e+07	5.088586784993163e+02	-5.01498795e-01	6.43283104e-01	-4.35973793e+00	2.22170005e+00	3.85125057e-01	
4	5.592047042930893e+05	7.990012906812761e+02	-3.66696002e+00	-2.75778991e+00	3.46276250e+00	1.68641129e+00	-3.21077456e+00	
5	6.890962285448040e+05	3.375148681697891e+02	3.80160537e+00	3.09018580e+00	2.05256524e+00	-3.06284170e-01	-3.12702245e+00	
9	1.995255187100130e+05	5.044883712947449e+02	-2.66793095e+00	-1.23218149e+00	-3.68198521e+00	4.53000990e-01	-3.52038132e+00	
