% instance = 1, name = bbob_f008_i02_d20__bbob_f015_i04_d20
% function evaluation | 2 objectives 
1	8.700112564319671e+05	1.145452177085533e+03	
2	6.630480851288809e+05	3.650530912771540e+03	
3	5.654884501016213e+05	3.008777126172211e+03	
5	6.525444841184156e+05	1.396832953773831e+03	
9	1.637918200949934e+05	1.361107774001191e+03	
17	2.778059745770138e+05	1.184795001284032e+03	
20	9.250615022402570e+05	9.705913998309504e+02	
40	2.884388626087763e+05	6.990544806298388e+02	
% instance = 2, name = bbob_f008_i03_d20__bbob_f015_i05_d20
% function evaluation | 2 objectives 
1	4.945463405328589e+05	2.566071629603528e+03	
2	3.539268984661544e+05	4.458491637146131e+03	
5	9.682872732156109e+05	1.039471771911965e+03	
6	5.725882312523517e+05	2.019942976862533e+03	
9	7.306036695832894e+05	1.510086033930030e+03	
16	5.286145299935316e+05	1.110823764445924e+03	
18	1.981561563112375e+05	6.082220838404198e+02	
40	1.561620826401360e+05	1.192020608889494e+03	
% instance = 3, name = bbob_f008_i07_d20__bbob_f015_i08_d20
% function evaluation | 2 objectives 
1	2.077915149794308e+05	1.039430679498661e+03	
6	6.834321189087380e+05	9.483770960248395e+02	
9	2.177641077371497e+05	1.037726132530916e+03	
13	3.682377929177460e+05	1.032970656364971e+03	
17	1.186897788027670e+05	1.159928905678794e+03	
21	4.965152051023752e+05	1.032233529219059e+03	
22	5.681425664015309e+05	8.245433110146771e+02	
32	2.913242834687814e+05	6.701559470120233e+02	
35	9.428523657275618e+04	1.283448279894258e+03	
39	6.546096113301815e+05	5.934650829081980e+02	
% instance = 4, name = bbob_f008_i09_d20__bbob_f015_i10_d20
% function evaluation | 2 objectives 
1	3.782585794860368e+05	5.147194816880628e+03	
2	4.106141064118464e+05	4.697329663969434e+03	
3	4.178185140648468e+05	3.323311066513765e+03	
4	1.140189397940802e+06	2.269614786296286e+03	
5	6.160100521212533e+05	2.423584652661559e+03	
8	4.361863269634831e+05	2.383162085268416e+03	
17	4.358880205544829e+05	2.757904498698267e+03	
18	3.313309909730445e+05	3.376869407310346e+03	
23	3.806774441727308e+05	2.909795970843471e+03	
25	1.102578425512428e+06	2.010651876217108e+03	
29	8.374675408718239e+05	2.373787641947994e+03	
35	5.254436072983339e+05	2.120418310353480e+03	
% instance = 5, name = bbob_f008_i11_d20__bbob_f015_i12_d20
% function evaluation | 2 objectives 
1	2.739173096708390e+05	2.985261413441594e+03	
3	3.228085894934781e+05	2.563556993155958e+03	
8	5.898479858252478e+05	1.919236996979255e+03	
9	4.752031230203969e+05	1.678255532017520e+03	
11	3.025907884524167e+05	2.533724093169309e+03	
18	3.759618799244448e+05	1.496665071160559e+03	
21	2.582579027764825e+05	2.422170275623482e+03	
29	2.272676809812367e+05	4.257854152560538e+03	
35	2.988486950123901e+05	2.326187042886083e+03	
% instance = 6, name = bbob_f008_i13_d20__bbob_f015_i14_d20
% function evaluation | 2 objectives 
1	7.309853665735242e+05	1.211157692237785e+03	
2	7.714207946929749e+05	8.325511875695606e+02	
3	6.476211844667270e+05	1.982500202535834e+03	
5	1.110099879543822e+06	7.925621648059266e+02	
9	6.148792331580502e+05	2.084450735516818e+03	
14	5.166500204757669e+05	1.120020941451619e+03	
16	2.930096907233036e+05	2.522142884236084e+03	
18	1.789026243364797e+05	1.746315274874848e+03	
22	6.663336604982674e+05	1.095699564056121e+03	
26	9.914396377759057e+05	8.196553897233066e+02	
28	8.697889740184067e+05	7.394087631552661e+02	
30	4.828549035596639e+05	8.753552561894578e+02	
33	3.483954320590572e+05	1.734489644812497e+03	
35	4.487141599625929e+05	1.699677503273233e+03	
40	5.485988425662118e+05	7.499322028002518e+02	
% instance = 7, name = bbob_f008_i15_d20__bbob_f015_i16_d20
% function evaluation | 2 objectives 
1	4.045470964873250e+05	2.066167515323907e+03	
6	2.767156380497599e+05	2.027880919330305e+03	
14	1.236504996568377e+06	1.382527239115717e+03	
18	4.125336680222147e+05	1.350544025119041e+03	
28	5.099490009332043e+05	1.320129026839995e+03	
33	2.675563482717826e+05	4.420139985964074e+03	
38	2.527532988693535e+05	2.351878751767946e+03	
% instance = 8, name = bbob_f008_i17_d20__bbob_f015_i18_d20
% function evaluation | 2 objectives 
1	4.963767324983217e+05	1.217210717106261e+03	
3	2.982077150731400e+05	3.302269738506620e+03	
5	8.357994617596252e+05	1.016027082268461e+03	
6	8.168458640333543e+05	1.177975676200542e+03	
11	5.724992411558899e+05	1.072369192878108e+03	
15	4.606615900989576e+05	1.575013417742508e+03	
18	1.478911261344985e+05	1.066710881062857e+03	
25	2.893424731997378e+05	7.455327221652058e+02	
34	3.844639571145831e+05	6.161597286450116e+02	
% instance = 9, name = bbob_f008_i19_d20__bbob_f015_i21_d20
% function evaluation | 2 objectives 
1	3.708100473918093e+05	4.300419590756721e+03	
2	3.293139530863987e+05	3.519780270274316e+03	
3	2.654295731347974e+05	1.753825859154642e+03	
9	2.471737438819919e+05	3.870207379399169e+03	
10	8.864591056248570e+05	1.482336696539853e+03	
18	1.843733993402837e+05	1.897343440052166e+03	
20	9.828280521728793e+05	1.351502758544618e+03	
33	5.223661161006380e+05	1.703656566417230e+03	
35	4.607493179830083e+05	1.303616013648003e+03	
38	3.655090356693957e+05	1.692397295685525e+03	
39	7.152687409931885e+05	1.026690158455807e+03	
% instance = 10, name = bbob_f008_i21_d20__bbob_f015_i22_d20
% function evaluation | 2 objectives 
1	5.189959709830232e+05	2.376710994111103e+03	
2	4.052515343350699e+05	1.655976899498906e+03	
16	6.116526842974776e+05	1.558290126693278e+03	
18	3.888041970151994e+05	1.480557759356950e+03	
19	3.740888637729602e+05	3.031218328091139e+03	
32	3.261659858135672e+05	2.125024529849062e+03	
