% instance = 1, name = bbob_f002_i02_d40__bbob_f017_i04_d40
% function evaluation | 2 objectives 
1	7.194558399486345e+07	1.089537877517105e+02	
2	3.887235979105789e+07	1.159214704917784e+02	
3	7.555634483639181e+06	7.482860583273940e+01	
5	4.556183848379968e+07	6.304761427459285e+01	
11	3.730848609153745e+07	6.681766031586366e+01	
28	2.075258883031279e+07	6.186509544913272e+01	
38	6.592795757603669e+07	5.897896674930206e+01	
45	7.202042463159871e+07	5.768117391303156e+01	
48	6.187558478325026e+07	6.126501593988790e+01	
63	6.463694513548508e+07	5.486181580024997e+01	
75	5.560846094216624e+07	5.851588134999351e+01	
77	4.770891248957537e+07	5.833272720854243e+01	
% instance = 2, name = bbob_f002_i03_d40__bbob_f017_i05_d40
% function evaluation | 2 objectives 
1	3.718535650736675e+07	-1.008259091697788e+02	
4	1.271822456870913e+07	-1.134310593082661e+02	
8	1.569645544112598e+07	-1.184352991981702e+02	
22	1.204000207611752e+07	-8.193534053120990e+01	
23	5.369117880797353e+07	-1.223887838192091e+02	
24	4.568519380903807e+07	-1.265452020935544e+02	
27	3.220549818807968e+07	-1.247620128811326e+02	
37	1.231724497672281e+07	-9.517965464549977e+01	
40	2.999475588095485e+07	-1.248089223380167e+02	
64	2.490104385296910e+07	-1.271713856715855e+02	
80	3.049584038450466e+07	-1.283494189852934e+02	
% instance = 3, name = bbob_f002_i07_d40__bbob_f017_i08_d40
% function evaluation | 2 objectives 
1	1.492071358713180e+07	1.173634295973524e+02	
3	2.911110219066122e+07	9.952610513879914e+01	
9	3.967003561649171e+07	9.440930589494565e+01	
11	2.821682559382305e+07	1.044608134056730e+02	
14	3.587043488035327e+07	9.791384935106647e+01	
22	2.517140171752020e+07	1.000935622829978e+02	
23	3.304414742458620e+07	8.953883282869801e+01	
27	1.333169334661962e+07	9.654476590245869e+01	
43	2.338195177596237e+07	9.195142633198994e+01	
63	1.735206902986982e+07	8.997611210887068e+01	
% instance = 4, name = bbob_f002_i09_d40__bbob_f017_i10_d40
% function evaluation | 2 objectives 
1	2.661018690922511e+07	4.402502821171872e+01	
2	4.075676261697765e+07	3.914431885885791e+01	
4	2.309215121630691e+07	4.577730184910134e+01	
10	3.689941955687577e+07	3.741660653923726e+01	
20	2.246664900079045e+07	7.880480757103162e+01	
27	9.138692384223130e+06	4.904504908907347e+01	
28	3.240451013627037e+07	3.940457495949112e+01	
32	1.397374557833914e+07	4.898535278129158e+01	
37	2.944956258216540e+07	4.155727143834806e+01	
40	1.142866259110274e+07	4.649123877127889e+01	
47	4.644633431491237e+07	2.704771376047752e+01	
64	2.888889476757202e+07	4.099183194812350e+01	
76	1.209784836684637e+07	4.465163078701702e+01	
% instance = 5, name = bbob_f002_i11_d40__bbob_f017_i12_d40
% function evaluation | 2 objectives 
1	3.263813962077877e+07	7.973167058604213e+01	
3	2.112221244765465e+07	1.134869817887372e+02	
4	3.242531868940300e+07	7.846897473990404e+01	
11	2.996978543588682e+07	8.319492062825385e+01	
13	4.457484393017144e+07	7.226808122731650e+01	
14	1.959039431638568e+07	9.073910492874025e+01	
17	2.879306716123531e+07	8.569409535839281e+01	
18	4.062963814353890e+07	7.517891807851950e+01	
19	1.814229757210899e+07	1.792891055129670e+02	
22	2.732372516669707e+07	7.917662738373880e+01	
23	9.592340948050752e+06	6.942521019292759e+01	
48	3.223255685688212e+07	6.939306939643960e+01	
75	3.491555292596301e+07	6.905582199197323e+01	
% instance = 6, name = bbob_f002_i13_d40__bbob_f017_i14_d40
% function evaluation | 2 objectives 
1	4.138564082192368e+07	-1.239311852968167e+02	
2	2.093180902128126e+07	-1.365723120961317e+02	
3	2.486852951043447e+07	-1.402779769542402e+02	
11	2.302383549955340e+07	-1.373646245152333e+02	
12	1.580583464999490e+07	-1.372641838894419e+02	
22	3.113332191334819e+07	-1.411315943077063e+02	
38	1.520493959677479e+07	-1.382391371766272e+02	
39	2.737822428776595e+07	-1.549588126807003e+02	
49	1.515001699594388e+07	-1.108681490556689e+02	
71	1.920790519293668e+07	-1.436478416831727e+02	
% instance = 7, name = bbob_f002_i15_d40__bbob_f017_i16_d40
% function evaluation | 2 objectives 
1	3.200086077655617e+07	2.064530335952146e+02	
2	3.069917776126462e+07	2.307762538313748e+02	
3	3.107474660550926e+07	2.053300143917580e+02	
4	1.723872118844843e+07	2.364038044057376e+02	
8	4.032632714312305e+07	2.001175578142052e+02	
9	2.529059977250962e+07	2.051082862874239e+02	
16	7.776538956648305e+07	1.958422097529197e+02	
17	4.218839645037615e+07	1.929699097849279e+02	
19	3.102788670188728e+07	1.962386349297508e+02	
20	3.685069915264094e+07	1.948847849869337e+02	
22	2.222933220952435e+07	2.103795498642009e+02	
24	2.414590528765199e+07	2.043961892136775e+02	
27	1.326041841660668e+07	2.139749983680802e+02	
28	2.356319013161056e+07	1.896545417796447e+02	
40	6.308672934923790e+06	2.235150558853346e+02	
69	2.134289610766754e+07	2.121530090338159e+02	
76	7.187985905825716e+06	2.049039124465107e+02	
% instance = 8, name = bbob_f002_i17_d40__bbob_f017_i18_d40
% function evaluation | 2 objectives 
1	4.819604192201211e+07	-1.825551869723387e+02	
2	3.036643461106621e+07	-1.676127894764352e+02	
3	1.753123066843069e+07	-2.035662723642624e+02	
4	1.481817194935890e+07	-1.336949486378439e+02	
11	3.151137416907685e+07	-2.189926742242696e+02	
22	9.666401446558647e+06	-1.990084992422027e+02	
29	2.199230183007338e+07	-2.104636623646348e+02	
35	1.165186506496453e+07	-2.161434944394596e+02	
66	3.007650433328046e+07	-2.203442269762518e+02	
% instance = 9, name = bbob_f002_i19_d40__bbob_f017_i21_d40
% function evaluation | 2 objectives 
1	5.062484218167207e+07	1.019851266542547e+02	
2	4.660763516700695e+07	4.357017881438339e+02	
3	1.231361910221791e+07	1.814721122634321e+02	
4	3.827459163089631e+07	1.089024105845994e+02	
7	8.472461298517391e+07	7.473717163805321e+01	
8	3.492871709193987e+07	1.186522566845962e+02	
9	7.050504431749119e+07	8.913664712134764e+01	
11	4.092363003786441e+07	9.250525510743181e+01	
13	6.317766655446542e+07	7.097026615498920e+01	
15	5.264722552994019e+07	7.049570153432497e+01	
17	4.492157593019123e+07	7.528086123702451e+01	
18	3.327675171416218e+07	8.604101902710768e+01	
20	5.214634109167562e+07	6.703026069215328e+01	
21	4.128664830933011e+07	7.834658463412632e+01	
22	2.311278762785488e+07	9.886394164053827e+01	
23	2.864934478501058e+07	7.686971622655611e+01	
26	1.988256260450820e+07	9.308724842506999e+01	
29	2.777742785595114e+07	7.918174998749564e+01	
35	1.056644587582211e+07	1.436397797305175e+02	
44	1.921232327899992e+07	8.917983589071125e+01	
49	2.185334690369447e+07	7.217307822440407e+01	
65	1.409287822322703e+07	8.785303361823873e+01	
66	2.331775838913829e+07	7.146299136606694e+01	
% instance = 10, name = bbob_f002_i21_d40__bbob_f017_i22_d40
% function evaluation | 2 objectives 
1	5.249388385347325e+07	2.525182052621324e+02	
2	4.519250365913825e+07	8.455850913325445e+01	
3	2.445422352516156e+07	1.989509716662265e+02	
4	4.468334165543042e+07	1.115895283682515e+02	
6	1.664988737501564e+07	9.767918265348891e+01	
11	4.982756012076417e+07	7.957181690302463e+01	
13	3.644617452064718e+07	9.365113348499743e+01	
14	1.529040203830470e+07	1.055199754877356e+02	
17	2.652768790606934e+07	7.855771750184458e+01	
21	6.359434127794681e+07	7.718909414649036e+01	
23	7.612756358841613e+06	1.276645920819144e+02	
39	3.696064730735036e+07	7.807831447107606e+01	
47	1.317604698650700e+07	9.406339396674770e+01	
49	1.416337391189467e+07	8.380653730741633e+01	
65	3.754687169245622e+07	7.571633741683826e+01	
78	9.889587740856601e+06	1.142031181098389e+02	
