% instance = 1, name = bbob_f014_i02_d40__bbob_f015_i04_d40
% function evaluation | 2 objectives 
1	-2.512602176653900e+00	4.339781833046526e+03	
2	2.551062640697543e+01	2.958136275084101e+03	
3	3.666585701411225e+02	2.772929187781825e+03	
8	-2.038482936687635e+01	5.828636871452119e+03	
9	1.360342472230907e+02	2.571935607537019e+03	
12	-6.828160160846198e+01	7.098205762912944e+03	
21	3.613760843521922e+01	2.437102608126796e+03	
22	-9.082778508782667e+00	3.602905146370487e+03	
23	-6.711701475357778e+01	4.458129129157642e+03	
37	-7.202780345296621e+01	5.322006406990592e+03	
38	1.257203372975248e+02	1.789422668906468e+03	
44	-7.704404966777984e+01	4.582119602999340e+03	
45	-1.002636701967898e+02	3.920077272606869e+03	
47	-3.308696319900605e+01	3.586242258863885e+03	
% instance = 2, name = bbob_f014_i03_d40__bbob_f015_i05_d40
% function evaluation | 2 objectives 
1	4.108754718898519e+02	3.385228924723840e+03	
2	3.979011458932708e+02	8.775400549237789e+03	
3	2.560011136477343e+02	3.430064371713907e+03	
8	2.142410233061266e+02	4.788486207563758e+03	
10	3.195061637283204e+02	2.867805003621040e+03	
12	3.121553273598868e+02	2.989498090834657e+03	
16	2.293484449774260e+02	2.881410060620564e+03	
17	1.816781183641246e+02	3.383502024092717e+03	
18	3.001512171424544e+02	2.666195152892714e+03	
22	2.001107849699905e+02	2.273739542883857e+03	
76	1.739807747213046e+02	4.129906594334591e+03	
77	1.544488831949352e+02	3.177044788738575e+03	
% instance = 3, name = bbob_f014_i07_d40__bbob_f015_i08_d40
% function evaluation | 2 objectives 
1	2.224353769050454e+02	3.481611690531658e+03	
3	1.173123348018322e+02	2.819620624038349e+03	
5	1.076685546541375e+02	3.791279938855349e+03	
14	7.155967796228500e+02	2.402378062052936e+03	
16	3.350528869690260e+01	2.308427651739187e+03	
42	9.036337526979565e-01	2.752661289568150e+03	
54	1.086029525625698e+02	1.972622805655890e+03	
74	1.209915528643697e+01	2.631629471658120e+03	
% instance = 4, name = bbob_f014_i09_d40__bbob_f015_i10_d40
% function evaluation | 2 objectives 
1	3.095131447955211e+02	6.610378384468753e+03	
2	1.679362131076035e+02	7.008821106590354e+03	
3	1.776249603753828e+02	3.497396614357351e+03	
9	1.314111402748284e+02	4.875925936099086e+03	
16	1.096073765188961e+02	5.530859691378213e+03	
17	6.791237198891488e+01	6.098188328155354e+03	
25	1.039181010416692e+02	5.037525986846985e+03	
30	1.037170796186972e+02	4.410077503227443e+03	
54	8.162002117871072e+01	5.894158210948632e+03	
58	1.828756143612727e+02	3.088889325593817e+03	
59	8.455523485677406e+01	5.731871215963651e+03	
66	1.006925683982164e+02	5.436010684134322e+03	
69	9.883885310751387e+01	5.328789660410373e+03	
77	1.763958495245990e+02	4.163138679781114e+03	
% instance = 5, name = bbob_f014_i11_d40__bbob_f015_i12_d40
% function evaluation | 2 objectives 
1	2.261978795200332e+02	5.944925367641396e+03	
2	1.839665820064504e+02	2.933633997719594e+04	
5	3.641827346344047e+02	5.428466617037129e+03	
6	4.248989963792369e+02	3.256936540109250e+03	
8	9.515357755959526e+01	7.104616538478864e+03	
10	2.497391689534705e+02	3.725249191315434e+03	
12	1.198551839267576e+02	2.644229305708006e+03	
15	8.363930979459586e+01	6.804554460733186e+03	
17	7.331057051654564e+01	9.860203115215183e+03	
32	6.483140613404385e+01	4.341021066888269e+03	
44	1.067679326110273e+02	3.537092177990583e+03	
49	2.721066761520289e+01	6.938119801523630e+03	
63	7.000576536483543e+01	3.313843713284381e+03	
65	5.414214804312853e+01	3.425380999975509e+03	
% instance = 6, name = bbob_f014_i13_d40__bbob_f015_i14_d40
% function evaluation | 2 objectives 
1	2.485067082852753e+02	4.463450292718525e+03	
2	2.147257006545445e+02	6.403637716106688e+03	
3	5.917657356798859e+02	3.677191576994652e+03	
12	4.740175183060396e+02	4.069217131105728e+03	
14	1.740845934676318e+02	8.720598482471625e+03	
23	2.717728672861174e+02	4.411473411688325e+03	
25	5.391978929753043e+02	3.940402811546007e+03	
30	1.383413784015462e+02	1.759577557024847e+04	
31	3.916266625271503e+02	3.657530032276253e+03	
34	2.510047238777318e+02	4.102627715917756e+03	
42	1.404368035083665e+02	5.977857996476578e+03	
55	3.341439669889932e+02	3.536936584269647e+03	
57	8.125548171341879e+02	2.562112969870633e+03	
62	7.388704923963046e+02	2.967649460998231e+03	
68	2.371469286382200e+02	4.413774912402851e+03	
73	2.330018117239192e+02	5.003638083808378e+03	
75	4.724046635171439e+02	3.226701601162917e+03	
% instance = 7, name = bbob_f014_i15_d40__bbob_f015_i16_d40
% function evaluation | 2 objectives 
1	6.366377415424350e+02	4.683586137575061e+03	
2	5.038335630086564e+02	3.693696612091444e+03	
3	3.582450371223428e+02	4.917069665858336e+03	
4	2.993819799451373e+02	5.062397900776193e+03	
9	2.253353520722255e+02	6.565155301806496e+03	
10	3.104601604312341e+02	4.504200318342484e+03	
11	4.029333211068610e+02	3.596664560257414e+03	
14	1.991121155756642e+03	3.508830199504762e+03	
17	2.218192357361699e+02	3.972477719634302e+03	
19	2.115318295466510e+02	3.764412536701562e+03	
20	1.295772946739548e+02	4.379815787265623e+03	
24	2.521441231342234e+02	3.337950890572177e+03	
31	1.700387598826072e+02	3.653047525344015e+03	
41	4.544750180803931e+02	2.676636575918989e+03	
49	1.020170805770016e+02	1.119203152480787e+04	
75	1.170760716200033e+02	6.941657647728375e+03	
78	7.983532778085092e+01	8.521319490653257e+03	
% instance = 8, name = bbob_f014_i17_d40__bbob_f015_i18_d40
% function evaluation | 2 objectives 
1	1.010027639343161e+02	3.071828147991876e+03	
3	4.172931755177638e+02	2.871480892660470e+03	
4	1.279869647854980e+02	2.736373932991706e+03	
10	2.287533698989623e+02	2.141702277793023e+03	
27	1.721490057901902e+02	2.669726689303683e+03	
28	1.085464033710099e+02	2.506057642875743e+03	
38	1.818383619056951e+02	2.022832046334545e+03	
43	1.210863525172472e+02	2.164542347764525e+03	
57	2.165797044432553e+02	1.881900882751888e+03	
68	4.706534820034818e+02	1.648621376546260e+03	
77	1.732062205618313e+02	2.051142393579034e+03	
% instance = 9, name = bbob_f014_i19_d40__bbob_f015_i21_d40
% function evaluation | 2 objectives 
1	4.533477742935628e+02	4.868654361398387e+03	
3	2.770506044223476e+02	3.434550573882661e+03	
5	2.394534408240854e+02	4.151617816866398e+03	
13	1.992836363958708e+02	1.499793438526589e+04	
16	1.853608614633264e+02	4.100921641293546e+03	
17	2.036312632465654e+02	2.958359479010658e+03	
30	1.967055016829607e+02	3.978628961311529e+03	
45	5.849615532365024e+02	2.801591185682080e+03	
55	1.800862075340464e+02	3.934416003678582e+03	
65	7.084717785026861e+02	2.607136460778539e+03	
66	5.601282320163672e+02	2.774963009958050e+03	
% instance = 10, name = bbob_f014_i21_d40__bbob_f015_i22_d40
% function evaluation | 2 objectives 
1	5.179386151064688e+02	2.902942404931726e+03	
2	2.975977823303767e+02	6.870198327198328e+03	
3	2.663594318206772e+02	3.706773005419095e+03	
8	5.133529714169476e+02	2.974185320149712e+03	
14	1.889900538014864e+02	6.085411701731962e+03	
15	1.854108740316744e+02	9.052226003639442e+03	
18	2.799522500448647e+02	3.645471650448885e+03	
22	3.228650837224609e+02	3.184787868863537e+03	
25	2.400077748349804e+02	3.467859408815169e+03	
26	4.139687014003466e+02	2.380104708760734e+03	
27	1.717375667418442e+02	3.338048054183238e+03	
30	1.247897575830437e+02	3.962563045078355e+03	
31	2.266821911734731e+02	2.484433822872056e+03	
38	1.026570848207050e+02	4.086870703704785e+03	
40	4.199827208892888e+02	2.046129506849444e+03	
45	9.598348115775190e+01	3.398070833506233e+03	
59	2.035684721063819e+02	2.663758048574556e+03	
