% instance = 1, name = bbob_f002_i02_d05__bbob_f013_i04_d05
% function evaluation | 2 objectives | 5 variables
1	1.048257518342726e+07	1.304124951611094e+03	3.69838651e+00	1.17868371e+00	2.13308230e+00	-1.54466279e+00	3.21228504e+00	
2	7.451942126048976e+05	1.990466268896899e+03	1.00967553e+00	-8.56550696e-01	7.09471002e-02	3.01232920e+00	1.50496687e-02	
8	3.552503490922359e+06	1.776669448443286e+03	-4.02033013e+00	1.72379929e+00	2.40744026e+00	1.80268659e+00	-1.77936778e+00	
% instance = 2, name = bbob_f002_i03_d05__bbob_f013_i05_d05
% function evaluation | 2 objectives | 5 variables
1	4.156510999186395e+07	1.113947971263339e+03	3.69838651e+00	1.17868371e+00	2.13308230e+00	-1.54466279e+00	3.21228504e+00	
2	9.965646445446266e+06	1.011320893737249e+03	1.00967553e+00	-8.56550696e-01	7.09471002e-02	3.01232920e+00	1.50496687e-02	
4	4.713148862477575e+05	1.940827991276486e+03	-3.66696002e+00	-2.75778991e+00	3.46276250e+00	1.68641129e+00	-3.21077456e+00	
5	9.257693867010987e+04	9.188634150464443e+02	3.80160537e+00	3.09018580e+00	2.05256524e+00	-3.06284170e-01	-3.12702245e+00	
% instance = 3, name = bbob_f002_i07_d05__bbob_f013_i08_d05
% function evaluation | 2 objectives | 5 variables
1	3.800772240590895e+05	6.515440092007270e+01	3.69838651e+00	1.17868371e+00	2.13308230e+00	-1.54466279e+00	3.21228504e+00	
% instance = 4, name = bbob_f002_i09_d05__bbob_f013_i10_d05
% function evaluation | 2 objectives | 5 variables
1	1.128653080547686e+06	1.330625827298198e+03	3.69838651e+00	1.17868371e+00	2.13308230e+00	-1.54466279e+00	3.21228504e+00	
7	4.537868787678365e+07	1.033650469059779e+03	-3.79573636e+00	3.25988744e+00	6.08063478e-02	-3.88380970e+00	-4.77025286e+00	
10	1.474622089352148e+07	1.279883675142030e+03	-3.87371322e+00	3.38691965e+00	-3.05343055e+00	8.79569963e-01	-1.53397246e+00	
% instance = 5, name = bbob_f002_i11_d05__bbob_f013_i12_d05
% function evaluation | 2 objectives | 5 variables
1	5.051240437179303e+07	1.641746412181982e+03	3.69838651e+00	1.17868371e+00	2.13308230e+00	-1.54466279e+00	3.21228504e+00	
2	1.286532206377601e+07	9.510226120117958e+02	1.00967553e+00	-8.56550696e-01	7.09471002e-02	3.01232920e+00	1.50496687e-02	
4	2.293447093295929e+05	2.714985678450385e+03	-3.66696002e+00	-2.75778991e+00	3.46276250e+00	1.68641129e+00	-3.21077456e+00	
5	2.126941064263377e+05	1.523158106185692e+03	3.80160537e+00	3.09018580e+00	2.05256524e+00	-3.06284170e-01	-3.12702245e+00	
6	3.221437120741194e+06	1.131344785241212e+03	3.09109369e+00	-1.38020177e-01	-4.11748831e+00	9.90791217e-01	-1.73217382e+00	
9	4.027935556317040e+04	2.274973719017812e+03	-2.66793095e+00	-1.23218149e+00	-3.68198521e+00	4.53000990e-01	-3.52038132e+00	
% instance = 6, name = bbob_f002_i13_d05__bbob_f013_i14_d05
% function evaluation | 2 objectives | 5 variables
1	2.434760895472552e+07	1.895135607569186e+03	3.69838651e+00	1.17868371e+00	2.13308230e+00	-1.54466279e+00	3.21228504e+00	
2	3.956118289183581e+06	1.787531430114842e+03	1.00967553e+00	-8.56550696e-01	7.09471002e-02	3.01232920e+00	1.50496687e-02	
3	5.853584009244036e+06	1.288882950911456e+03	-5.01498795e-01	6.43283104e-01	-4.35973793e+00	2.22170005e+00	3.85125057e-01	
4	3.231855432308295e+06	1.267133743042780e+03	-3.66696002e+00	-2.75778991e+00	3.46276250e+00	1.68641129e+00	-3.21077456e+00	
5	2.477448503554434e+06	2.417926964619633e+03	3.80160537e+00	3.09018580e+00	2.05256524e+00	-3.06284170e-01	-3.12702245e+00	
6	5.227904939903971e+05	1.757716663926246e+03	3.09109369e+00	-1.38020177e-01	-4.11748831e+00	9.90791217e-01	-1.73217382e+00	
7	8.615259945087878e+06	9.490535457250892e+02	-3.79573636e+00	3.25988744e+00	6.08063478e-02	-3.88380970e+00	-4.77025286e+00	
8	7.604553722479742e+05	1.254923069411608e+03	-4.02033013e+00	1.72379929e+00	2.40744026e+00	1.80268659e+00	-1.77936778e+00	
9	3.777445229424817e+06	1.224823789452898e+03	-2.66793095e+00	-1.23218149e+00	-3.68198521e+00	4.53000990e-01	-3.52038132e+00	
10	5.419893715165042e+05	1.187511822174008e+03	-3.87371322e+00	3.38691965e+00	-3.05343055e+00	8.79569963e-01	-1.53397246e+00	
% instance = 7, name = bbob_f002_i15_d05__bbob_f013_i16_d05
% function evaluation | 2 objectives | 5 variables
1	2.436208661231989e+07	1.899320809188051e+03	3.69838651e+00	1.17868371e+00	2.13308230e+00	-1.54466279e+00	3.21228504e+00	
2	2.909316305538081e+06	1.643969291630425e+03	1.00967553e+00	-8.56550696e-01	7.09471002e-02	3.01232920e+00	1.50496687e-02	
3	4.990108276001963e+06	8.721971498979655e+02	-5.01498795e-01	6.43283104e-01	-4.35973793e+00	2.22170005e+00	3.85125057e-01	
4	2.601790597978927e+06	1.777011438210235e+03	-3.66696002e+00	-2.75778991e+00	3.46276250e+00	1.68641129e+00	-3.21077456e+00	
5	2.307227921331694e+06	1.616264738263764e+03	3.80160537e+00	3.09018580e+00	2.05256524e+00	-3.06284170e-01	-3.12702245e+00	
6	3.713723092216147e+03	1.396154528799720e+03	3.09109369e+00	-1.38020177e-01	-4.11748831e+00	9.90791217e-01	-1.73217382e+00	
9	3.431855035259686e+06	1.193133506314408e+03	-2.66793095e+00	-1.23218149e+00	-3.68198521e+00	4.53000990e-01	-3.52038132e+00	
10	5.259938030823144e+04	1.253179833125241e+03	-3.87371322e+00	3.38691965e+00	-3.05343055e+00	8.79569963e-01	-1.53397246e+00	
% instance = 8, name = bbob_f002_i17_d05__bbob_f013_i18_d05
% function evaluation | 2 objectives | 5 variables
1	2.456678576139819e+06	7.002062018495251e+02	3.69838651e+00	1.17868371e+00	2.13308230e+00	-1.54466279e+00	3.21228504e+00	
3	1.941447786361793e+06	1.390776905992585e+03	-5.01498795e-01	6.43283104e-01	-4.35973793e+00	2.22170005e+00	3.85125057e-01	
% instance = 9, name = bbob_f002_i19_d05__bbob_f013_i21_d05
% function evaluation | 2 objectives | 5 variables
1	4.454847958069368e+07	7.555679244087014e+02	3.69838651e+00	1.17868371e+00	2.13308230e+00	-1.54466279e+00	3.21228504e+00	
2	9.971978452881170e+06	1.406788810381855e+03	1.00967553e+00	-8.56550696e-01	7.09471002e-02	3.01232920e+00	1.50496687e-02	
4	9.143065393561450e+03	1.660518884504182e+03	-3.66696002e+00	-2.75778991e+00	3.46276250e+00	1.68641129e+00	-3.21077456e+00	
5	1.936583878553470e+05	7.955784396626256e+02	3.80160537e+00	3.09018580e+00	2.05256524e+00	-3.06284170e-01	-3.12702245e+00	
% instance = 10, name = bbob_f002_i21_d05__bbob_f013_i22_d05
% function evaluation | 2 objectives | 5 variables
1	5.657249460519128e+07	8.842418398958640e+02	3.69838651e+00	1.17868371e+00	2.13308230e+00	-1.54466279e+00	3.21228504e+00	
2	1.593514891470833e+07	8.073114520072265e+02	1.00967553e+00	-8.56550696e-01	7.09471002e-02	3.01232920e+00	1.50496687e-02	
4	5.592047042930893e+05	1.862789162578096e+03	-3.66696002e+00	-2.75778991e+00	3.46276250e+00	1.68641129e+00	-3.21077456e+00	
5	6.890962285448040e+05	1.178461081661404e+03	3.80160537e+00	3.09018580e+00	2.05256524e+00	-3.06284170e-01	-3.12702245e+00	
7	1.318301245150132e+06	1.105141267497172e+03	-3.79573636e+00	3.25988744e+00	6.08063478e-02	-3.88380970e+00	-4.77025286e+00	
8	5.299530685219041e+06	9.863210450677454e+02	-4.02033013e+00	1.72379929e+00	2.40744026e+00	1.80268659e+00	-1.77936778e+00	
9	1.995255187100130e+05	1.274292745963483e+03	-2.66793095e+00	-1.23218149e+00	-3.68198521e+00	4.53000990e-01	-3.52038132e+00	
10	6.674453283256330e+06	8.330212210221503e+02	-3.87371322e+00	3.38691965e+00	-3.05343055e+00	8.79569963e-01	-1.53397246e+00	
