% instance = 1, name = bbob_f015_i02_d03__bbob_f015_i04_d03
% function evaluation | 2 objectives | 3 variables
1	3.574750780482176e+02	2.273008638300529e+03	3.69838651e+00	1.17868371e+00	2.13308230e+00	
2	8.289744449890615e+02	1.885343967281912e+03	-1.54466279e+00	3.21228504e+00	1.00967553e+00	
3	6.264461173003315e+02	5.671490984463373e+02	-8.56550696e-01	7.09471002e-02	3.01232920e+00	
4	2.037695304625274e+02	3.112985016496896e+02	1.50496687e-02	-5.01498795e-01	6.43283104e-01	
6	5.758575526944594e+02	7.213719690543292e+01	-3.66696002e+00	-2.75778991e+00	3.46276250e+00	
% instance = 2, name = bbob_f015_i03_d03__bbob_f015_i05_d03
% function evaluation | 2 objectives | 3 variables
1	3.583158540588583e+03	-1.134476946353541e+01	3.69838651e+00	1.17868371e+00	2.13308230e+00	
2	3.473514967041034e+02	-5.548529687184015e+01	-1.54466279e+00	3.21228504e+00	1.00967553e+00	
4	2.106235174686450e+02	-4.060301782650647e+01	1.50496687e-02	-5.01498795e-01	6.43283104e-01	
5	2.635707411361831e+01	7.268607786531845e+01	-4.35973793e+00	2.22170005e+00	3.85125057e-01	
% instance = 3, name = bbob_f015_i07_d03__bbob_f015_i08_d03
% function evaluation | 2 objectives | 3 variables
1	3.522247219429789e+02	-5.106714152175311e+01	3.69838651e+00	1.17868371e+00	2.13308230e+00	
2	3.039743309200726e+02	-3.000251080068533e+01	-1.54466279e+00	3.21228504e+00	1.00967553e+00	
3	4.847529746262239e+02	-9.101210296296799e+01	-8.56550696e-01	7.09471002e-02	3.01232920e+00	
4	3.854210746769811e+02	-5.910805319925045e+01	1.50496687e-02	-5.01498795e-01	6.43283104e-01	
% instance = 4, name = bbob_f015_i09_d03__bbob_f015_i10_d03
% function evaluation | 2 objectives | 3 variables
1	3.313892955573842e+02	6.124101636921933e+03	3.69838651e+00	1.17868371e+00	2.13308230e+00	
2	2.968990458371707e+02	1.880438971151289e+03	-1.54466279e+00	3.21228504e+00	1.00967553e+00	
4	2.131279271962970e+02	1.421098803814696e+03	1.50496687e-02	-5.01498795e-01	6.43283104e-01	
5	2.090113874345907e+02	1.244792966585690e+03	-4.35973793e+00	2.22170005e+00	3.85125057e-01	
6	1.560855769578714e+03	1.226971293975605e+03	-3.66696002e+00	-2.75778991e+00	3.46276250e+00	
% instance = 5, name = bbob_f015_i11_d03__bbob_f015_i12_d03
% function evaluation | 2 objectives | 3 variables
1	2.707453208324656e+02	7.393687314164596e+02	3.69838651e+00	1.17868371e+00	2.13308230e+00	
3	4.079815596291823e+01	8.040651103058358e+02	-8.56550696e-01	7.09471002e-02	3.01232920e+00	
4	1.021470415751747e+02	6.989757952292696e+02	1.50496687e-02	-5.01498795e-01	6.43283104e-01	
6	1.237268065951943e+01	8.085579014763657e+02	-3.66696002e+00	-2.75778991e+00	3.46276250e+00	
% instance = 6, name = bbob_f015_i13_d03__bbob_f015_i14_d03
% function evaluation | 2 objectives | 3 variables
1	2.441417472842521e+02	-3.496482919817720e+01	3.69838651e+00	1.17868371e+00	2.13308230e+00	
2	1.929501385374455e+02	-2.058179223963269e+02	-1.54466279e+00	3.21228504e+00	1.00967553e+00	
% instance = 7, name = bbob_f015_i15_d03__bbob_f015_i16_d03
% function evaluation | 2 objectives | 3 variables
1	-2.227945229198073e+02	3.344576077611263e+02	3.69838651e+00	1.17868371e+00	2.13308230e+00	
2	-2.311159095935923e+02	4.551872965485659e+02	-1.54466279e+00	3.21228504e+00	1.00967553e+00	
3	-2.740456506518572e+02	3.450579345720329e+02	-8.56550696e-01	7.09471002e-02	3.01232920e+00	
4	-3.322248071335833e+02	2.819368707475196e+02	1.50496687e-02	-5.01498795e-01	6.43283104e-01	
% instance = 8, name = bbob_f015_i17_d03__bbob_f015_i18_d03
% function evaluation | 2 objectives | 3 variables
1	4.063920826583799e+02	1.060054770476826e+03	3.69838651e+00	1.17868371e+00	2.13308230e+00	
2	2.161392023608888e+02	6.780830775150520e+01	-1.54466279e+00	3.21228504e+00	1.00967553e+00	
3	2.550314404897532e+02	-5.136981971134549e+01	-8.56550696e-01	7.09471002e-02	3.01232920e+00	
% instance = 9, name = bbob_f015_i19_d03__bbob_f015_i21_d03
% function evaluation | 2 objectives | 3 variables
1	6.061617228139664e+02	1.861341219725269e+02	3.69838651e+00	1.17868371e+00	2.13308230e+00	
2	6.891923564742442e+02	1.791909008283071e+02	-1.54466279e+00	3.21228504e+00	1.00967553e+00	
3	3.370360525516711e+02	1.568598565446339e+02	-8.56550696e-01	7.09471002e-02	3.01232920e+00	
6	2.291165211092056e+02	3.090461055746686e+02	-3.66696002e+00	-2.75778991e+00	3.46276250e+00	
% instance = 10, name = bbob_f015_i21_d03__bbob_f015_i22_d03
% function evaluation | 2 objectives | 3 variables
1	1.861341219725269e+02	3.600626113321212e+02	3.69838651e+00	1.17868371e+00	2.13308230e+00	
2	1.791909008283071e+02	2.480865997889168e+02	-1.54466279e+00	3.21228504e+00	1.00967553e+00	
3	1.568598565446339e+02	5.552028912277447e+02	-8.56550696e-01	7.09471002e-02	3.01232920e+00	
