% instance = 1, name = bbob_f002_i02_d40__bbob_f021_i04_d40
% function evaluation | 2 objectives 
1	7.194558399486345e+07	5.369329777016856e+01	
2	3.887235979105789e+07	5.375794594569706e+01	
3	7.555634483639181e+06	5.357574964108106e+01	
8	6.690233584219538e+07	5.182259705883659e+01	
18	5.581342288830128e+07	5.320508911873738e+01	
19	4.260037645609897e+07	5.335674877761410e+01	
23	1.853508096807664e+07	5.350677744615722e+01	
26	4.381460404662465e+07	5.308922971540309e+01	
27	5.664007202945986e+07	5.298718114781646e+01	
34	5.453915573033322e+07	5.301939809986823e+01	
35	1.116640506841172e+07	5.321105488173978e+01	
39	1.874404590583596e+07	5.255609161608623e+01	
% instance = 2, name = bbob_f002_i03_d40__bbob_f021_i05_d40
% function evaluation | 2 objectives 
1	3.718535650736675e+07	6.015279900020097e+02	
3	3.857067234827032e+07	6.015183603166196e+02	
4	1.271822456870913e+07	6.018406590902750e+02	
5	2.280176542023055e+07	6.017586697752448e+02	
8	1.569645544112598e+07	6.017348835377389e+02	
9	2.643289052918004e+07	6.006971275217279e+02	
17	8.054839476594736e+07	6.001300930066465e+02	
20	1.845843598727283e+07	6.013902239504639e+02	
22	1.204000207611752e+07	6.014977884128426e+02	
26	5.911834744112541e+07	5.995320549109590e+02	
28	1.640037773598525e+07	6.014821948777021e+02	
42	1.848033729329324e+07	6.005568127464172e+02	
63	3.050471980194735e+07	6.001452654323700e+02	
73	1.385759909431740e+07	6.009022574144537e+02	
74	2.111053197984156e+07	5.999065503410687e+02	
% instance = 3, name = bbob_f002_i07_d40__bbob_f021_i08_d40
% function evaluation | 2 objectives 
1	1.492071358713180e+07	-3.823236226510497e+02	
4	2.922696580053687e+07	-3.838009442673812e+02	
8	2.408447108032564e+07	-3.824946111849975e+02	
9	3.967003561649171e+07	-3.838143717853887e+02	
27	1.333169334661962e+07	-3.821634122523234e+02	
30	1.902595866572622e+07	-3.824762068913437e+02	
58	4.683237697519784e+07	-3.842050544704310e+02	
63	1.735206902986982e+07	-3.876501222073269e+02	
% instance = 4, name = bbob_f002_i09_d40__bbob_f021_i10_d40
% function evaluation | 2 objectives 
1	2.661018690922511e+07	3.722976780164372e+02	
4	2.309215121630691e+07	3.725025579738707e+02	
9	2.442585940584385e+07	3.720932827726620e+02	
20	2.246664900079045e+07	3.725683982043935e+02	
23	3.892055122902997e+07	3.717192310369136e+02	
27	9.138692384223130e+06	3.720207322922861e+02	
43	1.872478146146303e+07	3.712759258296797e+02	
48	1.854191909952214e+07	3.719652051379339e+02	
58	2.814618878927314e+07	3.712252123760593e+02	
% instance = 5, name = bbob_f002_i11_d40__bbob_f021_i12_d40
% function evaluation | 2 objectives 
1	3.263813962077877e+07	-1.115071267850776e+02	
3	2.112221244765465e+07	-1.097016971033948e+02	
4	3.242531868940300e+07	-1.099010955125882e+02	
14	1.959039431638568e+07	-1.094719486485794e+02	
19	1.814229757210899e+07	-1.094395938685271e+02	
23	9.592340948050752e+06	-1.096166816451043e+02	
27	1.858599153225799e+07	-1.099572849330334e+02	
39	2.332619233704721e+07	-1.100464151791486e+02	
43	1.986647967827174e+07	-1.103011733027979e+02	
47	2.290154302134329e+07	-1.106093136479017e+02	
65	2.200398234299491e+07	-1.108004571828640e+02	
79	1.167265650768661e+07	-1.096550238840928e+02	
% instance = 6, name = bbob_f002_i13_d40__bbob_f021_i14_d40
% function evaluation | 2 objectives 
1	4.138564082192368e+07	-4.151404824950096e+02	
2	2.093180902128126e+07	-4.124888808825710e+02	
3	2.486852951043447e+07	-4.126624115325955e+02	
9	3.538228395204180e+07	-4.129587763860235e+02	
12	1.580583464999490e+07	-4.123123220881697e+02	
14	2.529323269267695e+07	-4.127113156708457e+02	
17	1.940193541680323e+07	-4.123879375819920e+02	
23	1.825479982553162e+07	-4.125283213434100e+02	
27	1.682246068808962e+07	-4.126869731920013e+02	
30	3.553455862408938e+07	-4.141071207501626e+02	
38	1.520493959677479e+07	-4.127047826588068e+02	
44	2.952985254466851e+07	-4.129173245803428e+02	
49	1.515001699594388e+07	-4.121693127479217e+02	
59	2.053165278429114e+07	-4.133978326504965e+02	
% instance = 7, name = bbob_f002_i15_d40__bbob_f021_i16_d40
% function evaluation | 2 objectives 
1	3.200086077655617e+07	1.134688669156350e+02	
2	3.069917776126462e+07	1.139993216112837e+02	
3	3.107474660550926e+07	1.137479159403286e+02	
4	1.723872118844843e+07	1.134962180107742e+02	
8	4.032632714312305e+07	1.132992831317674e+02	
9	2.529059977250962e+07	1.129504273565459e+02	
21	2.926561840341986e+07	1.125120484385819e+02	
22	2.222933220952435e+07	1.131744160920880e+02	
25	5.462123131931435e+07	1.117965209775020e+02	
27	1.326041841660668e+07	1.132707776086510e+02	
38	1.997724061353000e+07	1.128466846489750e+02	
40	6.308672934923790e+06	1.133340825467338e+02	
63	2.709153669672774e+07	1.128376859436144e+02	
69	2.134289610766754e+07	1.125655801825956e+02	
76	7.187985905825716e+06	1.123831438419760e+02	
77	4.759710450517187e+07	1.114249455230447e+02	
% instance = 8, name = bbob_f002_i17_d40__bbob_f021_i18_d40
% function evaluation | 2 objectives 
1	4.819604192201211e+07	-7.392862647338723e+02	
2	3.036643461106621e+07	-7.388512683687976e+02	
3	1.753123066843069e+07	-7.393227859188710e+02	
4	1.481817194935890e+07	-7.390237555562728e+02	
10	5.933681702669387e+07	-7.393378792260819e+02	
20	4.194568396513785e+07	-7.396459687595274e+02	
22	9.666401446558647e+06	-7.387028546704935e+02	
28	1.189748332838270e+07	-7.390122148162175e+02	
32	3.346484268087582e+07	-7.394764578157490e+02	
40	3.156481755820428e+07	-7.407523969261596e+02	
% instance = 9, name = bbob_f002_i19_d40__bbob_f021_i21_d40
% function evaluation | 2 objectives 
1	5.062484218167207e+07	-1.284584100850583e+02	
2	4.660763516700695e+07	-1.281532206326896e+02	
3	1.231361910221791e+07	-1.284241890967418e+02	
5	4.545233338326741e+07	-1.284326366187435e+02	
7	8.472461298517391e+07	-1.289320229138456e+02	
16	3.852776770058159e+07	-1.291081011421875e+02	
18	3.327675171416218e+07	-1.298168443083072e+02	
20	5.214634109167562e+07	-1.300066672134194e+02	
22	2.311278762785488e+07	-1.291010920536168e+02	
26	1.988256260450820e+07	-1.287027806313880e+02	
32	2.594771358411350e+07	-1.303883415725590e+02	
35	1.056644587582211e+07	-1.282707130102076e+02	
44	1.921232327899992e+07	-1.285715830311989e+02	
62	4.857916662337721e+07	-1.309175774311566e+02	
65	1.409287822322703e+07	-1.289318257848878e+02	
72	1.042068076506266e+08	-1.313838519760704e+02	
% instance = 10, name = bbob_f002_i21_d40__bbob_f021_i22_d40
% function evaluation | 2 objectives 
1	5.249388385347325e+07	3.590405097946722e+02	
2	4.519250365913825e+07	3.590680745662012e+02	
3	2.445422352516156e+07	3.589929226271391e+02	
4	4.468334165543042e+07	3.589596027299568e+02	
6	1.664988737501564e+07	3.591469589237697e+02	
7	8.670214386270109e+07	3.588143026857215e+02	
8	7.173617186750264e+07	3.582038500526149e+02	
9	8.321413506189968e+07	3.569268496933915e+02	
12	2.431089349390065e+07	3.589936632562371e+02	
14	1.529040203830470e+07	3.587209157925713e+02	
16	5.753388836152978e+07	3.587182561800240e+02	
17	2.652768790606934e+07	3.584934225944795e+02	
23	7.612756358841613e+06	3.583191217668308e+02	
51	4.802759872839776e+07	3.582286007514780e+02	
63	4.614215018316767e+07	3.582170986378245e+02	
69	5.440201417917878e+07	3.567209484831805e+02	
