% instance = 1, name = bbob_f001_i02_d05__bbob_f008_i04_d05
% function evaluation | 2 objectives | 5 variables
1	5.392209313270785e+02	8.042651837248399e+04	3.69838651e+00	1.17868371e+00	2.13308230e+00	-1.54466279e+00	3.21228504e+00	
2	4.392190886436089e+02	1.586088340465084e+05	1.00967553e+00	-8.56550696e-01	7.09471002e-02	3.01232920e+00	1.50496687e-02	
3	4.218767457497569e+02	9.574719781421994e+04	-5.01498795e-01	6.43283104e-01	-4.35973793e+00	2.22170005e+00	3.85125057e-01	
6	4.662192259474636e+02	7.348780022965229e+04	3.09109369e+00	-1.38020177e-01	-4.11748831e+00	9.90791217e-01	-1.73217382e+00	
7	5.396065817176209e+02	6.008482392298496e+04	-3.79573636e+00	3.25988744e+00	6.08063478e-02	-3.88380970e+00	-4.77025286e+00	
9	4.298594148718080e+02	3.051527980232057e+04	-2.66793095e+00	-1.23218149e+00	-3.68198521e+00	4.53000990e-01	-3.52038132e+00	
% instance = 2, name = bbob_f001_i03_d05__bbob_f008_i05_d05
% function evaluation | 2 objectives | 5 variables
1	-1.375375876300153e+02	2.898476222374113e+04	3.69838651e+00	1.17868371e+00	2.13308230e+00	-1.54466279e+00	3.21228504e+00	
2	-1.676526151747578e+02	1.076525434841727e+05	1.00967553e+00	-8.56550696e-01	7.09471002e-02	3.01232920e+00	1.50496687e-02	
3	-1.754856906488530e+02	2.120033332629604e+05	-5.01498795e-01	6.43283104e-01	-4.35973793e+00	2.22170005e+00	3.85125057e-01	
4	-1.921387056913997e+02	1.208550546870332e+05	-3.66696002e+00	-2.75778991e+00	3.46276250e+00	1.68641129e+00	-3.21077456e+00	
7	-2.343716251053904e+02	2.223507449363968e+05	-3.79573636e+00	3.25988744e+00	6.08063478e-02	-3.88380970e+00	-4.77025286e+00	
8	-2.032222063804348e+02	1.625304898404437e+05	-4.02033013e+00	1.72379929e+00	2.40744026e+00	1.80268659e+00	-1.77936778e+00	
9	-2.174751279610476e+02	1.310064593128552e+05	-2.66793095e+00	-1.23218149e+00	-3.68198521e+00	4.53000990e-01	-3.52038132e+00	
% instance = 3, name = bbob_f001_i07_d05__bbob_f008_i08_d05
% function evaluation | 2 objectives | 5 variables
1	-9.771649211459110e+02	3.271101409298209e+05	3.69838651e+00	1.17868371e+00	2.13308230e+00	-1.54466279e+00	3.21228504e+00	
2	-9.757607741690100e+02	8.185222475639556e+04	1.00967553e+00	-8.56550696e-01	7.09471002e-02	3.01232920e+00	1.50496687e-02	
4	-9.161197338061420e+02	1.166677665577696e+04	-3.66696002e+00	-2.75778991e+00	3.46276250e+00	1.68641129e+00	-3.21077456e+00	
8	-9.436473509165403e+02	8.015357905391113e+04	-4.02033013e+00	1.72379929e+00	2.40744026e+00	1.80268659e+00	-1.77936778e+00	
9	-9.274990721534136e+02	6.828860730898239e+04	-2.66793095e+00	-1.23218149e+00	-3.68198521e+00	4.53000990e-01	-3.52038132e+00	
% instance = 4, name = bbob_f001_i09_d05__bbob_f008_i10_d05
% function evaluation | 2 objectives | 5 variables
1	-5.172404894848582e+01	9.131104503763079e+04	3.69838651e+00	1.17868371e+00	2.13308230e+00	-1.54466279e+00	3.21228504e+00	
2	-3.698766681470124e+01	4.747470679237906e+03	1.00967553e+00	-8.56550696e-01	7.09471002e-02	3.01232920e+00	1.50496687e-02	
3	-1.122568588555561e+01	1.300268476494857e+03	-5.01498795e-01	6.43283104e-01	-4.35973793e+00	2.22170005e+00	3.85125057e-01	
5	-8.910699651250152e+01	7.807325957525348e+04	3.80160537e+00	3.09018580e+00	2.05256524e+00	-3.06284170e-01	-3.12702245e+00	
8	-4.166147409072855e+01	6.973550794940445e+04	-4.02033013e+00	1.72379929e+00	2.40744026e+00	1.80268659e+00	-1.77936778e+00	
% instance = 5, name = bbob_f001_i11_d05__bbob_f008_i12_d05
% function evaluation | 2 objectives | 5 variables
1	2.508297571268885e+02	1.584290368201731e+05	3.69838651e+00	1.17868371e+00	2.13308230e+00	-1.54466279e+00	3.21228504e+00	
2	2.546966456650940e+02	1.761921414365354e+04	1.00967553e+00	-8.56550696e-01	7.09471002e-02	3.01232920e+00	1.50496687e-02	
4	3.204696026889758e+02	1.545348677294844e+04	-3.66696002e+00	-2.75778991e+00	3.46276250e+00	1.68641129e+00	-3.21077456e+00	
8	3.340068188419917e+02	7.335987990760627e+03	-4.02033013e+00	1.72379929e+00	2.40744026e+00	1.80268659e+00	-1.77936778e+00	
% instance = 6, name = bbob_f001_i13_d05__bbob_f008_i14_d05
% function evaluation | 2 objectives | 5 variables
1	2.382043941743134e+01	1.383845982061184e+05	3.69838651e+00	1.17868371e+00	2.13308230e+00	-1.54466279e+00	3.21228504e+00	
2	-3.618549460021452e+01	8.546053058449716e+03	1.00967553e+00	-8.56550696e-01	7.09471002e-02	3.01232920e+00	1.50496687e-02	
4	-5.208748153659582e+01	6.162912025613599e+04	-3.66696002e+00	-2.75778991e+00	3.46276250e+00	1.68641129e+00	-3.21077456e+00	
7	-5.464585295187629e+01	1.988606463847270e+05	-3.79573636e+00	3.25988744e+00	6.08063478e-02	-3.88380970e+00	-4.77025286e+00	
8	-6.753362948284214e+01	4.910929979173525e+04	-4.02033013e+00	1.72379929e+00	2.40744026e+00	1.80268659e+00	-1.77936778e+00	
9	-5.576113971148519e+01	5.250654359552418e+03	-2.66793095e+00	-1.23218149e+00	-3.68198521e+00	4.53000990e-01	-3.52038132e+00	
% instance = 7, name = bbob_f001_i15_d05__bbob_f008_i16_d05
% function evaluation | 2 objectives | 5 variables
1	3.387026772848192e+02	2.185351754278020e+05	3.69838651e+00	1.17868371e+00	2.13308230e+00	-1.54466279e+00	3.21228504e+00	
2	2.734828022966710e+02	1.662581183829118e+05	1.00967553e+00	-8.56550696e-01	7.09471002e-02	3.01232920e+00	1.50496687e-02	
3	2.530813820653708e+02	8.324033264484938e+04	-5.01498795e-01	6.43283104e-01	-4.35973793e+00	2.22170005e+00	3.85125057e-01	
7	2.755685153804724e+02	2.585934478690064e+04	-3.79573636e+00	3.25988744e+00	6.08063478e-02	-3.88380970e+00	-4.77025286e+00	
9	2.230294139725147e+02	2.509414869103420e+04	-2.66793095e+00	-1.23218149e+00	-3.68198521e+00	4.53000990e-01	-3.52038132e+00	
% instance = 8, name = bbob_f001_i17_d05__bbob_f008_i18_d05
% function evaluation | 2 objectives | 5 variables
1	-2.165822183052509e+02	2.785773685070390e+05	3.69838651e+00	1.17868371e+00	2.13308230e+00	-1.54466279e+00	3.21228504e+00	
2	-2.736421457370190e+02	3.812112549965872e+04	1.00967553e+00	-8.56550696e-01	7.09471002e-02	3.01232920e+00	1.50496687e-02	
4	-2.581904863271344e+02	3.448898570893561e+03	-3.66696002e+00	-2.75778991e+00	3.46276250e+00	1.68641129e+00	-3.21077456e+00	
% instance = 9, name = bbob_f001_i19_d05__bbob_f008_i21_d05
% function evaluation | 2 objectives | 5 variables
1	-1.006742711514455e+02	1.867567192002837e+04	3.69838651e+00	1.17868371e+00	2.13308230e+00	-1.54466279e+00	3.21228504e+00	
2	-1.664083867358067e+02	4.732287792947640e+04	1.00967553e+00	-8.56550696e-01	7.09471002e-02	3.01232920e+00	1.50496687e-02	
6	-1.595091086231398e+02	3.719909515057148e+04	3.09109369e+00	-1.38020177e-01	-4.11748831e+00	9.90791217e-01	-1.73217382e+00	
9	-1.453543564103930e+02	3.100476924379235e+04	-2.66793095e+00	-1.23218149e+00	-3.68198521e+00	4.53000990e-01	-3.52038132e+00	
% instance = 10, name = bbob_f001_i21_d05__bbob_f008_i22_d05
% function evaluation | 2 objectives | 5 variables
1	-1.158366890084368e+02	3.204069554616517e+05	3.69838651e+00	1.17868371e+00	2.13308230e+00	-1.54466279e+00	3.21228504e+00	
2	-8.918080560307661e+01	8.463588534065020e+04	1.00967553e+00	-8.56550696e-01	7.09471002e-02	3.01232920e+00	1.50496687e-02	
3	-8.259929118222928e+01	3.379278891275204e+04	-5.01498795e-01	6.43283104e-01	-4.35973793e+00	2.22170005e+00	3.85125057e-01	
8	-3.932090738807386e+01	1.977054572055168e+04	-4.02033013e+00	1.72379929e+00	2.40744026e+00	1.80268659e+00	-1.77936778e+00	
9	-1.409016070597878e+01	7.806316873254311e+03	-2.66793095e+00	-1.23218149e+00	-3.68198521e+00	4.53000990e-01	-3.52038132e+00	
