% instance = 1, name = bbob_f015_i02_d20__bbob_f015_i04_d20
% function evaluation | 2 objectives 
1	3.728973183729100e+03	1.145452177085533e+03	
2	2.815265124551052e+03	3.650530912771540e+03	
3	1.302874153963579e+03	3.008777126172211e+03	
5	2.842988632402006e+03	1.396832953773831e+03	
9	2.261096735342450e+03	1.361107774001191e+03	
11	1.442434622600269e+03	1.516937969187382e+03	
15	1.409016766624565e+03	2.513096286223192e+03	
17	1.401591961089104e+03	1.184795001284032e+03	
19	1.282566708632013e+03	2.894107375497820e+03	
20	4.372298276094022e+03	9.705913998309504e+02	
29	1.252595045996763e+03	4.619023861520333e+04	
33	1.117765300504283e+03	2.262480914667365e+03	
35	9.157406966165280e+02	1.528300602079046e+03	
38	1.277152937634927e+03	1.353959330525035e+03	
40	2.491911366737409e+03	6.990544806298388e+02	
% instance = 2, name = bbob_f015_i03_d20__bbob_f015_i05_d20
% function evaluation | 2 objectives 
1	3.692009853428732e+03	2.566071629603528e+03	
2	2.067702967736421e+03	4.458491637146131e+03	
3	1.925062207870158e+03	2.961407795380597e+03	
5	4.058629658798267e+03	1.039471771911965e+03	
6	1.315859215234565e+03	2.019942976862533e+03	
9	1.247264548040470e+03	1.510086033930030e+03	
10	1.310938327362591e+03	1.371801005603049e+03	
16	3.006803206857522e+03	1.110823764445924e+03	
18	1.216754445463594e+03	6.082220838404198e+02	
20	1.137844910857968e+03	2.699122583930311e+03	
30	1.025743284936479e+03	2.011717463272656e+03	
38	7.204298911206668e+02	1.317983913912732e+03	
40	1.015584370089430e+03	1.192020608889494e+03	
% instance = 3, name = bbob_f015_i07_d20__bbob_f015_i08_d20
% function evaluation | 2 objectives 
1	1.337546220679301e+03	1.039430679498661e+03	
6	2.103063375573291e+03	9.483770960248395e+02	
9	1.631037602506674e+03	1.037726132530916e+03	
19	9.390466710888772e+02	1.120571179587004e+03	
22	2.604332717994694e+03	8.245433110146771e+02	
32	2.157673916528668e+03	6.701559470120233e+02	
39	1.710868098784757e+03	5.934650829081980e+02	
% instance = 4, name = bbob_f015_i09_d20__bbob_f015_i10_d20
% function evaluation | 2 objectives 
1	1.240597664206601e+03	5.147194816880628e+03	
2	2.010696545806595e+03	4.697329663969434e+03	
3	1.727120161922148e+03	3.323311066513765e+03	
4	3.385476732998109e+03	2.269614786296286e+03	
5	2.037320901608172e+03	2.423584652661559e+03	
6	1.785212661034159e+03	3.203195452200477e+03	
8	9.625150124479669e+02	2.383162085268416e+03	
18	8.283239323278909e+02	3.376869407310346e+03	
25	1.461727430740959e+03	2.010651876217108e+03	
35	1.210134541430215e+03	2.120418310353480e+03	
% instance = 5, name = bbob_f015_i11_d20__bbob_f015_i12_d20
% function evaluation | 2 objectives 
1	1.607369502456169e+03	2.985261413441594e+03	
3	2.596752054271173e+03	2.563556993155958e+03	
5	1.253115429379704e+03	3.062478218741364e+03	
6	1.240420455200998e+03	3.496296163995953e+03	
8	1.052481411314403e+03	1.919236996979255e+03	
9	1.452832453176857e+03	1.678255532017520e+03	
18	9.852337496884301e+02	1.496665071160559e+03	
% instance = 6, name = bbob_f015_i13_d20__bbob_f015_i14_d20
% function evaluation | 2 objectives 
1	3.970659045184682e+03	1.211157692237785e+03	
2	2.543093484098390e+03	8.325511875695606e+02	
3	2.313632203545601e+03	1.982500202535834e+03	
5	1.517914797428704e+03	7.925621648059266e+02	
9	1.401790827955929e+03	2.084450735516818e+03	
22	1.419181535627030e+03	1.095699564056121e+03	
28	1.692721876065076e+03	7.394087631552661e+02	
32	1.135057641682089e+03	2.606717637437442e+03	
35	1.120786083344765e+03	1.699677503273233e+03	
39	1.261010457147649e+03	1.071043145442489e+03	
40	1.617238686814845e+03	7.499322028002518e+02	
% instance = 7, name = bbob_f015_i15_d20__bbob_f015_i16_d20
% function evaluation | 2 objectives 
1	1.711677557910699e+03	2.066167515323907e+03	
5	4.365263951489189e+02	2.656954980973582e+03	
6	1.995140612853543e+03	2.027880919330305e+03	
14	1.534916680390794e+03	1.382527239115717e+03	
18	1.022763454473484e+03	1.350544025119041e+03	
25	4.197714276339136e+02	1.799135708377563e+03	
28	2.442622870857965e+03	1.320129026839995e+03	
40	1.763051865186069e+02	2.216341347688385e+03	
% instance = 8, name = bbob_f015_i17_d20__bbob_f015_i18_d20
% function evaluation | 2 objectives 
1	2.265324137231141e+03	1.217210717106261e+03	
5	2.063186995574819e+03	1.016027082268461e+03	
9	1.601014739957995e+03	4.146254682034476e+03	
11	1.648564721925401e+03	1.072369192878108e+03	
12	1.459152838922432e+03	1.603780094315633e+03	
13	1.626215943483016e+03	1.212331777920918e+03	
17	1.094559714984036e+03	2.091514674165486e+03	
21	1.563209339771274e+03	1.200559034226909e+03	
25	3.543583762271697e+03	7.455327221652058e+02	
33	1.277615655595617e+03	1.464040258595826e+03	
34	2.595438400657888e+03	6.161597286450116e+02	
% instance = 9, name = bbob_f015_i19_d20__bbob_f015_i21_d20
% function evaluation | 2 objectives 
1	1.372464328332853e+03	4.300419590756721e+03	
2	2.005883643702068e+03	3.519780270274316e+03	
3	1.970638773740867e+03	1.753825859154642e+03	
5	1.231874309950657e+03	2.233598441437449e+03	
10	4.053823693310866e+03	1.482336696539853e+03	
20	3.339351454500694e+03	1.351502758544618e+03	
25	1.196560003684190e+03	4.221771864269853e+03	
28	1.094457057171274e+03	2.815542247063500e+03	
30	1.180493966072115e+03	2.137285365947542e+03	
33	1.619372945322343e+03	1.703656566417230e+03	
34	1.055509282375173e+03	4.226253758003265e+03	
35	1.102463344304075e+03	1.303616013648003e+03	
38	9.275789214381198e+02	1.692397295685525e+03	
39	9.780978344301384e+02	1.026690158455807e+03	
% instance = 10, name = bbob_f015_i21_d20__bbob_f015_i22_d20
% function evaluation | 2 objectives 
1	4.300419590756721e+03	2.376710994111103e+03	
2	3.519780270274316e+03	1.655976899498906e+03	
3	1.753825859154642e+03	1.362616274776457e+04	
5	2.233598441437449e+03	2.571820039629239e+03	
10	1.482336696539853e+03	4.508211391368085e+03	
14	2.953967805627513e+03	2.157997966771823e+03	
16	3.460093583230286e+03	1.558290126693278e+03	
18	1.897343440052166e+03	1.480557759356950e+03	
20	1.351502758544618e+03	3.687625977141490e+03	
33	1.703656566417230e+03	2.883802072704515e+03	
35	1.303616013648003e+03	3.679099858215112e+03	
38	1.692397295685525e+03	2.502582297884556e+03	
39	1.026690158455807e+03	4.311810266888749e+03	
