% instance = 1, name = bbob_f020_i02_d40__bbob_f020_i04_d40
% function evaluation | 2 objectives 
1	5.280906632097003e+05	5.246267315920214e+05	
2	4.141645381898948e+05	3.612316508713691e+05	
3	1.999586895533283e+05	2.150925146976415e+05	
19	1.859706648092759e+05	4.775377132906308e+05	
22	1.756468825411806e+05	3.159007153932175e+05	
28	1.826505166713977e+05	2.151821763573071e+05	
44	4.115765854944240e+05	1.710700289795873e+05	
47	3.376922660444863e+05	1.739762095167682e+05	
49	3.088842862553078e+05	2.075339113085446e+05	
65	3.072943087120579e+05	1.863979037792824e+05	
% instance = 2, name = bbob_f020_i03_d40__bbob_f020_i05_d40
% function evaluation | 2 objectives 
1	3.131690980838528e+05	2.989460057053931e+05	
4	4.011820005883868e+05	2.688148508280971e+05	
8	2.772963459173939e+05	4.445605099950193e+05	
9	1.834278507129813e+05	2.558371235692056e+05	
20	2.430220000399585e+05	1.198131912675077e+05	
22	2.420182600140618e+05	2.126765197634225e+05	
27	1.373923597993690e+05	3.460766415907393e+05	
% instance = 3, name = bbob_f020_i07_d40__bbob_f020_i08_d40
% function evaluation | 2 objectives 
1	1.885756449036510e+05	2.324046091143033e+05	
14	2.237538541985244e+05	1.957501441400199e+05	
27	3.397229734058527e+05	1.568330083873694e+05	
30	1.684592179870965e+05	2.793146970238626e+05	
58	2.271149463497644e+05	1.853137717420311e+05	
64	1.869651480678197e+05	2.360021517281535e+05	
69	1.642667367378732e+05	2.461475501444168e+05	
% instance = 4, name = bbob_f020_i09_d40__bbob_f020_i10_d40
% function evaluation | 2 objectives 
1	4.763070510092296e+05	2.359382283477317e+05	
2	4.474405354830239e+05	5.177849791341500e+05	
3	3.379173740118878e+05	3.342570404409310e+05	
4	2.082114586771036e+05	2.609318297397098e+05	
7	4.697113163641925e+05	1.750041898649711e+05	
9	3.087048176932118e+05	2.274523178424637e+05	
20	2.814372128176925e+05	9.120585204014376e+04	
28	2.514576982937915e+05	2.096943097589236e+05	
32	2.232430777531228e+05	2.306939796984322e+05	
44	1.769321169079517e+05	2.391251988508913e+05	
49	2.504130245762725e+05	1.989120477691039e+05	
% instance = 5, name = bbob_f020_i11_d40__bbob_f020_i12_d40
% function evaluation | 2 objectives 
1	3.869815653614324e+05	2.115446325957522e+05	
3	2.723445495321034e+05	3.085856843884435e+05	
8	2.554342972202128e+05	4.270084710336218e+05	
9	3.661159808582782e+05	2.403521235256993e+05	
14	3.293494442922063e+05	2.547115810925424e+05	
16	2.260097413681177e+05	4.271985441468706e+05	
17	2.205830666227494e+05	3.296888872524290e+05	
22	2.036609053060417e+05	4.409486886919444e+05	
23	3.127382776028226e+05	2.267432792641224e+05	
27	2.711888044533681e+05	1.511740663622143e+05	
38	4.629604438466187e+05	1.142796013424158e+05	
44	1.548137811363799e+05	4.331989773111727e+05	
49	1.484934383572667e+05	4.688363045628897e+05	
59	2.615019032606331e+05	2.719006240306761e+05	
% instance = 6, name = bbob_f020_i13_d40__bbob_f020_i14_d40
% function evaluation | 2 objectives 
1	2.528125787733503e+05	5.956851100616737e+05	
2	4.269003801500594e+05	4.784396364598420e+05	
3	3.082646154195543e+05	5.254177484515739e+05	
4	4.471319601598668e+05	4.579890939289635e+05	
6	3.376313351284807e+05	4.049263844299263e+05	
7	3.155126122454914e+05	4.783875268769153e+05	
10	4.800920596317879e+05	3.963541441063119e+05	
14	2.490786643537739e+05	1.710793860044850e+05	
16	2.057662975806016e+05	4.840544675164478e+05	
23	1.978915597218894e+05	2.917697352195210e+05	
25	1.244593194945013e+05	3.373794827776517e+05	
27	1.253726599121213e+05	2.597322392220687e+05	
56	1.521679607850183e+05	2.113880145477397e+05	
% instance = 7, name = bbob_f020_i15_d40__bbob_f020_i16_d40
% function evaluation | 2 objectives 
1	3.429386218485908e+05	4.597932849585158e+05	
3	3.849225030012250e+05	3.784118236121646e+05	
6	5.155267241232668e+05	3.685682507296642e+05	
8	2.736915685813993e+05	6.027421414254474e+05	
9	2.622749757856487e+05	6.398578490799182e+05	
10	4.679169397334555e+05	2.417145157693308e+05	
14	3.666514234971078e+05	2.879709107630514e+05	
16	2.376284604412898e+05	3.200609725978422e+05	
17	2.979898663502967e+05	2.840396366416658e+05	
20	1.918356310161312e+05	1.977667547749470e+05	
27	1.145697292004804e+05	3.189277531997562e+05	
36	2.751303382985601e+05	1.436435240590046e+05	
44	3.721209700314308e+05	1.330157624024663e+05	
% instance = 8, name = bbob_f020_i17_d40__bbob_f020_i18_d40
% function evaluation | 2 objectives 
1	2.240917362186625e+05	3.273662748631370e+05	
3	3.637744343172674e+05	2.219747465043303e+05	
14	2.501518716323336e+05	2.273237059827002e+05	
23	3.222844535239036e+05	1.344586374664868e+05	
25	2.233492114506592e+05	4.479008627224147e+05	
27	2.414270727837243e+05	2.811772603313549e+05	
62	2.042868981163044e+05	2.310204100405277e+05	
69	1.649319185023833e+05	3.088544550011879e+05	
74	1.372896175200758e+05	4.352061854585329e+05	
% instance = 9, name = bbob_f020_i19_d40__bbob_f020_i21_d40
% function evaluation | 2 objectives 
1	5.435647713850555e+05	5.783117180257596e+05	
2	4.621524733250266e+05	6.552428889580040e+05	
3	3.361232667376754e+05	6.666894942262494e+05	
4	1.937849017879910e+05	3.261645739856343e+05	
10	4.915531629143720e+05	1.941933318274622e+05	
14	4.438034538998287e+05	1.608438683959756e+05	
20	3.937574259513242e+05	2.798226272281457e+05	
22	2.217465965885731e+05	2.765851329489490e+05	
27	2.227449561617155e+05	2.441052829580056e+05	
32	2.160083879254612e+05	3.022885780713955e+05	
36	3.691924306715826e+05	1.974177631498080e+05	
44	1.491337987494092e+05	3.523575099623714e+05	
64	3.050989842359382e+05	2.051764952284153e+05	
65	1.073299161534415e+05	4.803092215761569e+05	
76	1.856962028547546e+05	2.833938423034237e+05	
% instance = 10, name = bbob_f020_i21_d40__bbob_f020_i22_d40
% function evaluation | 2 objectives 
1	5.783117180257596e+05	3.748051719176932e+05	
3	6.666894942262494e+05	2.234010513319135e+05	
4	3.261645739856343e+05	3.407472151598001e+05	
5	5.155470682104279e+05	3.159162283742443e+05	
8	4.267572992174245e+05	3.168418403505403e+05	
10	1.941933318274622e+05	3.974110204084787e+05	
11	4.863815634271489e+05	3.125173253841982e+05	
14	1.608438683959756e+05	4.505132605191547e+05	
20	2.798226272281457e+05	2.101611828353617e+05	
22	2.765851329489490e+05	2.669458112135276e+05	
32	3.022885780713955e+05	2.035612780206757e+05	
36	1.974177631498080e+05	2.427674864548440e+05	
37	3.475779785354161e+05	1.821601689104389e+05	
63	2.104605422391988e+05	1.809704639262647e+05	
64	2.051764952284153e+05	2.230942125337731e+05	
