% instance = 1, name = bbob_f015_i02_d03__bbob_f021_i04_d03
% function evaluation | 2 objectives | 3 variables
1	3.574750780482176e+02	6.395188289117591e+00	3.69838651e+00	1.17868371e+00	2.13308230e+00	
2	8.289744449890615e+02	-6.999319508671345e+00	-1.54466279e+00	3.21228504e+00	1.00967553e+00	
3	6.264461173003315e+02	-6.714537413290874e+00	-8.56550696e-01	7.09471002e-02	3.01232920e+00	
4	2.037695304625274e+02	2.663987923290765e+01	1.50496687e-02	-5.01498795e-01	6.43283104e-01	
6	5.758575526944594e+02	-1.074749272871021e+01	-3.66696002e+00	-2.75778991e+00	3.46276250e+00	
% instance = 2, name = bbob_f015_i03_d03__bbob_f021_i05_d03
% function evaluation | 2 objectives | 3 variables
1	3.583158540588583e+03	5.261355778768631e+02	3.69838651e+00	1.17868371e+00	2.13308230e+00	
2	3.473514967041034e+02	5.348453441885734e+02	-1.54466279e+00	3.21228504e+00	1.00967553e+00	
3	8.463805454100614e+02	5.314767358241317e+02	-8.56550696e-01	7.09471002e-02	3.01232920e+00	
4	2.106235174686450e+02	5.263769827557207e+02	1.50496687e-02	-5.01498795e-01	6.43283104e-01	
5	2.635707411361831e+01	5.616539424100317e+02	-4.35973793e+00	2.22170005e+00	3.85125057e-01	
6	1.746280124136581e+02	5.423860657949854e+02	-3.66696002e+00	-2.75778991e+00	3.46276250e+00	
% instance = 3, name = bbob_f015_i07_d03__bbob_f021_i08_d03
% function evaluation | 2 objectives | 3 variables
1	3.522247219429789e+02	-4.390878432866253e+02	3.69838651e+00	1.17868371e+00	2.13308230e+00	
2	3.039743309200726e+02	-4.099596683518479e+02	-1.54466279e+00	3.21228504e+00	1.00967553e+00	
3	4.847529746262239e+02	-4.587729059526845e+02	-8.56550696e-01	7.09471002e-02	3.01232920e+00	
% instance = 4, name = bbob_f015_i09_d03__bbob_f021_i10_d03
% function evaluation | 2 objectives | 3 variables
1	3.313892955573842e+02	3.079121225495720e+02	3.69838651e+00	1.17868371e+00	2.13308230e+00	
2	2.968990458371707e+02	3.218253168288456e+02	-1.54466279e+00	3.21228504e+00	1.00967553e+00	
3	4.218667828012075e+02	3.057474951350302e+02	-8.56550696e-01	7.09471002e-02	3.01232920e+00	
4	2.131279271962970e+02	3.178573084531361e+02	1.50496687e-02	-5.01498795e-01	6.43283104e-01	
5	2.090113874345907e+02	3.237752050071450e+02	-4.35973793e+00	2.22170005e+00	3.85125057e-01	
6	1.560855769578714e+03	3.050717195570105e+02	-3.66696002e+00	-2.75778991e+00	3.46276250e+00	
% instance = 5, name = bbob_f015_i11_d03__bbob_f021_i12_d03
% function evaluation | 2 objectives | 3 variables
1	2.707453208324656e+02	-1.557493452989510e+02	3.69838651e+00	1.17868371e+00	2.13308230e+00	
2	3.572896614555383e+02	-1.837246963543665e+02	-1.54466279e+00	3.21228504e+00	1.00967553e+00	
3	4.079815596291823e+01	-1.465126350238122e+02	-8.56550696e-01	7.09471002e-02	3.01232920e+00	
4	1.021470415751747e+02	-1.659021687028809e+02	1.50496687e-02	-5.01498795e-01	6.43283104e-01	
5	2.540209272461363e+02	-1.679141600775162e+02	-4.35973793e+00	2.22170005e+00	3.85125057e-01	
6	1.237268065951943e+01	-1.851465441622308e+02	-3.66696002e+00	-2.75778991e+00	3.46276250e+00	
% instance = 6, name = bbob_f015_i13_d03__bbob_f021_i14_d03
% function evaluation | 2 objectives | 3 variables
1	2.441417472842521e+02	-4.810554034702012e+02	3.69838651e+00	1.17868371e+00	2.13308230e+00	
2	1.929501385374455e+02	-4.537871349381961e+02	-1.54466279e+00	3.21228504e+00	1.00967553e+00	
4	2.096155342340225e+02	-4.777683407613350e+02	1.50496687e-02	-5.01498795e-01	6.43283104e-01	
6	5.753781979450459e+02	-4.834190125743413e+02	-3.66696002e+00	-2.75778991e+00	3.46276250e+00	
% instance = 7, name = bbob_f015_i15_d03__bbob_f021_i16_d03
% function evaluation | 2 objectives | 3 variables
1	-2.227945229198073e+02	6.199806619219451e+01	3.69838651e+00	1.17868371e+00	2.13308230e+00	
2	-2.311159095935923e+02	5.612331120663229e+01	-1.54466279e+00	3.21228504e+00	1.00967553e+00	
3	-2.740456506518572e+02	3.943613547422150e+01	-8.56550696e-01	7.09471002e-02	3.01232920e+00	
4	-3.322248071335833e+02	4.059235174535033e+01	1.50496687e-02	-5.01498795e-01	6.43283104e-01	
% instance = 8, name = bbob_f015_i17_d03__bbob_f021_i18_d03
% function evaluation | 2 objectives | 3 variables
1	4.063920826583799e+02	-7.652134059316588e+02	3.69838651e+00	1.17868371e+00	2.13308230e+00	
2	2.161392023608888e+02	-7.847427225277054e+02	-1.54466279e+00	3.21228504e+00	1.00967553e+00	
3	2.550314404897532e+02	-8.024180227413201e+02	-8.56550696e-01	7.09471002e-02	3.01232920e+00	
5	2.692860058126298e+02	-8.216062570355122e+02	-4.35973793e+00	2.22170005e+00	3.85125057e-01	
% instance = 9, name = bbob_f015_i19_d03__bbob_f021_i21_d03
% function evaluation | 2 objectives | 3 variables
1	6.061617228139664e+02	-1.790957801422051e+02	3.69838651e+00	1.17868371e+00	2.13308230e+00	
3	3.370360525516711e+02	-1.864647671571864e+02	-8.56550696e-01	7.09471002e-02	3.01232920e+00	
4	3.756237679227267e+02	-1.950550309272413e+02	1.50496687e-02	-5.01498795e-01	6.43283104e-01	
6	2.291165211092056e+02	-1.544086438886495e+02	-3.66696002e+00	-2.75778991e+00	3.46276250e+00	
% instance = 10, name = bbob_f015_i21_d03__bbob_f021_i22_d03
% function evaluation | 2 objectives | 3 variables
1	1.861341219725269e+02	2.956140761076100e+02	3.69838651e+00	1.17868371e+00	2.13308230e+00	
2	1.791909008283071e+02	3.253904726954771e+02	-1.54466279e+00	3.21228504e+00	1.00967553e+00	
3	1.568598565446339e+02	2.746853626032127e+02	-8.56550696e-01	7.09471002e-02	3.01232920e+00	
4	2.106074731559844e+02	2.731729263743119e+02	1.50496687e-02	-5.01498795e-01	6.43283104e-01	
