% instance = 1, name = bbob_f001_i02_d05__bbob_f014_i04_d05
% function evaluation | 2 objectives | 5 variables
1	5.392209313270785e+02	9.615565962348526e+01	3.69838651e+00	1.17868371e+00	2.13308230e+00	-1.54466279e+00	3.21228504e+00	
2	4.392190886436089e+02	5.077107501914166e+01	1.00967553e+00	-8.56550696e-01	7.09471002e-02	3.01232920e+00	1.50496687e-02	
3	4.218767457497569e+02	8.812963449560758e+01	-5.01498795e-01	6.43283104e-01	-4.35973793e+00	2.22170005e+00	3.85125057e-01	
% instance = 2, name = bbob_f001_i03_d05__bbob_f014_i05_d05
% function evaluation | 2 objectives | 5 variables
1	-1.375375876300153e+02	-3.352076354374952e+01	3.69838651e+00	1.17868371e+00	2.13308230e+00	-1.54466279e+00	3.21228504e+00	
2	-1.676526151747578e+02	-2.434219936108088e+01	1.00967553e+00	-8.56550696e-01	7.09471002e-02	3.01232920e+00	1.50496687e-02	
3	-1.754856906488530e+02	3.740478172974993e+01	-5.01498795e-01	6.43283104e-01	-4.35973793e+00	2.22170005e+00	3.85125057e-01	
4	-1.921387056913997e+02	1.392792603933609e+02	-3.66696002e+00	-2.75778991e+00	3.46276250e+00	1.68641129e+00	-3.21077456e+00	
5	-1.620285544702747e+02	-5.156237768378104e+01	3.80160537e+00	3.09018580e+00	2.05256524e+00	-3.06284170e-01	-3.12702245e+00	
7	-2.343716251053904e+02	-1.874498103349605e+01	-3.79573636e+00	3.25988744e+00	6.08063478e-02	-3.88380970e+00	-4.77025286e+00	
% instance = 3, name = bbob_f001_i07_d05__bbob_f014_i08_d05
% function evaluation | 2 objectives | 5 variables
1	-9.771649211459110e+02	2.510439291488429e+01	3.69838651e+00	1.17868371e+00	2.13308230e+00	-1.54466279e+00	3.21228504e+00	
2	-9.757607741690100e+02	2.552172730602037e+00	1.00967553e+00	-8.56550696e-01	7.09471002e-02	3.01232920e+00	1.50496687e-02	
% instance = 4, name = bbob_f001_i09_d05__bbob_f014_i10_d05
% function evaluation | 2 objectives | 5 variables
1	-5.172404894848582e+01	9.123815355868580e+02	3.69838651e+00	1.17868371e+00	2.13308230e+00	-1.54466279e+00	3.21228504e+00	
2	-3.698766681470124e+01	8.345281640252390e+02	1.00967553e+00	-8.56550696e-01	7.09471002e-02	3.01232920e+00	1.50496687e-02	
5	-8.910699651250152e+01	1.212989678647798e+03	3.80160537e+00	3.09018580e+00	2.05256524e+00	-3.06284170e-01	-3.12702245e+00	
% instance = 5, name = bbob_f001_i11_d05__bbob_f014_i12_d05
% function evaluation | 2 objectives | 5 variables
1	2.508297571268885e+02	-4.972459902814911e+00	3.69838651e+00	1.17868371e+00	2.13308230e+00	-1.54466279e+00	3.21228504e+00	
2	2.546966456650940e+02	-3.124064389214170e+01	1.00967553e+00	-8.56550696e-01	7.09471002e-02	3.01232920e+00	1.50496687e-02	
3	2.953391540028694e+02	-3.301541189660102e+01	-5.01498795e-01	6.43283104e-01	-4.35973793e+00	2.22170005e+00	3.85125057e-01	
% instance = 6, name = bbob_f001_i13_d05__bbob_f014_i14_d05
% function evaluation | 2 objectives | 5 variables
1	2.382043941743134e+01	2.092123937301592e+02	3.69838651e+00	1.17868371e+00	2.13308230e+00	-1.54466279e+00	3.21228504e+00	
2	-3.618549460021452e+01	-1.490309632435367e+02	1.00967553e+00	-8.56550696e-01	7.09471002e-02	3.01232920e+00	1.50496687e-02	
4	-5.208748153659582e+01	-1.432180445894177e+02	-3.66696002e+00	-2.75778991e+00	3.46276250e+00	1.68641129e+00	-3.21077456e+00	
7	-5.464585295187629e+01	-9.232600317283286e+01	-3.79573636e+00	3.25988744e+00	6.08063478e-02	-3.88380970e+00	-4.77025286e+00	
8	-6.753362948284214e+01	-1.641790152832359e+02	-4.02033013e+00	1.72379929e+00	2.40744026e+00	1.80268659e+00	-1.77936778e+00	
% instance = 7, name = bbob_f001_i15_d05__bbob_f014_i16_d05
% function evaluation | 2 objectives | 5 variables
1	3.387026772848192e+02	1.287740817267002e+02	3.69838651e+00	1.17868371e+00	2.13308230e+00	-1.54466279e+00	3.21228504e+00	
2	2.734828022966710e+02	1.213569931415821e+01	1.00967553e+00	-8.56550696e-01	7.09471002e-02	3.01232920e+00	1.50496687e-02	
3	2.530813820653708e+02	3.114317584952465e+01	-5.01498795e-01	6.43283104e-01	-4.35973793e+00	2.22170005e+00	3.85125057e-01	
4	2.710281942614936e+02	2.189100074658509e+00	-3.66696002e+00	-2.75778991e+00	3.46276250e+00	1.68641129e+00	-3.21077456e+00	
8	2.754391837327764e+02	-1.161790221346338e+01	-4.02033013e+00	1.72379929e+00	2.40744026e+00	1.80268659e+00	-1.77936778e+00	
9	2.230294139725147e+02	-1.366021005426830e+01	-2.66793095e+00	-1.23218149e+00	-3.68198521e+00	4.53000990e-01	-3.52038132e+00	
% instance = 8, name = bbob_f001_i17_d05__bbob_f014_i18_d05
% function evaluation | 2 objectives | 5 variables
1	-2.165822183052509e+02	5.143581016859505e+02	3.69838651e+00	1.17868371e+00	2.13308230e+00	-1.54466279e+00	3.21228504e+00	
2	-2.736421457370190e+02	5.126755374783968e+02	1.00967553e+00	-8.56550696e-01	7.09471002e-02	3.01232920e+00	1.50496687e-02	
3	-2.367993266342546e+02	4.386588667353344e+02	-5.01498795e-01	6.43283104e-01	-4.35973793e+00	2.22170005e+00	3.85125057e-01	
6	-2.631555189824416e+02	4.223184368253585e+02	3.09109369e+00	-1.38020177e-01	-4.11748831e+00	9.90791217e-01	-1.73217382e+00	
9	-2.581611821402952e+02	4.119520244447819e+02	-2.66793095e+00	-1.23218149e+00	-3.68198521e+00	4.53000990e-01	-3.52038132e+00	
10	-2.039603861884199e+02	4.080928480899279e+02	-3.87371322e+00	3.38691965e+00	-3.05343055e+00	8.79569963e-01	-1.53397246e+00	
% instance = 9, name = bbob_f001_i19_d05__bbob_f014_i21_d05
% function evaluation | 2 objectives | 5 variables
1	-1.006742711514455e+02	3.547470733491080e+01	3.69838651e+00	1.17868371e+00	2.13308230e+00	-1.54466279e+00	3.21228504e+00	
2	-1.664083867358067e+02	2.541250924819947e+01	1.00967553e+00	-8.56550696e-01	7.09471002e-02	3.01232920e+00	1.50496687e-02	
% instance = 10, name = bbob_f001_i21_d05__bbob_f014_i22_d05
% function evaluation | 2 objectives | 5 variables
1	-1.158366890084368e+02	-4.179204081309729e+01	3.69838651e+00	1.17868371e+00	2.13308230e+00	-1.54466279e+00	3.21228504e+00	
2	-8.918080560307661e+01	-4.370467698716737e+01	1.00967553e+00	-8.56550696e-01	7.09471002e-02	3.01232920e+00	1.50496687e-02	
