% instance = 1, name = bbob_f002_i02_d40__bbob_f013_i04_d40
% function evaluation | 2 objectives 
1	7.194558399486345e+07	5.470422630976848e+03	
2	3.887235979105789e+07	5.299027101674634e+03	
3	7.555634483639181e+06	5.721673475074814e+03	
4	3.237562608962185e+07	5.516072668499645e+03	
9	7.149773796133651e+07	5.105837929608315e+03	
15	1.218079487642362e+07	5.329331850548789e+03	
16	7.745409975817552e+07	5.030115197670125e+03	
21	5.329407239378788e+07	4.890723621284641e+03	
22	2.981641577839699e+07	4.656208549456406e+03	
28	2.075258883031279e+07	4.931379450072983e+03	
54	6.473885439887390e+07	4.554659445234121e+03	
55	1.452427369646401e+07	5.255625324627451e+03	
63	6.463694513548508e+07	4.405485439129502e+03	
77	4.770891248957537e+07	4.482083417060802e+03	
% instance = 2, name = bbob_f002_i03_d40__bbob_f013_i05_d40
% function evaluation | 2 objectives 
1	3.718535650736675e+07	4.557619233725104e+03	
4	1.271822456870913e+07	5.043111193023111e+03	
5	2.280176542023055e+07	4.637691275325200e+03	
8	1.569645544112598e+07	3.842620820417479e+03	
22	1.204000207611752e+07	5.090491799656515e+03	
27	3.220549818807968e+07	3.256419251875301e+03	
48	1.504587501892750e+07	4.864314627358838e+03	
73	1.385759909431740e+07	4.607024253888205e+03	
% instance = 3, name = bbob_f002_i07_d40__bbob_f013_i08_d40
% function evaluation | 2 objectives 
1	1.492071358713180e+07	4.060897858602069e+03	
6	5.308885434280182e+07	4.033083062164814e+03	
7	3.183610991329305e+07	3.999308684289981e+03	
11	2.821682559382305e+07	3.548680435831383e+03	
13	4.198329100247221e+07	3.186746877573779e+03	
14	3.587043488035327e+07	3.342186642880912e+03	
19	3.045748226722021e+07	3.521220000575404e+03	
20	1.530818797794545e+07	3.141300325842079e+03	
27	1.333169334661962e+07	3.494620672277585e+03	
31	2.804184166326053e+07	2.540101855428132e+03	
32	2.085380417033703e+07	2.730809248226130e+03	
37	1.710335226271250e+07	2.968498785667816e+03	
% instance = 4, name = bbob_f002_i09_d40__bbob_f013_i10_d40
% function evaluation | 2 objectives 
1	2.661018690922511e+07	4.326580384987664e+03	
3	4.421318173015185e+07	4.310184365885395e+03	
4	2.309215121630691e+07	4.539103619693070e+03	
7	2.384590908159257e+07	4.325655927338277e+03	
9	2.442585940584385e+07	4.169127935211127e+03	
10	3.689941955687577e+07	3.929351095394525e+03	
14	3.288332172925308e+07	4.121169571823858e+03	
18	7.103484546643460e+07	3.832660370882220e+03	
20	2.246664900079045e+07	3.843124188466462e+03	
22	2.431697985443848e+07	3.370364239402775e+03	
27	9.138692384223130e+06	4.078330220255379e+03	
40	1.142866259110274e+07	3.747240019905636e+03	
% instance = 5, name = bbob_f002_i11_d40__bbob_f013_i12_d40
% function evaluation | 2 objectives 
1	3.263813962077877e+07	4.417018532601476e+03	
3	2.112221244765465e+07	4.835758647383322e+03	
9	5.322415575847648e+07	4.033298980183014e+03	
14	1.959039431638568e+07	4.649611449050547e+03	
19	1.814229757210899e+07	4.913642683004778e+03	
22	2.732372516669707e+07	4.412847440927058e+03	
23	9.592340948050752e+06	5.200058801090542e+03	
27	1.858599153225799e+07	4.489911731716254e+03	
34	3.280623224125789e+07	3.799002151890777e+03	
39	2.332619233704721e+07	4.338845600925740e+03	
43	1.986647967827174e+07	4.138801526474274e+03	
49	1.798303090032110e+07	4.709546901053846e+03	
76	1.524645694808991e+07	4.453995176253092e+03	
79	1.167265650768661e+07	5.109817777240972e+03	
% instance = 6, name = bbob_f002_i13_d40__bbob_f013_i14_d40
% function evaluation | 2 objectives 
1	4.138564082192368e+07	4.058325411587223e+03	
2	2.093180902128126e+07	4.854687437320568e+03	
3	2.486852951043447e+07	4.591540675175220e+03	
4	2.413890204847806e+07	3.691948070971798e+03	
11	2.302383549955340e+07	4.614934385474952e+03	
12	1.580583464999490e+07	4.744921079384333e+03	
17	1.940193541680323e+07	4.515476720973767e+03	
23	1.825479982553162e+07	4.508914217480321e+03	
31	7.865288315556942e+07	3.601088357557542e+03	
32	2.159871273422916e+07	3.647856991874322e+03	
38	1.520493959677479e+07	4.559082312402470e+03	
47	1.531038646983960e+07	4.296805390037414e+03	
49	1.515001699594388e+07	4.995656666709567e+03	
59	2.053165278429114e+07	4.279409701537337e+03	
% instance = 7, name = bbob_f002_i15_d40__bbob_f013_i16_d40
% function evaluation | 2 objectives 
1	3.200086077655617e+07	3.658800739032637e+03	
2	3.069917776126462e+07	4.239633802431904e+03	
4	1.723872118844843e+07	4.678467176662100e+03	
9	2.529059977250962e+07	4.230786889390068e+03	
19	3.102788670188728e+07	4.155964241118254e+03	
22	2.222933220952435e+07	4.253429914658573e+03	
27	1.326041841660668e+07	4.974993752831218e+03	
40	6.308672934923790e+06	4.955748923455260e+03	
43	1.602324312092874e+07	4.489199937712564e+03	
76	7.187985905825716e+06	4.004456985653505e+03	
% instance = 8, name = bbob_f002_i17_d40__bbob_f013_i18_d40
% function evaluation | 2 objectives 
1	4.819604192201211e+07	4.753934643066167e+03	
2	3.036643461106621e+07	4.216965452170909e+03	
3	1.753123066843069e+07	4.665837692115805e+03	
4	1.481817194935890e+07	5.023268374038107e+03	
5	2.780044620936231e+07	4.491771707430714e+03	
22	9.666401446558647e+06	4.310447549261497e+03	
24	5.661293326217408e+07	4.050525360581180e+03	
27	3.741148616623629e+07	4.211383176067776e+03	
35	1.165186506496453e+07	3.861825680287186e+03	
39	3.124261189859711e+07	3.764529288164040e+03	
% instance = 9, name = bbob_f002_i19_d40__bbob_f013_i21_d40
% function evaluation | 2 objectives 
1	5.062484218167207e+07	3.900650029446853e+03	
2	4.660763516700695e+07	4.297092378644802e+03	
3	1.231361910221791e+07	4.655213631688494e+03	
4	3.827459163089631e+07	4.327980825391674e+03	
8	3.492871709193987e+07	4.646579532957675e+03	
18	3.327675171416218e+07	4.651063163566434e+03	
23	2.864934478501058e+07	3.628488337156536e+03	
25	5.163748866012453e+07	3.610363038821502e+03	
28	2.689848400928370e+07	4.511171316431729e+03	
32	2.594771358411350e+07	4.157390157189602e+03	
35	1.056644587582211e+07	4.992195080711138e+03	
47	2.800875953628609e+07	3.639639432483327e+03	
56	1.961256807128832e+07	4.372925249130781e+03	
66	2.331775838913829e+07	4.343299444108411e+03	
% instance = 10, name = bbob_f002_i21_d40__bbob_f013_i22_d40
% function evaluation | 2 objectives 
1	5.249388385347325e+07	4.300663317807425e+03	
2	4.519250365913825e+07	4.692217680022789e+03	
3	2.445422352516156e+07	3.684573309951673e+03	
6	1.664988737501564e+07	5.035350216875550e+03	
12	2.431089349390065e+07	4.375233944433030e+03	
14	1.529040203830470e+07	3.947525664423993e+03	
23	7.612756358841613e+06	4.310479454086002e+03	
26	5.749467243673099e+07	3.312666006335224e+03	
47	1.317604698650700e+07	4.206962855945440e+03	
49	1.416337391189467e+07	4.104946391151995e+03	
56	4.110392134846454e+07	3.100340274618345e+03	
77	3.680398889522552e+07	3.654774471047778e+03	
