% instance = 1, name = bbob_f015_i02_d40__bbob_f017_i04_d40
% function evaluation | 2 objectives 
1	3.770249201308614e+03	1.089537877517105e+02	
2	2.627731893806459e+03	1.159214704917784e+02	
3	5.753633171276821e+03	7.482860583273940e+01	
5	4.361892366443765e+03	6.304761427459285e+01	
7	3.732345949274202e+03	1.049886028810045e+02	
8	4.228905391943117e+03	6.914003783367177e+01	
9	2.948704853980441e+03	6.454726147286289e+01	
25	3.226604190322835e+03	6.436234883734616e+01	
28	6.069380051817602e+03	6.186509544913272e+01	
31	4.654543433011921e+03	6.224749258660341e+01	
34	2.847947818173273e+03	6.699165109087025e+01	
38	2.579690090810733e+03	5.897896674930206e+01	
45	8.853784801814691e+03	5.768117391303156e+01	
56	2.526466950635096e+03	8.849865015898077e+01	
63	5.030630129646303e+03	5.486181580024997e+01	
73	4.344323465124499e+03	5.879135046295109e+01	
75	4.439690891267918e+03	5.851588134999351e+01	
% instance = 2, name = bbob_f015_i03_d40__bbob_f017_i05_d40
% function evaluation | 2 objectives 
1	3.296527240340180e+03	-1.008259091697788e+02	
2	2.761817681767965e+03	-6.900316068488645e+01	
4	2.623492711037476e+03	-1.134310593082661e+02	
8	4.316819180682414e+03	-1.184352991981702e+02	
9	1.500047611281267e+03	-9.842152458400344e+01	
14	1.853937393808168e+03	-9.883446889447180e+01	
23	4.094567573917866e+03	-1.223887838192091e+02	
24	3.830475168129769e+03	-1.265452020935544e+02	
31	2.864022583418380e+03	-1.138261422630490e+02	
35	2.049245159864005e+03	-1.029830049033091e+02	
56	3.015912833225460e+03	-1.158419015114111e+02	
57	2.512616753499349e+03	-1.242888048329187e+02	
64	3.412021868959695e+03	-1.271713856715855e+02	
74	2.433286104285160e+03	-1.177591248010924e+02	
80	3.023435256159020e+03	-1.283494189852934e+02	
% instance = 3, name = bbob_f015_i07_d40__bbob_f017_i08_d40
% function evaluation | 2 objectives 
1	3.813458923198350e+03	1.173634295973524e+02	
2	3.431094144266848e+03	1.793581473525603e+02	
3	4.385064089485207e+03	9.952610513879914e+01	
8	2.351747395648719e+03	1.248011923761068e+02	
9	2.295317266770217e+03	9.440930589494565e+01	
23	3.512728627500478e+03	8.953883282869801e+01	
35	3.493762037081994e+03	9.027123118328444e+01	
43	2.587047122723373e+03	9.195142633198994e+01	
51	2.281104446569706e+03	1.731148478668425e+02	
63	3.088580443057787e+03	8.997611210887068e+01	
% instance = 4, name = bbob_f015_i09_d40__bbob_f017_i10_d40
% function evaluation | 2 objectives 
1	4.555660838337223e+03	4.402502821171872e+01	
2	1.204163092222170e+04	3.914431885885791e+01	
10	4.362009482167793e+03	3.741660653923726e+01	
12	2.389986711198329e+03	6.404628180770176e+01	
27	3.803085088413245e+03	4.904504908907347e+01	
31	3.339988837214255e+03	5.182161637190811e+01	
47	4.830873389200778e+03	2.704771376047752e+01	
% instance = 5, name = bbob_f015_i11_d40__bbob_f017_i12_d40
% function evaluation | 2 objectives 
1	3.933838337997783e+03	7.973167058604213e+01	
2	3.387267818783635e+03	9.481614178981602e+01	
4	3.135780984564722e+03	7.846897473990404e+01	
5	3.134986348608874e+03	1.139163540404918e+02	
9	2.046258709945132e+03	1.228605378262155e+02	
13	7.003201487642197e+03	7.226808122731650e+01	
18	4.249304493985533e+03	7.517891807851950e+01	
23	4.924023556087181e+03	6.942521019292759e+01	
28	3.021438319414050e+03	1.141486948958419e+02	
42	2.963147156373161e+03	7.524610910722390e+01	
45	2.652173572771464e+03	8.192236237734632e+01	
48	6.931143234791499e+03	6.939306939643960e+01	
74	1.915775207119247e+03	1.063975163082763e+02	
75	9.073025689861002e+03	6.905582199197323e+01	
% instance = 6, name = bbob_f015_i13_d40__bbob_f017_i14_d40
% function evaluation | 2 objectives 
1	5.756633123943807e+03	-1.239311852968167e+02	
2	5.631686266609718e+03	-1.365723120961317e+02	
3	3.824256664842746e+03	-1.402779769542402e+02	
4	3.154316717426836e+03	-9.339385987074246e+01	
5	2.914959470453147e+03	1.236565757074379e+02	
9	2.818737192461373e+03	-1.297706366814712e+02	
10	2.644825489313312e+03	-7.987325818820619e+01	
11	3.468083656634509e+03	-1.373646245152333e+02	
19	2.747022551116350e+03	-1.297847137719541e+02	
20	2.281361394510531e+03	-1.336030245330051e+02	
22	2.454797610966100e+03	-1.411315943077063e+02	
39	2.378353356995794e+03	-1.549588126807003e+02	
% instance = 7, name = bbob_f015_i15_d40__bbob_f017_i16_d40
% function evaluation | 2 objectives 
1	2.816072918440855e+03	2.064530335952146e+02	
2	2.520791205510053e+03	2.307762538313748e+02	
3	2.597476247020963e+03	2.053300143917580e+02	
6	2.420401277681631e+03	3.111343374192994e+02	
8	3.056720614650701e+03	2.001175578142052e+02	
9	2.287107858534738e+03	2.051082862874239e+02	
12	2.151555778843289e+03	2.371968815205105e+02	
14	1.791573174032464e+03	2.400424946325802e+02	
16	2.778214751190374e+03	1.958422097529197e+02	
17	1.782550744920926e+03	1.929699097849279e+02	
25	1.399374630638332e+03	2.184375070362978e+02	
28	2.356627237605828e+03	1.896545417796447e+02	
32	1.759368549088876e+03	1.957544582628686e+02	
38	1.294386568183740e+03	2.765958167441328e+02	
59	1.636492327164278e+03	1.979950874890536e+02	
77	1.626974726487851e+03	2.020242031890021e+02	
% instance = 8, name = bbob_f015_i17_d40__bbob_f017_i18_d40
% function evaluation | 2 objectives 
1	3.942023090406584e+03	-1.825551869723387e+02	
3	3.459860407637850e+03	-2.035662723642624e+02	
9	2.752380267839542e+03	-1.281744924974760e+02	
11	5.630437010646928e+03	-2.189926742242696e+02	
12	3.995115361706823e+03	-2.073581382872518e+02	
17	3.140255264412682e+03	-1.779701147622379e+02	
26	3.139555940547468e+03	-2.020437703948024e+02	
32	3.035735717623505e+03	-2.114750990335385e+02	
59	3.589327015019882e+03	-2.171830376260015e+02	
65	2.846040951913246e+03	-1.937620491129274e+02	
66	5.839830556413954e+03	-2.203442269762518e+02	
% instance = 9, name = bbob_f015_i19_d40__bbob_f017_i21_d40
% function evaluation | 2 objectives 
1	2.859742837502768e+03	1.019851266542547e+02	
3	2.748649606198195e+03	1.814721122634321e+02	
7	5.326854873982019e+03	7.473717163805321e+01	
9	3.796290814830562e+03	8.913664712134764e+01	
13	4.227542019347383e+03	7.097026615498920e+01	
15	6.128054647691964e+03	7.049570153432497e+01	
20	2.382236449821233e+03	6.703026069215328e+01	
% instance = 10, name = bbob_f015_i21_d40__bbob_f017_i22_d40
% function evaluation | 2 objectives 
1	4.868654361398387e+03	2.525182052621324e+02	
2	6.308106778872155e+03	8.455850913325445e+01	
3	3.434550573882661e+03	1.989509716662265e+02	
4	5.816369791850459e+03	1.115895283682515e+02	
5	4.151617816866398e+03	1.217605965354799e+02	
6	5.605690204688824e+03	9.767918265348891e+01	
7	3.963112361021067e+03	1.120942397144174e+02	
9	4.851281965190826e+03	9.105760821510421e+01	
10	3.435701248594661e+03	1.371707706715496e+02	
11	4.207468599959118e+03	7.957181690302463e+01	
16	4.100921641293546e+03	9.816367650058686e+01	
17	2.958359479010658e+03	7.855771750184458e+01	
21	3.703302639428760e+03	7.718909414649036e+01	
39	3.394991945707098e+03	7.807831447107606e+01	
45	2.801591185682080e+03	9.814212017526995e+02	
65	2.607136460778539e+03	7.571633741683826e+01	
