% instance = 1, name = bbob_f015_i02_d03__bbob_f017_i04_d03
% function evaluation | 2 objectives | 3 variables
1	3.574750780482176e+02	5.692761256596198e+01	3.69838651e+00	1.17868371e+00	2.13308230e+00	
2	8.289744449890615e+02	4.459433008047384e+01	-1.54466279e+00	3.21228504e+00	1.00967553e+00	
3	6.264461173003315e+02	5.471621098435396e+01	-8.56550696e-01	7.09471002e-02	3.01232920e+00	
4	2.037695304625274e+02	5.809839017006662e+01	1.50496687e-02	-5.01498795e-01	6.43283104e-01	
% instance = 2, name = bbob_f015_i03_d03__bbob_f017_i05_d03
% function evaluation | 2 objectives | 3 variables
1	3.583158540588583e+03	-1.381976316123327e+02	3.69838651e+00	1.17868371e+00	2.13308230e+00	
2	3.473514967041034e+02	-1.369428450774311e+02	-1.54466279e+00	3.21228504e+00	1.00967553e+00	
3	8.463805454100614e+02	-1.411796829246272e+02	-8.56550696e-01	7.09471002e-02	3.01232920e+00	
4	2.106235174686450e+02	-1.395349333201342e+02	1.50496687e-02	-5.01498795e-01	6.43283104e-01	
5	2.635707411361831e+01	-1.334051847211065e+02	-4.35973793e+00	2.22170005e+00	3.85125057e-01	
% instance = 3, name = bbob_f015_i07_d03__bbob_f017_i08_d03
% function evaluation | 2 objectives | 3 variables
1	3.522247219429789e+02	9.358644356075175e+01	3.69838651e+00	1.17868371e+00	2.13308230e+00	
2	3.039743309200726e+02	1.136837147592967e+02	-1.54466279e+00	3.21228504e+00	1.00967553e+00	
4	3.854210746769811e+02	9.103235969405628e+01	1.50496687e-02	-5.01498795e-01	6.43283104e-01	
5	6.242467443399674e+02	8.753969935294761e+01	-4.35973793e+00	2.22170005e+00	3.85125057e-01	
% instance = 4, name = bbob_f015_i09_d03__bbob_f017_i10_d03
% function evaluation | 2 objectives | 3 variables
1	3.313892955573842e+02	1.250051440292665e+01	3.69838651e+00	1.17868371e+00	2.13308230e+00	
2	2.968990458371707e+02	2.742096786135031e+01	-1.54466279e+00	3.21228504e+00	1.00967553e+00	
4	2.131279271962970e+02	2.384544446436977e+01	1.50496687e-02	-5.01498795e-01	6.43283104e-01	
5	2.090113874345907e+02	3.647224001572175e+01	-4.35973793e+00	2.22170005e+00	3.85125057e-01	
% instance = 5, name = bbob_f015_i11_d03__bbob_f017_i12_d03
% function evaluation | 2 objectives | 3 variables
1	2.707453208324656e+02	1.313578191633389e+02	3.69838651e+00	1.17868371e+00	2.13308230e+00	
3	4.079815596291823e+01	1.242023568654037e+02	-8.56550696e-01	7.09471002e-02	3.01232920e+00	
4	1.021470415751747e+02	6.978060258840462e+01	1.50496687e-02	-5.01498795e-01	6.43283104e-01	
6	1.237268065951943e+01	7.494260390533550e+01	-3.66696002e+00	-2.75778991e+00	3.46276250e+00	
% instance = 6, name = bbob_f015_i13_d03__bbob_f017_i14_d03
% function evaluation | 2 objectives | 3 variables
1	2.441417472842521e+02	3.362003991499228e+01	3.69838651e+00	1.17868371e+00	2.13308230e+00	
2	1.929501385374455e+02	-9.337075012756634e+01	-1.54466279e+00	3.21228504e+00	1.00967553e+00	
3	2.460137714500442e+02	-1.477869467643116e+02	-8.56550696e-01	7.09471002e-02	3.01232920e+00	
4	2.096155342340225e+02	-1.488942096757754e+02	1.50496687e-02	-5.01498795e-01	6.43283104e-01	
5	3.516457177647766e+02	-1.594053822183589e+02	-4.35973793e+00	2.22170005e+00	3.85125057e-01	
6	5.753781979450459e+02	-1.676855786925526e+02	-3.66696002e+00	-2.75778991e+00	3.46276250e+00	
% instance = 7, name = bbob_f015_i15_d03__bbob_f017_i16_d03
% function evaluation | 2 objectives | 3 variables
1	-2.227945229198073e+02	1.878289398913854e+02	3.69838651e+00	1.17868371e+00	2.13308230e+00	
2	-2.311159095935923e+02	2.233706278760981e+02	-1.54466279e+00	3.21228504e+00	1.00967553e+00	
3	-2.740456506518572e+02	1.815706669932067e+02	-8.56550696e-01	7.09471002e-02	3.01232920e+00	
4	-3.322248071335833e+02	2.007334411579088e+02	1.50496687e-02	-5.01498795e-01	6.43283104e-01	
6	-2.279194279464068e+02	1.750746511268737e+02	-3.66696002e+00	-2.75778991e+00	3.46276250e+00	
% instance = 8, name = bbob_f015_i17_d03__bbob_f017_i18_d03
% function evaluation | 2 objectives | 3 variables
1	4.063920826583799e+02	-2.270453635148491e+02	3.69838651e+00	1.17868371e+00	2.13308230e+00	
2	2.161392023608888e+02	-2.351863622050727e+02	-1.54466279e+00	3.21228504e+00	1.00967553e+00	
% instance = 9, name = bbob_f015_i19_d03__bbob_f017_i21_d03
% function evaluation | 2 objectives | 3 variables
1	6.061617228139664e+02	6.065408163748041e+01	3.69838651e+00	1.17868371e+00	2.13308230e+00	
3	3.370360525516711e+02	8.507854656867292e+01	-8.56550696e-01	7.09471002e-02	3.01232920e+00	
4	3.756237679227267e+02	5.340372679936808e+01	1.50496687e-02	-5.01498795e-01	6.43283104e-01	
6	2.291165211092056e+02	2.396174406268326e+02	-3.66696002e+00	-2.75778991e+00	3.46276250e+00	
% instance = 10, name = bbob_f015_i21_d03__bbob_f017_i22_d03
% function evaluation | 2 objectives | 3 variables
1	1.861341219725269e+02	6.204395447868302e+01	3.69838651e+00	1.17868371e+00	2.13308230e+00	
2	1.791909008283071e+02	1.333250079830676e+02	-1.54466279e+00	3.21228504e+00	1.00967553e+00	
3	1.568598565446339e+02	8.598681734209137e+01	-8.56550696e-01	7.09471002e-02	3.01232920e+00	
4	2.106074731559844e+02	5.434333686217477e+01	1.50496687e-02	-5.01498795e-01	6.43283104e-01	
