% instance = 1, name = bbob_f008_i02_d40__bbob_f017_i04_d40
% function evaluation | 2 objectives 
1	1.261128236089905e+06	1.089537877517105e+02	
3	1.158644110129800e+06	7.482860583273940e+01	
5	9.010645859765377e+05	6.304761427459285e+01	
9	5.135932159512590e+05	6.454726147286289e+01	
28	1.574269974248489e+06	6.186509544913272e+01	
31	1.497202272087317e+06	6.224749258660341e+01	
38	9.119105036351549e+05	5.897896674930206e+01	
45	1.349702284579462e+06	5.768117391303156e+01	
63	6.693165275498803e+05	5.486181580024997e+01	
% instance = 2, name = bbob_f008_i03_d40__bbob_f017_i05_d40
% function evaluation | 2 objectives 
1	1.127567752406259e+06	-1.008259091697788e+02	
4	1.791252049527731e+06	-1.134310593082661e+02	
5	1.659701355546519e+06	-1.114399884128017e+02	
8	1.490294791611229e+06	-1.184352991981702e+02	
14	1.105469489285561e+06	-9.883446889447180e+01	
15	1.030463241411367e+06	-9.892179475425195e+01	
20	1.317743774593579e+06	-1.111560417728941e+02	
23	1.581621569856191e+06	-1.223887838192091e+02	
24	1.224923387200843e+06	-1.265452020935544e+02	
25	8.617916073153318e+05	-1.042713059395608e+02	
27	9.957382574635027e+05	-1.247620128811326e+02	
56	8.693238408551926e+05	-1.158419015114111e+02	
64	1.305752341091004e+06	-1.271713856715855e+02	
80	2.014671907535513e+06	-1.283494189852934e+02	
% instance = 3, name = bbob_f008_i07_d40__bbob_f017_i08_d40
% function evaluation | 2 objectives 
1	8.382439873945685e+05	1.173634295973524e+02	
3	9.462456812347685e+05	9.952610513879914e+01	
5	5.360388543583612e+05	1.127444022824862e+02	
9	6.042627996500316e+05	9.440930589494565e+01	
23	1.175202671915482e+06	8.953883282869801e+01	
29	4.665206648453361e+05	9.749463334424597e+01	
35	8.941448966297136e+05	9.027123118328444e+01	
38	4.824608708026856e+05	9.460540882418158e+01	
43	7.319033837200127e+05	9.195142633198994e+01	
63	3.927413052090778e+05	8.997611210887068e+01	
% instance = 4, name = bbob_f008_i09_d40__bbob_f017_i10_d40
% function evaluation | 2 objectives 
1	7.870366589527890e+05	4.402502821171872e+01	
2	1.112551328233665e+06	3.914431885885791e+01	
9	6.475142627088430e+05	4.835221611044472e+01	
10	1.769669673530514e+06	3.741660653923726e+01	
21	6.738693304589568e+05	4.543351855524470e+01	
22	6.370094046199337e+05	8.351110270364286e+01	
28	9.612216740230952e+05	3.940457495949112e+01	
47	1.344548337924000e+06	2.704771376047752e+01	
% instance = 5, name = bbob_f008_i11_d40__bbob_f017_i12_d40
% function evaluation | 2 objectives 
1	5.542023852081576e+05	7.973167058604213e+01	
4	1.236626179643329e+06	7.846897473990404e+01	
13	1.972932773063697e+06	7.226808122731650e+01	
18	1.387687415459386e+06	7.517891807851950e+01	
23	1.100438733127974e+06	6.942521019292759e+01	
25	1.077750233156863e+06	7.912108733353173e+01	
27	5.968799967885516e+05	7.181639558441181e+01	
48	6.466599886034105e+05	6.939306939643960e+01	
75	1.505831997071445e+06	6.905582199197323e+01	
% instance = 6, name = bbob_f008_i13_d40__bbob_f017_i14_d40
% function evaluation | 2 objectives 
1	9.710952030550565e+05	-1.239311852968167e+02	
2	2.160456647904427e+06	-1.365723120961317e+02	
3	1.899861857483069e+06	-1.402779769542402e+02	
8	1.184340588035741e+06	-1.243753535734195e+02	
9	8.779325015204172e+05	-1.297706366814712e+02	
11	1.130740904875165e+06	-1.373646245152333e+02	
22	1.129743541959148e+06	-1.411315943077063e+02	
39	1.206845019031119e+06	-1.549588126807003e+02	
52	1.050185917822294e+06	-1.315883455187899e+02	
54	6.298356962520663e+05	-1.217735918166698e+02	
63	1.070723891265633e+06	-1.357752922503862e+02	
% instance = 7, name = bbob_f008_i15_d40__bbob_f017_i16_d40
% function evaluation | 2 objectives 
1	8.248193686788880e+05	2.064530335952146e+02	
2	7.087207544869835e+05	2.307762538313748e+02	
3	1.133869117063471e+06	2.053300143917580e+02	
8	1.263704911737300e+06	2.001175578142052e+02	
9	5.672805545573144e+05	2.051082862874239e+02	
16	1.127587037774098e+06	1.958422097529197e+02	
17	7.856137832198024e+05	1.929699097849279e+02	
20	5.744573393298326e+05	1.948847849869337e+02	
28	1.030693245093931e+06	1.896545417796447e+02	
73	4.127790915773727e+05	2.061583368630372e+02	
% instance = 8, name = bbob_f008_i17_d40__bbob_f017_i18_d40
% function evaluation | 2 objectives 
1	8.086874147101365e+05	-1.825551869723387e+02	
3	1.098041884684824e+06	-2.035662723642624e+02	
8	8.071772272649142e+05	-1.926140826937056e+02	
9	6.443940941840063e+05	-1.281744924974760e+02	
11	8.845617267705816e+05	-2.189926742242696e+02	
15	6.610880322330231e+05	-1.505124836366521e+02	
19	7.018218410553447e+05	-1.680810281213271e+02	
31	6.541978765030780e+05	-1.868388212693060e+02	
32	7.809711794166205e+05	-2.114750990335385e+02	
41	4.260344028055103e+05	-1.951157278207534e+02	
50	6.463984716103747e+05	-1.973426466756537e+02	
58	5.140688627748879e+05	-2.159385750639164e+02	
59	3.436208370159831e+05	-2.171830376260015e+02	
61	3.372893638348111e+05	-1.869643154508881e+02	
66	1.198949891664686e+06	-2.203442269762518e+02	
% instance = 9, name = bbob_f008_i19_d40__bbob_f017_i21_d40
% function evaluation | 2 objectives 
1	1.195678614381984e+06	1.019851266542547e+02	
5	1.126182254647246e+06	1.321290573734448e+02	
7	1.756531939151777e+06	7.473717163805321e+01	
8	1.092833618778715e+06	1.186522566845962e+02	
9	8.809062012280022e+05	8.913664712134764e+01	
13	1.965192627511188e+06	7.097026615498920e+01	
15	1.354190242742748e+06	7.049570153432497e+01	
17	1.022666819016605e+06	7.528086123702451e+01	
20	1.325068344646653e+06	6.703026069215328e+01	
21	9.909715618866252e+05	7.834658463412632e+01	
27	9.258033417925481e+05	7.949442593279262e+01	
38	8.233579874622287e+05	7.354530529468862e+01	
63	1.029356911778336e+06	7.164399796656693e+01	
66	1.126338386140512e+06	7.146299136606694e+01	
% instance = 10, name = bbob_f008_i21_d40__bbob_f017_i22_d40
% function evaluation | 2 objectives 
1	1.143813741570925e+06	2.525182052621324e+02	
2	1.502794542798823e+06	8.455850913325445e+01	
3	1.167865492169591e+06	1.989509716662265e+02	
4	1.386339696188692e+06	1.115895283682515e+02	
5	1.132426925022435e+06	1.217605965354799e+02	
8	1.115180559518064e+06	2.126453330655281e+02	
9	6.157324415388585e+05	9.105760821510421e+01	
11	1.257234962393255e+06	7.957181690302463e+01	
17	1.605944137866306e+06	7.855771750184458e+01	
19	1.232627809860608e+06	8.596078662842753e+01	
21	7.644459662045878e+05	7.718909414649036e+01	
58	6.529128478192700e+05	8.478806139424813e+01	
63	6.349318053557978e+05	7.936923814468949e+01	
65	1.398609246463169e+06	7.571633741683826e+01	
