% instance = 1, name = bbob_f008_i02_d20__bbob_f014_i04_d20
% function evaluation | 2 objectives 
1	8.700112564319671e+05	9.234446194065617e+01	
2	6.630480851288809e+05	3.013202275477875e+02	
3	5.654884501016213e+05	2.411513463384621e+02	
5	6.525444841184156e+05	1.399811260694522e+02	
9	1.637918200949934e+05	1.005599197334095e+02	
20	9.250615022402570e+05	9.078713776476097e+01	
% instance = 2, name = bbob_f008_i03_d20__bbob_f014_i05_d20
% function evaluation | 2 objectives 
1	4.945463405328589e+05	2.698215903336159e+02	
2	3.539268984661544e+05	3.623597951107108e+02	
3	5.646436291035463e+05	2.637598796803903e+01	
15	5.469486581783118e+05	1.515948460208863e+02	
16	5.286145299935316e+05	5.576072299537326e+01	
18	1.981561563112375e+05	1.038651677755049e+02	
19	6.764547873233352e+05	-5.555214624683792e+00	
38	4.443567222395305e+05	1.014232229018407e+01	
40	1.561620826401360e+05	3.172153398710340e+01	
% instance = 3, name = bbob_f008_i07_d20__bbob_f014_i08_d20
% function evaluation | 2 objectives 
1	2.077915149794308e+05	6.183513601304156e+01	
17	1.186897788027670e+05	1.170970679690238e+02	
35	9.428523657275618e+04	5.912330604783967e+01	
% instance = 4, name = bbob_f008_i09_d20__bbob_f014_i10_d20
% function evaluation | 2 objectives 
1	3.782585794860368e+05	9.539754777672690e+02	
5	6.160100521212533e+05	9.018630936849198e+02	
13	9.814005473689026e+05	8.996905570538778e+02	
18	3.313309909730445e+05	8.814071422984190e+02	
19	4.756028832669538e+05	8.760689438859756e+02	
28	6.882187566727729e+05	8.757271373437958e+02	
37	1.010753484535415e+06	8.618755653241541e+02	
% instance = 5, name = bbob_f008_i11_d20__bbob_f014_i12_d20
% function evaluation | 2 objectives 
1	2.739173096708390e+05	6.245146789408474e+01	
18	3.759618799244448e+05	4.603888653459187e+00	
21	2.582579027764825e+05	6.995826575715495e+02	
23	3.374844197423041e+05	4.751297139795606e+01	
29	2.272676809812367e+05	1.604191065357072e+02	
% instance = 6, name = bbob_f008_i13_d20__bbob_f014_i14_d20
% function evaluation | 2 objectives 
1	7.309853665735242e+05	1.273922766690912e+02	
3	6.476211844667270e+05	2.061725170525559e+02	
4	1.060814363337326e+06	-3.799739672372968e+01	
5	1.110099879543822e+06	-6.748633452834962e+01	
6	6.912564596004571e+05	4.492464205969694e+01	
9	6.148792331580502e+05	-1.170545153231781e+02	
14	5.166500204757669e+05	1.481576916666212e+02	
16	2.930096907233036e+05	2.892125911563645e+02	
17	5.787948890159813e+05	-1.412562623965536e+02	
18	1.789026243364797e+05	-7.120114835028990e+01	
30	4.828549035596639e+05	-1.141278928780847e+02	
35	4.487141599625929e+05	-1.019972142095150e+02	
37	1.279272553640062e+06	-1.440431276174151e+02	
% instance = 7, name = bbob_f008_i15_d20__bbob_f014_i16_d20
% function evaluation | 2 objectives 
1	4.045470964873250e+05	2.773766115279200e+01	
3	4.200267197901516e+05	1.867420504264675e+01	
6	2.767156380497599e+05	1.336941867312594e+03	
17	3.642289394017369e+05	7.345959063098024e+01	
21	3.310560632183037e+05	4.254194009163189e+02	
33	2.675563482717826e+05	1.094763505101631e+02	
38	2.527532988693535e+05	1.958768999496500e+02	
39	3.842009660828190e+05	4.024776451205032e+01	
40	3.135076438954600e+05	6.316164534400833e+00	
% instance = 8, name = bbob_f008_i17_d20__bbob_f014_i18_d20
% function evaluation | 2 objectives 
1	4.963767324983217e+05	6.023833018458117e+02	
2	5.961766491699216e+05	5.963336221882081e+02	
3	2.982077150731400e+05	6.033364434381874e+02	
6	8.168458640333543e+05	5.476082863787755e+02	
8	5.544251532901205e+05	5.493624434651684e+02	
9	7.492780556281280e+05	4.490638231774203e+02	
11	5.724992411558899e+05	4.827111386267164e+02	
14	5.133300838157117e+05	5.109314750685121e+02	
15	4.606615900989576e+05	4.453634036844588e+02	
18	1.478911261344985e+05	5.001470383214539e+02	
19	5.273504880277105e+05	4.437287971777504e+02	
24	1.016466924190275e+06	4.377784204264001e+02	
25	2.893424731997378e+05	4.922622206287093e+02	
32	5.370426132200989e+05	4.425024621234936e+02	
34	3.844639571145831e+05	4.840946351321451e+02	
% instance = 9, name = bbob_f008_i19_d20__bbob_f014_i21_d20
% function evaluation | 2 objectives 
1	3.708100473918093e+05	2.165035359261015e+02	
2	3.293139530863987e+05	2.555893106828415e+02	
3	2.654295731347974e+05	2.922061653819454e+02	
6	5.969056493259666e+05	1.952585975488321e+02	
8	9.261306728213119e+05	7.737922629849334e+01	
9	2.471737438819919e+05	1.269588002873608e+02	
14	2.781753181521565e+05	1.107541027866497e+02	
18	1.843733993402837e+05	1.944500569687021e+02	
19	6.386392025013394e+05	9.114311348531977e+01	
32	2.477094528949497e+05	1.115021835095787e+02	
35	4.607493179830083e+05	1.054048190336228e+02	
% instance = 10, name = bbob_f008_i21_d20__bbob_f014_i22_d20
% function evaluation | 2 objectives 
1	5.189959709830232e+05	2.034798481690401e+02	
2	4.052515343350699e+05	1.144521404642548e+02	
3	4.202123857454432e+05	6.265609957914761e+01	
5	4.844557523178622e+05	5.743018928255866e+01	
6	4.595782719748042e+05	5.360707814192738e+01	
13	5.706782045509538e+05	2.813779409325834e+01	
18	3.888041970151994e+05	4.139544729222913e+01	
19	3.740888637729602e+05	6.494968176108921e+01	
21	3.929001906139477e+05	3.813953018656789e+01	
28	7.249310383320188e+05	1.139599726838725e+00	
32	3.261659858135672e+05	4.272666350449159e+01	
33	8.022394764077617e+05	-1.203302883197168e+00	
39	7.973315750802282e+05	-3.247678112198713e-01	
40	3.694505011830378e+05	3.487112666238649e+01	
