% instance = 1, name = bbob_f015_i02_d40__bbob_f021_i04_d40
% function evaluation | 2 objectives 
1	3.770249201308614e+03	5.369329777016856e+01	
2	2.627731893806459e+03	5.375794594569706e+01	
3	5.753633171276821e+03	5.357574964108106e+01	
7	3.732345949274202e+03	5.372262843759390e+01	
8	4.228905391943117e+03	5.182259705883659e+01	
9	2.948704853980441e+03	5.208686163408026e+01	
34	2.847947818173273e+03	5.301939809986823e+01	
38	2.579690090810733e+03	5.361330492631204e+01	
56	2.526466950635096e+03	5.351384915810921e+01	
% instance = 2, name = bbob_f015_i03_d40__bbob_f021_i05_d40
% function evaluation | 2 objectives 
1	3.296527240340180e+03	6.015279900020097e+02	
2	2.761817681767965e+03	6.018490449866601e+02	
3	3.696253691219453e+03	6.015183603166196e+02	
4	2.623492711037476e+03	6.018406590902750e+02	
9	1.500047611281267e+03	6.006971275217279e+02	
17	3.760659123184436e+03	6.001300930066465e+02	
26	2.563669646974841e+03	5.995320549109590e+02	
42	1.857292358500603e+03	6.005568127464172e+02	
74	2.433286104285160e+03	5.999065503410687e+02	
% instance = 3, name = bbob_f015_i07_d40__bbob_f021_i08_d40
% function evaluation | 2 objectives 
1	3.813458923198350e+03	-3.823236226510497e+02	
2	3.431094144266848e+03	-3.818064695572709e+02	
4	4.474248238715288e+03	-3.838009442673812e+02	
6	3.856485715555680e+03	-3.828956668296467e+02	
8	2.351747395648719e+03	-3.824946111849975e+02	
9	2.295317266770217e+03	-3.838143717853887e+02	
51	2.281104446569706e+03	-3.819066319580095e+02	
58	2.713076194395001e+03	-3.842050544704310e+02	
63	3.088580443057787e+03	-3.876501222073269e+02	
65	3.052390865525085e+03	-3.843911704331503e+02	
% instance = 4, name = bbob_f015_i09_d40__bbob_f021_i10_d40
% function evaluation | 2 objectives 
1	4.555660838337223e+03	3.722976780164372e+02	
9	6.686391207961543e+03	3.720932827726620e+02	
10	4.362009482167793e+03	3.722142992449927e+02	
12	2.389986711198329e+03	3.728858447739888e+02	
17	4.678826798783250e+03	3.721230321246895e+02	
18	4.073086605677030e+03	3.723986250688342e+02	
23	5.211337909672146e+03	3.717192310369136e+02	
27	3.803085088413245e+03	3.720207322922861e+02	
31	3.339988837214255e+03	3.718538531569442e+02	
43	7.945163749343523e+03	3.712759258296797e+02	
58	7.431914995370123e+03	3.712252123760593e+02	
59	4.473199432741163e+03	3.713063769165332e+02	
% instance = 5, name = bbob_f015_i11_d40__bbob_f021_i12_d40
% function evaluation | 2 objectives 
1	3.933838337997783e+03	-1.115071267850776e+02	
2	3.387267818783635e+03	-1.094131391724866e+02	
4	3.135780984564722e+03	-1.099010955125882e+02	
5	3.134986348608874e+03	-1.100754911958048e+02	
9	2.046258709945132e+03	-1.110657956417215e+02	
74	1.915775207119247e+03	-1.096563569775558e+02	
% instance = 6, name = bbob_f015_i13_d40__bbob_f021_i14_d40
% function evaluation | 2 objectives 
1	5.756633123943807e+03	-4.151404824950096e+02	
2	5.631686266609718e+03	-4.124888808825710e+02	
3	3.824256664842746e+03	-4.126624115325955e+02	
4	3.154316717426836e+03	-4.122124964897790e+02	
5	2.914959470453147e+03	-4.127789263906122e+02	
9	2.818737192461373e+03	-4.129587763860235e+02	
10	2.644825489313312e+03	-4.123739048569575e+02	
20	2.281361394510531e+03	-4.139344235036642e+02	
30	2.871660481550778e+03	-4.141071207501626e+02	
% instance = 7, name = bbob_f015_i15_d40__bbob_f021_i16_d40
% function evaluation | 2 objectives 
1	2.816072918440855e+03	1.134688669156350e+02	
2	2.520791205510053e+03	1.139993216112837e+02	
3	2.597476247020963e+03	1.137479159403286e+02	
6	2.420401277681631e+03	1.140014893753914e+02	
8	3.056720614650701e+03	1.132992831317674e+02	
9	2.287107858534738e+03	1.129504273565459e+02	
12	2.151555778843289e+03	1.139919227480003e+02	
14	1.791573174032464e+03	1.139038628959964e+02	
17	1.782550744920926e+03	1.135972269321528e+02	
21	2.103678482900017e+03	1.125120484385819e+02	
25	1.399374630638332e+03	1.117965209775020e+02	
38	1.294386568183740e+03	1.128466846489750e+02	
77	1.626974726487851e+03	1.114249455230447e+02	
% instance = 8, name = bbob_f015_i17_d40__bbob_f021_i18_d40
% function evaluation | 2 objectives 
1	3.942023090406584e+03	-7.392862647338723e+02	
3	3.459860407637850e+03	-7.393227859188710e+02	
9	2.752380267839542e+03	-7.391206952373489e+02	
10	7.747358414430285e+03	-7.393378792260819e+02	
20	7.933152514309551e+03	-7.396459687595274e+02	
31	3.278154092652546e+03	-7.391426122575523e+02	
32	3.035735717623505e+03	-7.394764578157490e+02	
40	4.417282678876709e+03	-7.407523969261596e+02	
% instance = 9, name = bbob_f015_i19_d40__bbob_f021_i21_d40
% function evaluation | 2 objectives 
1	2.859742837502768e+03	-1.284584100850583e+02	
3	2.748649606198195e+03	-1.284241890967418e+02	
7	5.326854873982019e+03	-1.289320229138456e+02	
16	3.020065030595570e+03	-1.291081011421875e+02	
18	4.807758882000073e+03	-1.298168443083072e+02	
20	2.382236449821233e+03	-1.300066672134194e+02	
32	2.584176036826084e+03	-1.303883415725590e+02	
62	2.679423231545876e+03	-1.309175774311566e+02	
72	3.531781521593154e+03	-1.313838519760704e+02	
% instance = 10, name = bbob_f015_i21_d40__bbob_f021_i22_d40
% function evaluation | 2 objectives 
1	4.868654361398387e+03	3.590405097946722e+02	
3	3.434550573882661e+03	3.589929226271391e+02	
4	5.816369791850459e+03	3.589596027299568e+02	
7	3.963112361021067e+03	3.588143026857215e+02	
8	5.220273921568079e+03	3.582038500526149e+02	
9	4.851281965190826e+03	3.569268496933915e+02	
16	4.100921641293546e+03	3.587182561800240e+02	
17	2.958359479010658e+03	3.584934225944795e+02	
23	3.724588697223272e+03	3.583191217668308e+02	
45	2.801591185682080e+03	3.588579267194238e+02	
51	4.791338098601137e+03	3.582286007514780e+02	
63	4.545901433182548e+03	3.582170986378245e+02	
65	2.607136460778539e+03	3.589641933598911e+02	
66	2.774963009958050e+03	3.588480486567077e+02	
69	4.432165476528961e+03	3.567209484831805e+02	
