% instance = 1, name = bbob_f006_i02_d40__bbob_f015_i04_d40
% function evaluation | 2 objectives 
1	2.123310407600891e+06	4.339781833046526e+03	
2	1.707345137818584e+06	2.958136275084101e+03	
3	2.356029320842362e+06	2.772929187781825e+03	
4	1.582703629404797e+06	4.748249531073226e+03	
6	1.488684071945678e+06	3.899940653617665e+03	
7	1.473179801864987e+06	6.690007187420440e+03	
9	1.414471245942367e+06	2.571935607537019e+03	
12	8.857474322178252e+05	7.098205762912944e+03	
21	2.020656624272777e+06	2.437102608126796e+03	
25	1.398283121600508e+06	3.905148425635238e+03	
30	9.324830047623672e+05	4.543843408815793e+03	
38	1.173518199762620e+06	1.789422668906468e+03	
68	1.168757608233040e+06	3.117896366191555e+03	
% instance = 2, name = bbob_f006_i03_d40__bbob_f015_i05_d40
% function evaluation | 2 objectives 
1	1.832663355255021e+06	3.385228924723840e+03	
2	1.657703270679289e+06	8.775400549237789e+03	
3	1.083357170687628e+06	3.430064371713907e+03	
10	2.506815421892590e+06	2.867805003621040e+03	
12	2.012723630500852e+06	2.989498090834657e+03	
14	1.046217170942735e+06	2.905824038411469e+03	
16	1.745656091716576e+06	2.881410060620564e+03	
18	1.217828898015601e+06	2.666195152892714e+03	
22	1.086504265387573e+06	2.273739542883857e+03	
56	8.552753456802078e+05	4.453081830483871e+03	
77	1.012860163039781e+06	3.177044788738575e+03	
% instance = 3, name = bbob_f006_i07_d40__bbob_f015_i08_d40
% function evaluation | 2 objectives 
1	1.818366210955898e+06	3.481611690531658e+03	
2	1.078553526346857e+06	1.430039912373036e+04	
3	1.813754307312347e+06	2.819620624038349e+03	
4	1.568274989317132e+06	6.679210802030666e+03	
6	1.304564330961932e+06	4.388859858676726e+03	
7	9.934032428660651e+05	3.440388092433660e+03	
9	5.795995489753883e+05	5.505815768769944e+03	
14	1.746266315434868e+06	2.402378062052936e+03	
16	2.453102689487930e+06	2.308427651739187e+03	
17	1.577169699878683e+06	3.076377529430735e+03	
20	1.090820316548022e+06	2.522039080073449e+03	
35	1.199613858608248e+06	2.406077254419689e+03	
38	9.457357380515339e+05	2.445125210036214e+03	
54	1.222462009480286e+06	1.972622805655890e+03	
58	6.978158464841793e+05	4.984548312552908e+03	
64	6.768170376450182e+05	3.478416295094336e+03	
% instance = 4, name = bbob_f006_i09_d40__bbob_f015_i10_d40
% function evaluation | 2 objectives 
1	2.411701547473251e+06	6.610378384468753e+03	
3	2.379587913383877e+06	3.497396614357351e+03	
6	1.953588905453576e+06	8.257202243711059e+03	
8	1.933161223079343e+06	6.246431412616757e+03	
12	1.900893400178770e+06	5.427371240188751e+03	
13	1.893785275738093e+06	8.982519780344815e+03	
14	1.104834078992307e+06	6.884617236904064e+03	
20	1.748815679400297e+06	5.005200681780989e+03	
23	2.335644647379863e+06	4.730000953665323e+03	
27	2.203940954012446e+06	4.993806965188231e+03	
30	2.278843066965412e+06	4.410077503227443e+03	
32	2.348072643805128e+06	4.294431154413322e+03	
38	1.556755995278810e+06	5.372368531721953e+03	
50	1.690940149319269e+06	4.906654353606134e+03	
58	2.761320310578777e+06	3.088889325593817e+03	
59	1.131377043020417e+06	5.731871215963651e+03	
65	2.188097367435757e+06	4.129560314943307e+03	
% instance = 5, name = bbob_f006_i11_d40__bbob_f015_i12_d40
% function evaluation | 2 objectives 
1	2.792065154284654e+06	5.944925367641396e+03	
2	2.250921344739728e+06	2.933633997719594e+04	
3	1.956669299271409e+06	6.383602813443184e+03	
5	3.349846773857629e+06	5.428466617037129e+03	
6	3.734611891325848e+06	3.256936540109250e+03	
9	1.979477865224257e+06	4.740662737688850e+03	
10	1.946463797930826e+06	3.725249191315434e+03	
12	1.894298005391261e+06	2.644229305708006e+03	
14	1.731816344644606e+06	6.690598306421021e+03	
17	1.147373513374865e+06	9.860203115215183e+03	
19	1.112795498126557e+06	6.663476289791457e+03	
34	1.882915696023242e+06	5.517292643269721e+03	
74	1.135206579533382e+06	5.203734393393226e+03	
% instance = 6, name = bbob_f006_i13_d40__bbob_f015_i14_d40
% function evaluation | 2 objectives 
1	1.619397895268608e+06	4.463450292718525e+03	
2	1.278416121980788e+06	6.403637716106688e+03	
3	1.729688098642886e+06	3.677191576994652e+03	
7	1.178140717792896e+06	2.405591498118300e+04	
8	1.045417522189390e+06	3.748583357374418e+03	
13	8.540215223050410e+05	1.143906034590495e+04	
14	6.150931769242525e+05	8.720598482471625e+03	
22	5.042043586544508e+05	5.516970441590754e+04	
24	8.247098698745674e+05	8.351439493805477e+03	
26	5.664108410492262e+05	1.265845937052982e+04	
31	9.801309273731792e+05	3.657530032276253e+03	
35	8.961351126330895e+05	7.989330535661065e+03	
55	1.965696884741958e+06	3.536936584269647e+03	
57	2.274334659606323e+06	2.562112969870633e+03	
62	1.531195523505834e+06	2.967649460998231e+03	
75	1.453668217523044e+06	3.226701601162917e+03	
% instance = 7, name = bbob_f006_i15_d40__bbob_f015_i16_d40
% function evaluation | 2 objectives 
1	2.495015428739920e+06	4.683586137575061e+03	
2	3.876135640114373e+06	3.693696612091444e+03	
3	2.377879982824189e+06	4.917069665858336e+03	
9	2.095078304093411e+06	6.565155301806496e+03	
10	1.375069784584726e+06	4.504200318342484e+03	
11	2.758853047087126e+06	3.596664560257414e+03	
14	2.685564905607112e+06	3.508830199504762e+03	
20	1.629932988607704e+06	4.379815787265623e+03	
24	3.711870599645535e+06	3.337950890572177e+03	
27	6.085721164494567e+05	5.387106378340524e+03	
38	1.116505023455232e+06	4.617654472972071e+03	
41	3.548642364165234e+06	2.676636575918989e+03	
52	2.567893122199799e+06	3.446456954901818e+03	
58	1.924775032982445e+06	4.236207958484371e+03	
62	2.137157420577714e+06	3.378616811223350e+03	
64	1.600689253297593e+06	4.301499133944230e+03	
76	2.190197745145228e+06	3.017624179835920e+03	
% instance = 8, name = bbob_f006_i17_d40__bbob_f015_i18_d40
% function evaluation | 2 objectives 
1	1.831898520792167e+06	3.071828147991876e+03	
2	1.099849508666467e+06	5.078781071955726e+03	
3	2.031928406016142e+06	2.871480892660470e+03	
4	1.104466035792080e+06	2.736373932991706e+03	
8	1.054318643836069e+06	8.003277380834997e+03	
9	1.088144274723477e+06	3.417012635717929e+03	
10	1.051049051743954e+06	2.141702277793023e+03	
15	9.816265173311657e+05	3.353919586668951e+03	
27	7.991501408802383e+05	2.669726689303683e+03	
28	9.320281915588884e+05	2.506057642875743e+03	
38	4.662480626825269e+05	2.022832046334545e+03	
57	1.729173393908077e+06	1.881900882751888e+03	
63	9.868095456404780e+05	1.893525340517444e+03	
68	1.172748715583017e+06	1.648621376546260e+03	
% instance = 9, name = bbob_f006_i19_d40__bbob_f015_i21_d40
% function evaluation | 2 objectives 
1	6.198306512857151e+05	4.868654361398387e+03	
3	2.378803350804936e+06	3.434550573882661e+03	
7	1.353719501478646e+06	3.963112361021067e+03	
9	1.141095000006545e+06	4.851281965190826e+03	
10	1.312971200356952e+06	3.435701248594661e+03	
12	1.175784316145195e+06	4.743028394150452e+03	
17	2.544442996832049e+06	2.958359479010658e+03	
18	1.228309058106116e+06	4.567807954249939e+03	
20	1.457149836648619e+06	3.030380058530388e+03	
31	1.113570781531899e+06	3.182530564441149e+03	
44	1.093169048917704e+06	3.028211407732487e+03	
45	1.328105227546943e+06	2.801591185682080e+03	
65	1.797654487712651e+06	2.607136460778539e+03	
% instance = 10, name = bbob_f006_i21_d40__bbob_f015_i22_d40
% function evaluation | 2 objectives 
1	5.764871837468545e+05	2.902942404931726e+03	
26	2.067674525589157e+06	2.380104708760734e+03	
31	1.097116900305253e+06	2.484433822872056e+03	
40	1.827327517340811e+06	2.046129506849444e+03	
62	5.545703104387505e+05	3.207787228923849e+03	
