% instance = 1, name = bbob_f002_i02_d20__bbob_f008_i04_d20
% function evaluation | 2 objectives 
1	5.296631596315742e+06	6.387923787178256e+05	
6	3.238964379011172e+07	5.436205077806518e+05	
9	2.668194927396442e+07	5.614969323996643e+05	
15	1.451917535976622e+07	4.969054260692459e+05	
17	2.446774282558757e+07	4.733563128756425e+05	
18	4.495149460308021e+07	3.667098153307745e+05	
32	3.356374709224910e+07	4.178710330469530e+05	
35	3.087072146498481e+07	4.385184167930171e+05	
40	1.195967109704671e+07	3.503845998647842e+05	
% instance = 2, name = bbob_f002_i03_d20__bbob_f008_i05_d20
% function evaluation | 2 objectives 
1	3.944811247762211e+07	3.319836146979844e+05	
2	2.824086102341370e+07	6.752916522807945e+05	
4	1.718439427554953e+07	5.266261027919817e+05	
5	1.353808002222402e+07	2.269573768890125e+05	
7	1.261657277468035e+07	9.883235878173958e+05	
15	1.290301845875481e+07	5.653586913291311e+05	
17	4.186638097619811e+07	1.746163037352106e+05	
19	1.107468290656149e+07	3.531609818342270e+05	
24	6.119965097651028e+06	7.617350515493870e+05	
25	4.017501618731081e+06	3.130797750151611e+05	
28	3.043997494560046e+06	4.893220662455485e+05	
35	4.667759463538916e+07	1.720604441772441e+05	
% instance = 3, name = bbob_f002_i07_d20__bbob_f008_i08_d20
% function evaluation | 2 objectives 
1	3.776096544297394e+07	5.800604883026337e+05	
2	2.275628533388593e+07	7.771979652469505e+05	
3	5.455844314327333e+07	4.371075027162393e+05	
4	9.785512014281625e+06	1.186114223486526e+06	
5	1.101798723631886e+07	3.580982031454909e+05	
8	9.435341248193387e+06	8.639240835925714e+05	
17	4.662720061222388e+07	1.747043886155094e+05	
19	1.591048399279094e+07	1.882395464009969e+05	
22	6.205984572781365e+06	6.571607867569844e+05	
25	8.227144197625178e+06	2.805786490477068e+05	
26	8.091013012887028e+06	3.868707796651772e+05	
27	5.034859243955617e+06	8.264897049426918e+05	
28	7.832929188330621e+06	2.439768214074723e+05	
35	4.810346249768698e+07	1.344394020169044e+05	
% instance = 4, name = bbob_f002_i09_d20__bbob_f008_i10_d20
% function evaluation | 2 objectives 
1	6.935422132417576e+07	6.945143952543502e+05	
2	5.061029193088027e+07	3.880515357168668e+05	
4	6.272487906979819e+06	1.039987247521945e+06	
5	2.153073024045210e+07	9.073081616672946e+05	
6	6.166171521280253e+06	2.344946277853060e+05	
8	1.068872902074424e+07	1.756622182109257e+05	
21	5.687414526977655e+06	3.019679433329474e+05	
30	2.413897121196639e+06	6.288639674425821e+05	
% instance = 5, name = bbob_f002_i11_d20__bbob_f008_i12_d20
% function evaluation | 2 objectives 
1	2.443015665871274e+07	3.081987653234589e+05	
2	1.562063232907495e+07	4.459933185448983e+05	
3	4.011909583977006e+07	2.378571674600856e+05	
5	7.291486237785769e+06	5.245144957287648e+05	
8	1.575392157355732e+07	3.687664621597685e+05	
18	2.063357030802076e+07	7.885663721515564e+04	
27	1.948248083361350e+07	2.757585009767550e+05	
28	8.147916767574398e+06	2.808231738000456e+05	
33	1.977577346793255e+06	5.230008447802090e+05	
37	1.977028480811697e+07	2.701482802646300e+05	
% instance = 6, name = bbob_f002_i13_d20__bbob_f008_i14_d20
% function evaluation | 2 objectives 
1	1.252796978127254e+07	3.845312234849482e+05	
2	9.820338548348766e+06	7.465751255399120e+05	
3	2.370919043700410e+07	1.628778542561205e+05	
5	3.719526268497755e+06	5.419299893655755e+05	
28	1.740455052103376e+07	2.429549281887682e+05	
40	1.251401327283006e+07	4.943932632991207e+05	
% instance = 7, name = bbob_f002_i15_d20__bbob_f008_i16_d20
% function evaluation | 2 objectives 
1	2.827515931977195e+07	5.424331358092279e+05	
2	2.331798917457002e+07	8.208139629131706e+05	
3	3.223463712041840e+07	5.314458840367233e+05	
5	7.784908192387484e+06	5.047480955525681e+05	
6	5.130369039977276e+06	1.004418086559736e+06	
9	1.234048383406344e+07	3.219225749481994e+05	
17	1.087763253484415e+07	3.853565921615479e+05	
23	5.826518885965367e+06	8.020070257323151e+05	
28	2.026355130297749e+07	2.860079099552836e+05	
% instance = 8, name = bbob_f002_i17_d20__bbob_f008_i18_d20
% function evaluation | 2 objectives 
1	3.471631412118994e+07	7.105936039280362e+05	
2	2.203459433454853e+07	7.759313124788376e+05	
4	2.089350222716313e+07	1.189894174551068e+06	
5	1.080743932305142e+07	9.818056612388873e+05	
6	5.396945345546551e+06	5.599833006372022e+05	
16	2.306581272477565e+07	2.759975483860060e+05	
17	2.304563355691838e+07	4.286619951865131e+05	
18	3.253551346467132e+07	1.274262477710231e+05	
19	7.651597515915578e+06	1.673236572887949e+05	
23	4.109199729572588e+06	1.260159874714455e+06	
29	3.511779457197632e+06	5.568737170713965e+05	
% instance = 9, name = bbob_f002_i19_d20__bbob_f008_i21_d20
% function evaluation | 2 objectives 
1	2.654878003161436e+07	5.189959709830232e+05	
2	2.565305284447974e+07	4.052515343350699e+05	
3	1.945652645159785e+07	4.202123857454432e+05	
9	2.922015718126923e+06	4.635214708896101e+05	
18	8.090037653123000e+07	3.888041970151994e+05	
19	3.629547184115840e+07	3.740888637729602e+05	
32	1.046867044632879e+07	3.261659858135672e+05	
35	8.065054265026614e+05	4.524382217355652e+05	
% instance = 10, name = bbob_f002_i21_d20__bbob_f008_i22_d20
% function evaluation | 2 objectives 
1	3.906219135633108e+07	6.554525279117149e+05	
2	2.362997920830667e+07	8.361463540730989e+05	
3	5.012037321037483e+07	3.037339593461021e+05	
4	8.512859816741452e+06	1.228107802459065e+06	
5	1.024312433573217e+07	5.881644638767139e+05	
6	3.492459822955881e+06	7.431380044824056e+05	
8	4.805324028704767e+06	5.317936011913762e+05	
9	2.978804741067215e+07	4.382639088014944e+05	
11	2.852009557807297e+07	5.219119344265013e+05	
16	1.532017269084975e+07	4.468867003374341e+05	
18	1.723784376642980e+07	3.817534808501921e+05	
19	1.213012871703644e+07	5.008719189084667e+05	
21	9.869992297844535e+06	3.383688468225770e+05	
22	7.574688229994990e+06	2.489062522051388e+05	
