% instance = 1, name = bbob_f002_i02_d03__bbob_f015_i04_d03
% function evaluation | 2 objectives | 3 variables
1	4.240848088213052e+06	2.273008638300529e+03	3.69838651e+00	1.17868371e+00	2.13308230e+00	
2	7.397433753511340e+05	1.885343967281912e+03	-1.54466279e+00	3.21228504e+00	1.00967553e+00	
3	8.421425163397973e+06	5.671490984463373e+02	-8.56550696e-01	7.09471002e-02	3.01232920e+00	
4	3.581753356956791e+05	3.112985016496896e+02	1.50496687e-02	-5.01498795e-01	6.43283104e-01	
5	9.192913603950896e+04	4.684567653383241e+02	-4.35973793e+00	2.22170005e+00	3.85125057e-01	
6	1.077509827511506e+07	7.213719690543292e+01	-3.66696002e+00	-2.75778991e+00	3.46276250e+00	
% instance = 2, name = bbob_f002_i03_d03__bbob_f015_i05_d03
% function evaluation | 2 objectives | 3 variables
1	6.615515636335403e+05	-1.134476946353541e+01	3.69838651e+00	1.17868371e+00	2.13308230e+00	
2	5.744518103754200e+04	-5.548529687184015e+01	-1.54466279e+00	3.21228504e+00	1.00967553e+00	
% instance = 3, name = bbob_f002_i07_d03__bbob_f015_i08_d03
% function evaluation | 2 objectives | 3 variables
1	1.820808387081586e+07	-5.106714152175311e+01	3.69838651e+00	1.17868371e+00	2.13308230e+00	
2	9.363057358021613e+06	-3.000251080068533e+01	-1.54466279e+00	3.21228504e+00	1.00967553e+00	
3	2.573926770264830e+07	-9.101210296296799e+01	-8.56550696e-01	7.09471002e-02	3.01232920e+00	
4	7.889568831345287e+06	-5.910805319925045e+01	1.50496687e-02	-5.01498795e-01	6.43283104e-01	
5	7.003835235697976e+06	-2.614283972735919e+01	-4.35973793e+00	2.22170005e+00	3.85125057e-01	
% instance = 4, name = bbob_f002_i09_d03__bbob_f015_i10_d03
% function evaluation | 2 objectives | 3 variables
1	2.418143243137223e+07	6.124101636921933e+03	3.69838651e+00	1.17868371e+00	2.13308230e+00	
2	1.459322912585098e+07	1.880438971151289e+03	-1.54466279e+00	3.21228504e+00	1.00967553e+00	
4	1.152710184608723e+07	1.421098803814696e+03	1.50496687e-02	-5.01498795e-01	6.43283104e-01	
5	9.815440219552249e+06	1.244792966585690e+03	-4.35973793e+00	2.22170005e+00	3.85125057e-01	
6	4.165715051016643e+07	1.226971293975605e+03	-3.66696002e+00	-2.75778991e+00	3.46276250e+00	
% instance = 5, name = bbob_f002_i11_d03__bbob_f015_i12_d03
% function evaluation | 2 objectives | 3 variables
1	5.610981916038352e+05	7.393687314164596e+02	3.69838651e+00	1.17868371e+00	2.13308230e+00	
2	1.517433647667538e+05	7.861641122416194e+02	-1.54466279e+00	3.21228504e+00	1.00967553e+00	
4	4.030075601396843e+05	6.989757952292696e+02	1.50496687e-02	-5.01498795e-01	6.43283104e-01	
% instance = 6, name = bbob_f002_i13_d03__bbob_f015_i14_d03
% function evaluation | 2 objectives | 3 variables
1	2.266536045420861e+07	-3.496482919817720e+01	3.69838651e+00	1.17868371e+00	2.13308230e+00	
2	1.306100007884358e+07	-2.058179223963269e+02	-1.54466279e+00	3.21228504e+00	1.00967553e+00	
4	1.032175502957080e+07	-1.499691129155476e+02	1.50496687e-02	-5.01498795e-01	6.43283104e-01	
5	8.924548502879111e+06	-2.024257323520262e+02	-4.35973793e+00	2.22170005e+00	3.85125057e-01	
% instance = 7, name = bbob_f002_i15_d03__bbob_f015_i16_d03
% function evaluation | 2 objectives | 3 variables
1	3.271020365112165e+07	3.344576077611263e+02	3.69838651e+00	1.17868371e+00	2.13308230e+00	
2	2.113888462035989e+07	4.551872965485659e+02	-1.54466279e+00	3.21228504e+00	1.00967553e+00	
4	1.805318092463354e+07	2.819368707475196e+02	1.50496687e-02	-5.01498795e-01	6.43283104e-01	
5	1.580971031901453e+07	4.397949647790222e+02	-4.35973793e+00	2.22170005e+00	3.85125057e-01	
% instance = 8, name = bbob_f002_i17_d03__bbob_f015_i18_d03
% function evaluation | 2 objectives | 3 variables
1	5.452670699740213e+04	1.060054770476826e+03	3.69838651e+00	1.17868371e+00	2.13308230e+00	
2	7.243826051082686e+05	6.780830775150520e+01	-1.54466279e+00	3.21228504e+00	1.00967553e+00	
3	1.453484426517323e+06	-5.136981971134549e+01	-8.56550696e-01	7.09471002e-02	3.01232920e+00	
% instance = 9, name = bbob_f002_i19_d03__bbob_f015_i21_d03
% function evaluation | 2 objectives | 3 variables
1	1.776656666509825e+05	1.861341219725269e+02	3.69838651e+00	1.17868371e+00	2.13308230e+00	
2	2.763487636408787e+06	1.791909008283071e+02	-1.54466279e+00	3.21228504e+00	1.00967553e+00	
3	2.156231209746066e+05	1.568598565446339e+02	-8.56550696e-01	7.09471002e-02	3.01232920e+00	
% instance = 10, name = bbob_f002_i21_d03__bbob_f015_i22_d03
% function evaluation | 2 objectives | 3 variables
1	2.083180739137305e+07	3.600626113321212e+02	3.69838651e+00	1.17868371e+00	2.13308230e+00	
2	1.131862106855606e+07	2.480865997889168e+02	-1.54466279e+00	3.21228504e+00	1.00967553e+00	
4	9.089141217282459e+06	4.115374272873419e+02	1.50496687e-02	-5.01498795e-01	6.43283104e-01	
5	8.090541204480550e+06	3.233929812845564e+02	-4.35973793e+00	2.22170005e+00	3.85125057e-01	
