% instance = 1, name = bbob_f006_i02_d40__bbob_f006_i04_d40
% function evaluation | 2 objectives 
1	2.123310407600891e+06	1.799343246282262e+06	
2	1.707345137818584e+06	2.435296547393235e+06	
4	1.582703629404797e+06	2.179899431879796e+06	
6	1.488684071945678e+06	2.249433603136430e+06	
7	1.473179801864987e+06	2.796076791334374e+06	
9	1.414471245942367e+06	1.835089537797687e+06	
10	2.274997822051378e+06	1.321166628295501e+06	
12	8.857474322178252e+05	2.100197198976366e+06	
14	1.542221030521184e+06	1.532990816069872e+06	
15	2.067212237832477e+06	1.398608401022505e+06	
22	1.869574001352553e+06	1.237351366077249e+06	
25	1.398283121600508e+06	1.623528478620854e+06	
30	9.324830047623672e+05	1.768970252484362e+06	
35	1.483102482750026e+06	1.125208529834663e+06	
41	1.330678797586792e+06	1.722067452484563e+06	
44	1.269450057051386e+06	1.730023423585792e+06	
54	2.105601437833935e+06	1.124580085194943e+06	
62	2.109167697855131e+06	1.109655721002936e+06	
68	1.168757608233040e+06	1.357997996127094e+06	
% instance = 2, name = bbob_f006_i03_d40__bbob_f006_i05_d40
% function evaluation | 2 objectives 
1	1.832663355255021e+06	1.457068531779714e+06	
2	1.657703270679289e+06	3.342957446113437e+06	
3	1.083357170687628e+06	2.086375861078729e+06	
9	1.798937551000500e+06	1.776003541097087e+06	
14	1.046217170942735e+06	1.276213798200949e+06	
22	1.086504265387573e+06	1.228635509158019e+06	
27	1.670845456993276e+06	1.227016998149900e+06	
35	1.296227694080645e+06	1.051993140309668e+06	
56	8.552753456802078e+05	2.785779462697992e+06	
57	1.024324409698547e+06	2.206592825441113e+06	
77	1.012860163039781e+06	1.710676943214667e+06	
% instance = 3, name = bbob_f006_i07_d40__bbob_f006_i08_d40
% function evaluation | 2 objectives 
1	1.818366210955898e+06	3.227708968233180e+06	
2	1.078553526346857e+06	2.961824863580597e+06	
3	1.813754307312347e+06	1.964420909793539e+06	
4	1.568274989317132e+06	2.014383926942255e+06	
7	9.934032428660651e+05	4.350285430379768e+06	
9	5.795995489753883e+05	2.113788148040359e+06	
25	2.174700515840289e+06	1.792162065366587e+06	
29	1.359519700225532e+06	2.018754475484422e+06	
35	1.199613858608248e+06	2.075181429467027e+06	
42	1.325909860011921e+06	1.155017451293033e+06	
56	1.159491807266921e+06	2.101304511375143e+06	
74	1.087834947428253e+06	1.930337903889018e+06	
% instance = 4, name = bbob_f006_i09_d40__bbob_f006_i10_d40
% function evaluation | 2 objectives 
1	2.411701547473251e+06	1.163952246125025e+06	
3	2.379587913383877e+06	2.383354762284837e+06	
6	1.953588905453576e+06	1.145847556550275e+06	
8	1.933161223079343e+06	2.530201060444762e+06	
12	1.900893400178770e+06	2.411447349916820e+06	
13	1.893785275738093e+06	1.871723885599887e+06	
14	1.104834078992307e+06	2.170829491330241e+06	
18	2.184067535483033e+06	1.071897254998524e+06	
20	1.748815679400297e+06	1.081193707390873e+06	
28	1.390900205840994e+06	1.297823559865186e+06	
52	1.270409381110394e+06	1.099923618137883e+06	
59	1.131377043020417e+06	1.214699500258496e+06	
62	1.943464833953331e+06	1.070348125686346e+06	
% instance = 5, name = bbob_f006_i11_d40__bbob_f006_i12_d40
% function evaluation | 2 objectives 
1	2.792065154284654e+06	1.928057025306359e+06	
2	2.250921344739728e+06	3.487092675171267e+06	
3	1.956669299271409e+06	2.418374753273655e+06	
10	1.946463797930826e+06	8.192547193946833e+05	
12	1.894298005391261e+06	2.078518841612444e+06	
14	1.731816344644606e+06	1.753743570368016e+06	
17	1.147373513374865e+06	1.087892954320758e+06	
19	1.112795498126557e+06	2.662516131564823e+06	
54	1.889745256108698e+06	9.602814624028783e+05	
% instance = 6, name = bbob_f006_i13_d40__bbob_f006_i14_d40
% function evaluation | 2 objectives 
1	1.619397895268608e+06	2.427282407555466e+06	
2	1.278416121980788e+06	9.655982501115960e+05	
7	1.178140717792896e+06	1.764611493082376e+06	
8	1.045417522189390e+06	2.391941155036997e+06	
9	1.253429603165930e+06	1.211750031470630e+06	
11	1.068834560176888e+06	1.910016304269958e+06	
13	8.540215223050410e+05	1.425477228610417e+06	
14	6.150931769242525e+05	1.919706561378603e+06	
22	5.042043586544508e+05	1.270739911424516e+06	
26	5.664108410492262e+05	1.086029708256926e+06	
35	8.961351126330895e+05	1.040243509993988e+06	
% instance = 7, name = bbob_f006_i15_d40__bbob_f006_i16_d40
% function evaluation | 2 objectives 
1	2.495015428739920e+06	1.287370978268079e+06	
3	2.377879982824189e+06	2.227712051293854e+06	
9	2.095078304093411e+06	1.145751662192316e+06	
10	1.375069784584726e+06	1.736128471510561e+06	
11	2.758853047087126e+06	1.111693867151059e+06	
12	2.000762243019014e+06	1.468633043746666e+06	
14	2.685564905607112e+06	7.287247301779483e+05	
18	1.971872575501717e+06	1.120695276660758e+06	
27	6.085721164494567e+05	1.307081045889774e+06	
30	1.881421285097764e+06	1.095224675157792e+06	
48	2.487569775637936e+06	8.991451471661474e+05	
56	2.224684803951312e+06	1.029989765645068e+06	
63	1.700476969282946e+06	1.095952882720812e+06	
% instance = 8, name = bbob_f006_i17_d40__bbob_f006_i18_d40
% function evaluation | 2 objectives 
1	1.831898520792167e+06	3.371612964703950e+06	
2	1.099849508666467e+06	2.601081933642243e+06	
4	1.104466035792080e+06	2.341218077347531e+06	
6	1.170319907877202e+06	2.266965556835421e+06	
8	1.054318643836069e+06	1.731935511524312e+06	
10	1.051049051743954e+06	2.665217241863352e+06	
14	1.623288833665093e+06	1.500325435874876e+06	
15	9.816265173311657e+05	1.857161234545857e+06	
24	1.119471172027268e+06	1.586952885361399e+06	
27	7.991501408802383e+05	1.177778225886880e+06	
38	4.662480626825269e+05	1.833823216622494e+06	
49	1.766039621052889e+06	1.074536734427982e+06	
% instance = 9, name = bbob_f006_i19_d40__bbob_f006_i21_d40
% function evaluation | 2 objectives 
1	6.198306512857151e+05	5.764871837468545e+05	
62	1.116942173503015e+06	5.545703104387505e+05	
% instance = 10, name = bbob_f006_i21_d40__bbob_f006_i22_d40
% function evaluation | 2 objectives 
1	5.764871837468545e+05	3.024364648080035e+06	
2	2.897193839987184e+06	2.213201758597464e+06	
3	1.089684473629737e+06	1.997270611136927e+06	
4	1.915434605157974e+06	1.160053977284849e+06	
5	9.649729333087610e+05	2.727854103206394e+06	
7	1.276515399523442e+06	1.280297547660646e+06	
9	1.075650031505317e+06	2.052615376727504e+06	
10	6.708359012300618e+05	1.116371267314993e+06	
20	6.066864666464536e+05	2.139098613523009e+06	
21	5.952323478279785e+05	1.464195257411297e+06	
36	1.108395639203061e+06	1.013062630016758e+06	
44	5.765349824259073e+05	2.439207028783619e+06	
62	5.545703104387505e+05	2.842317195642001e+06	
