% instance = 1, name = bbob_f014_i02_d40__bbob_f017_i04_d40
% function evaluation | 2 objectives 
1	-2.512602176653900e+00	1.089537877517105e+02	
3	3.666585701411225e+02	7.482860583273940e+01	
5	9.977431179340724e+01	6.304761427459285e+01	
7	7.576727677562084e+01	1.049886028810045e+02	
8	-2.038482936687635e+01	6.914003783367177e+01	
12	-6.828160160846198e+01	7.541817383576733e+01	
25	1.595761774318427e+01	6.436234883734616e+01	
28	6.743403275078529e+01	6.186509544913272e+01	
37	-7.202780345296621e+01	9.488534338665782e+01	
38	1.257203372975248e+02	5.897896674930206e+01	
44	-7.704404966777984e+01	7.772857511024267e+01	
45	-1.002636701967898e+02	5.768117391303156e+01	
63	6.152593038745596e+01	5.486181580024997e+01	
% instance = 2, name = bbob_f014_i03_d40__bbob_f017_i05_d40
% function evaluation | 2 objectives 
1	4.108754718898519e+02	-1.008259091697788e+02	
2	3.979011458932708e+02	-6.900316068488645e+01	
3	2.560011136477343e+02	1.051710102472647e+02	
4	4.925751699845078e+02	-1.134310593082661e+02	
7	3.497890114034698e+02	-9.817655724778336e+01	
8	2.142410233061266e+02	-1.184352991981702e+02	
17	1.816781183641246e+02	-5.186927346170744e+01	
19	1.825980561635170e+02	-9.338529528562003e+01	
20	2.099602327573365e+02	-1.111560417728941e+02	
23	4.220550151514770e+02	-1.223887838192091e+02	
24	8.018269359931221e+02	-1.265452020935544e+02	
27	2.151962540135962e+02	-1.247620128811326e+02	
31	1.919152092392582e+02	-1.138261422630490e+02	
40	3.261831347751516e+02	-1.248089223380167e+02	
64	7.059390585313781e+02	-1.271713856715855e+02	
76	1.739807747213046e+02	-9.236075733887849e+01	
77	1.544488831949352e+02	-1.037572671993919e+02	
80	3.197979414244627e+02	-1.283494189852934e+02	
% instance = 3, name = bbob_f014_i07_d40__bbob_f017_i08_d40
% function evaluation | 2 objectives 
1	2.224353769050454e+02	1.173634295973524e+02	
3	1.173123348018322e+02	9.952610513879914e+01	
5	1.076685546541375e+02	1.127444022824862e+02	
9	4.968552039192931e+02	9.440930589494565e+01	
16	3.350528869690260e+01	2.043602290348798e+02	
22	4.411216527185567e+01	1.000935622829978e+02	
23	2.320237219679473e+02	8.953883282869801e+01	
35	1.393602444123924e+02	9.027123118328444e+01	
42	9.036337526979565e-01	1.207150275283686e+02	
45	8.116087269179846e+01	9.484167654762737e+01	
63	1.071579825572553e+02	8.997611210887068e+01	
72	9.026636428521695e+01	9.445517559578737e+01	
74	1.209915528643697e+01	1.032428206815580e+02	
% instance = 4, name = bbob_f014_i09_d40__bbob_f017_i10_d40
% function evaluation | 2 objectives 
1	3.095131447955211e+02	4.402502821171872e+01	
2	1.679362131076035e+02	3.914431885885791e+01	
9	1.314111402748284e+02	4.835221611044472e+01	
10	2.043992821770329e+02	3.741660653923726e+01	
16	1.096073765188961e+02	1.056312186735254e+02	
17	6.791237198891488e+01	4.153232822961548e+01	
28	8.541716410859027e+01	3.940457495949112e+01	
47	3.047595944086089e+02	2.704771376047752e+01	
% instance = 5, name = bbob_f014_i11_d40__bbob_f017_i12_d40
% function evaluation | 2 objectives 
1	2.261978795200332e+02	7.973167058604213e+01	
2	1.839665820064504e+02	9.481614178981602e+01	
4	2.402814019022718e+02	7.846897473990404e+01	
8	9.515357755959526e+01	8.936898925048496e+01	
13	2.497112279348300e+02	7.226808122731650e+01	
15	8.363930979459586e+01	8.423180534059591e+01	
17	7.331057051654564e+01	8.569409535839281e+01	
18	1.922107703555697e+02	7.517891807851950e+01	
20	1.397648582778803e+02	8.095041497100573e+01	
22	1.683740904271369e+02	7.917662738373880e+01	
23	1.982962288202002e+02	6.942521019292759e+01	
25	9.653202725058840e+01	7.912108733353173e+01	
27	1.240544335533510e+02	7.181639558441181e+01	
32	6.483140613404385e+01	1.105449699939782e+02	
48	1.477771255097172e+02	6.939306939643960e+01	
49	2.721066761520289e+01	7.336939995532350e+01	
75	5.312714992307733e+01	6.905582199197323e+01	
% instance = 6, name = bbob_f014_i13_d40__bbob_f017_i14_d40
% function evaluation | 2 objectives 
1	2.485067082852753e+02	-1.239311852968167e+02	
2	2.147257006545445e+02	-1.365723120961317e+02	
3	5.917657356798859e+02	-1.402779769542402e+02	
12	4.740175183060396e+02	-1.372641838894419e+02	
14	1.740845934676318e+02	-9.229449828787391e+01	
22	1.781477281706458e+02	-1.411315943077063e+02	
30	1.383413784015462e+02	-9.663161691473186e+01	
39	5.532070409654455e+02	-1.549588126807003e+02	
71	2.846715915625720e+02	-1.436478416831727e+02	
74	1.437241513008769e+02	-1.044425206789896e+02	
79	3.401470360214995e+02	-1.485135640008641e+02	
% instance = 7, name = bbob_f014_i15_d40__bbob_f017_i16_d40
% function evaluation | 2 objectives 
1	6.366377415424350e+02	2.064530335952146e+02	
2	5.038335630086564e+02	2.307762538313748e+02	
3	3.582450371223428e+02	2.053300143917580e+02	
4	2.993819799451373e+02	2.364038044057376e+02	
5	3.290285066214039e+02	2.080433287901311e+02	
8	3.205251696898300e+02	2.001175578142052e+02	
9	2.253353520722255e+02	2.051082862874239e+02	
16	2.479488430539413e+02	1.958422097529197e+02	
17	2.218192357361699e+02	1.929699097849279e+02	
19	2.115318295466510e+02	1.962386349297508e+02	
20	1.295772946739548e+02	1.948847849869337e+02	
28	1.476990613041109e+02	1.896545417796447e+02	
49	1.020170805770016e+02	2.727523664675941e+02	
75	1.170760716200033e+02	2.136442656380878e+02	
78	7.983532778085092e+01	2.208313470649906e+02	
% instance = 8, name = bbob_f014_i17_d40__bbob_f017_i18_d40
% function evaluation | 2 objectives 
1	1.010027639343161e+02	-1.825551869723387e+02	
3	4.172931755177638e+02	-2.035662723642624e+02	
5	3.312640420687142e+02	-1.985423874130111e+02	
8	1.849426928371665e+02	-1.926140826937056e+02	
11	2.790722058129223e+02	-2.189926742242696e+02	
12	2.787080328752757e+02	-2.073581382872518e+02	
16	1.488632800631521e+02	-2.033679784620437e+02	
32	1.053566832409043e+02	-2.114750990335385e+02	
35	1.680997007276560e+02	-2.161434944394596e+02	
59	1.697007351627326e+02	-2.171830376260015e+02	
66	1.832993535490519e+02	-2.203442269762518e+02	
70	1.611892938446436e+02	-2.147918890138895e+02	
% instance = 9, name = bbob_f014_i19_d40__bbob_f017_i21_d40
% function evaluation | 2 objectives 
1	4.533477742935628e+02	1.019851266542547e+02	
3	2.770506044223476e+02	1.814721122634321e+02	
5	2.394534408240854e+02	1.321290573734448e+02	
7	4.720692447468683e+02	7.473717163805321e+01	
9	3.113284105716091e+02	8.913664712134764e+01	
11	2.927792547530611e+02	9.250525510743181e+01	
13	1.992836363958708e+02	7.097026615498920e+01	
15	5.696406569090409e+02	7.049570153432497e+01	
16	1.853608614633264e+02	1.131465328555851e+02	
20	3.561349251526883e+02	6.703026069215328e+01	
55	1.800862075340464e+02	7.775522539205002e+01	
63	1.921241022172254e+02	7.164399796656693e+01	
% instance = 10, name = bbob_f014_i21_d40__bbob_f017_i22_d40
% function evaluation | 2 objectives 
1	5.179386151064688e+02	2.525182052621324e+02	
2	2.975977823303767e+02	8.455850913325445e+01	
3	2.663594318206772e+02	1.989509716662265e+02	
10	2.899750346233911e+02	1.371707706715496e+02	
11	3.064260175641841e+02	7.957181690302463e+01	
14	1.889900538014864e+02	1.055199754877356e+02	
15	1.854108740316744e+02	1.091042257480534e+02	
17	4.594091836228080e+02	7.855771750184458e+01	
21	3.577113952431905e+02	7.718909414649036e+01	
27	1.717375667418442e+02	1.735454768703663e+02	
30	1.247897575830437e+02	3.995866638397641e+02	
38	1.026570848207050e+02	1.589958652388976e+02	
39	2.653124483680601e+02	7.807831447107606e+01	
45	9.598348115775190e+01	9.814212017526995e+02	
47	2.015947722726324e+02	9.406339396674770e+01	
48	1.514491165721143e+02	1.287804759433758e+02	
49	1.734053200173513e+02	8.380653730741633e+01	
63	1.077224824902354e+02	7.936923814468949e+01	
65	2.321000826385203e+02	7.571633741683826e+01	
