% instance = 1, name = bbob_f002_i02_d20__bbob_f006_i04_d20
% function evaluation | 2 objectives 
1	5.296631596315742e+06	1.342343595980354e+06	
11	2.379070524518187e+07	1.184424362473538e+06	
14	1.351135805443357e+07	1.288106557002231e+06	
18	4.495149460308021e+07	1.101471076184055e+06	
19	3.887628266767844e+07	1.068368559895374e+06	
20	1.523565074470853e+07	1.093007119574204e+06	
25	4.536040383920868e+07	1.016815085436265e+06	
28	1.367546001748380e+07	1.167361182699276e+06	
% instance = 2, name = bbob_f002_i03_d20__bbob_f006_i05_d20
% function evaluation | 2 objectives 
1	3.944811247762211e+07	2.992709548183970e+05	
2	2.824086102341370e+07	1.060402967399133e+06	
4	1.718439427554953e+07	5.689221968751615e+05	
5	1.353808002222402e+07	3.184617725034108e+05	
7	1.261657277468035e+07	1.138775492842210e+06	
15	1.290301845875481e+07	1.059955851957724e+06	
19	1.107468290656149e+07	6.314679168923286e+05	
21	1.148355736552879e+07	5.433660344336911e+05	
24	6.119965097651028e+06	8.906619865960542e+05	
25	4.017501618731081e+06	6.604631743816916e+05	
26	9.041793840477925e+06	5.799998455145048e+05	
28	3.043997494560046e+06	5.200853835644876e+05	
33	1.120495761695183e+07	2.177688221758501e+05	
% instance = 3, name = bbob_f002_i07_d20__bbob_f006_i08_d20
% function evaluation | 2 objectives 
1	3.776096544297394e+07	1.068658750772537e+06	
2	2.275628533388593e+07	7.143429916683033e+05	
4	9.785512014281625e+06	1.179213435444238e+06	
5	1.101798723631886e+07	6.390261031252260e+05	
8	9.435341248193387e+06	9.643103787302646e+05	
13	2.203044790963321e+07	5.796227885480246e+05	
15	1.179644149704143e+07	5.990533841711286e+05	
19	1.591048399279094e+07	5.895416520389334e+05	
22	6.205984572781365e+06	5.706843800842634e+05	
27	5.034859243955617e+06	6.011376966012212e+05	
31	4.372648659554657e+07	4.405924770476737e+05	
% instance = 4, name = bbob_f002_i09_d20__bbob_f006_i10_d20
% function evaluation | 2 objectives 
1	6.935422132417576e+07	1.075702294032210e+06	
2	5.061029193088027e+07	1.103596065151226e+06	
3	8.463161263224268e+07	1.038802856704118e+06	
4	6.272487906979819e+06	2.006443269090903e+06	
5	2.153073024045210e+07	1.543290828372628e+06	
6	6.166171521280253e+06	1.092099198919307e+06	
17	4.576300280970973e+07	1.073779956377231e+06	
21	5.687414526977655e+06	2.307180252894826e+06	
30	2.413897121196639e+06	2.334477979185242e+06	
31	5.946959253804175e+07	6.034185758497282e+05	
33	2.837281032286438e+07	1.049994031267566e+06	
37	2.155179221112326e+07	9.849809778636190e+05	
39	8.482958395852651e+07	5.307329729672346e+05	
% instance = 5, name = bbob_f002_i11_d20__bbob_f006_i12_d20
% function evaluation | 2 objectives 
1	2.443015665871274e+07	1.117252356125698e+06	
2	1.562063232907495e+07	1.767483842037927e+06	
5	7.291486237785769e+06	1.460215427642547e+06	
14	2.564944143079066e+07	1.070578914726732e+06	
15	1.721178766421603e+07	6.496323720533657e+05	
25	2.379957822917494e+07	6.344851583174915e+05	
28	8.147916767574398e+06	1.140438448759570e+06	
33	1.977577346793255e+06	2.222991974139445e+06	
34	3.259838821221999e+07	5.771597836297782e+05	
% instance = 6, name = bbob_f002_i13_d20__bbob_f006_i14_d20
% function evaluation | 2 objectives 
1	1.252796978127254e+07	3.765221481381495e+05	
2	9.820338548348766e+06	6.775907800135816e+05	
5	3.719526268497755e+06	2.850644146447690e+05	
% instance = 7, name = bbob_f002_i15_d20__bbob_f006_i16_d20
% function evaluation | 2 objectives 
1	2.827515931977195e+07	9.843812328828190e+05	
2	2.331798917457002e+07	5.616903037453265e+05	
4	2.439420258665193e+07	3.588958432153385e+05	
5	7.784908192387484e+06	6.119861302876255e+05	
6	5.130369039977276e+06	8.635742533895511e+05	
9	1.234048383406344e+07	6.030824500896563e+05	
13	1.505805377031276e+07	5.969744039354350e+05	
15	1.862951537436568e+07	2.602479592579513e+05	
21	1.653844491512971e+07	3.613334284030028e+05	
34	2.430236798311502e+07	1.473849506435176e+05	
35	1.414812829806353e+07	3.873034203506627e+05	
% instance = 8, name = bbob_f002_i17_d20__bbob_f006_i18_d20
% function evaluation | 2 objectives 
1	3.471631412118994e+07	1.100708874343390e+06	
2	2.203459433454853e+07	1.099145564031149e+06	
3	3.790208718768515e+07	1.086753724887589e+06	
4	2.089350222716313e+07	8.518443033817435e+05	
5	1.080743932305142e+07	1.781458600848870e+06	
6	5.396945345546551e+06	1.613639268871737e+06	
7	1.097817358945291e+07	1.490298782597558e+06	
8	1.293510066056183e+07	7.166758224263429e+05	
15	9.591730193602208e+06	1.081897320425254e+06	
17	2.304563355691838e+07	5.931500715763218e+05	
18	3.253551346467132e+07	3.107760687431568e+05	
19	7.651597515915578e+06	9.410171217692307e+05	
23	4.109199729572588e+06	5.798087797295565e+05	
29	3.511779457197632e+06	5.061852391595013e+05	
% instance = 9, name = bbob_f002_i19_d20__bbob_f006_i21_d20
% function evaluation | 2 objectives 
1	2.654878003161436e+07	1.140029082210878e+06	
2	2.565305284447974e+07	3.019588891368069e+05	
3	1.945652645159785e+07	1.079688045250981e+06	
6	2.449075094044811e+07	8.133405575300547e+05	
9	2.922015718126923e+06	1.104641656187925e+06	
10	2.377068453496722e+07	9.513235393748527e+05	
15	2.440293997525610e+07	1.432847490478650e+05	
23	1.558852901074466e+07	6.499466990313575e+05	
29	2.414112346092395e+07	4.816214801607306e+05	
32	1.046867044632879e+07	5.644859144808691e+05	
35	8.065054265026614e+05	5.878086760509482e+05	
36	6.236033519598792e+06	5.840265086046393e+05	
% instance = 10, name = bbob_f002_i21_d20__bbob_f006_i22_d20
% function evaluation | 2 objectives 
1	3.906219135633108e+07	7.907660000765482e+05	
2	2.362997920830667e+07	1.089479995641527e+06	
4	8.512859816741452e+06	8.068389525071766e+05	
6	3.492459822955881e+06	5.659421848905403e+05	
9	2.978804741067215e+07	5.630032293256040e+05	
19	1.213012871703644e+07	2.728303965631874e+05	
34	1.482958819864094e+07	2.626685432791365e+05	
35	3.056011025994062e+07	2.435085036098519e+05	
