% instance = 1, name = bbob_f020_i02_d05__bbob_f020_i04_d05
% function evaluation | 2 objectives | 5 variables
1	7.007738200825085e+04	7.333837945868555e+04	3.69838651e+00	1.17868371e+00	2.13308230e+00	-1.54466279e+00	3.21228504e+00	
2	4.740893181374257e+04	4.607205136531452e+04	1.00967553e+00	-8.56550696e-01	7.09471002e-02	3.01232920e+00	1.50496687e-02	
3	2.987217024980826e+04	2.750457868067527e+04	-5.01498795e-01	6.43283104e-01	-4.35973793e+00	2.22170005e+00	3.85125057e-01	
5	6.497533252248652e+03	2.090723419755516e+04	3.80160537e+00	3.09018580e+00	2.05256524e+00	-3.06284170e-01	-3.12702245e+00	
6	4.013876180703493e+03	3.084885122727720e+03	3.09109369e+00	-1.38020177e-01	-4.11748831e+00	9.90791217e-01	-1.73217382e+00	
9	3.166450689019913e+03	3.314981967881260e+03	-2.66793095e+00	-1.23218149e+00	-3.68198521e+00	4.53000990e-01	-3.52038132e+00	
% instance = 2, name = bbob_f020_i03_d05__bbob_f020_i05_d05
% function evaluation | 2 objectives | 5 variables
1	7.312194174983234e+03	1.166433059781239e+05	3.69838651e+00	1.17868371e+00	2.13308230e+00	-1.54466279e+00	3.21228504e+00	
2	1.097316450637057e+03	8.498995461716853e+02	1.00967553e+00	-8.56550696e-01	7.09471002e-02	3.01232920e+00	1.50496687e-02	
% instance = 3, name = bbob_f020_i07_d05__bbob_f020_i08_d05
% function evaluation | 2 objectives | 5 variables
1	9.829549189002399e+04	7.230362048040304e+04	3.69838651e+00	1.17868371e+00	2.13308230e+00	-1.54466279e+00	3.21228504e+00	
2	1.061375129094592e+03	4.620592475136273e+04	1.00967553e+00	-8.56550696e-01	7.09471002e-02	3.01232920e+00	1.50496687e-02	
3	2.686169493632394e+04	2.763789137826713e+04	-5.01498795e-01	6.43283104e-01	-4.35973793e+00	2.22170005e+00	3.85125057e-01	
4	4.427552647790879e+03	3.420542206898213e+04	-3.66696002e+00	-2.75778991e+00	3.46276250e+00	1.68641129e+00	-3.21077456e+00	
5	1.625146279215124e+03	1.490716735589811e+04	3.80160537e+00	3.09018580e+00	2.05256524e+00	-3.06284170e-01	-3.12702245e+00	
6	2.365689857815212e+04	3.219320577261719e+03	3.09109369e+00	-1.38020177e-01	-4.11748831e+00	9.90791217e-01	-1.73217382e+00	
8	1.000197519298765e+03	3.553084752406786e+04	-4.02033013e+00	1.72379929e+00	2.40744026e+00	1.80268659e+00	-1.77936778e+00	
10	9.411978764296624e+03	1.108848685237552e+04	-3.87371322e+00	3.38691965e+00	-3.05343055e+00	8.79569963e-01	-1.53397246e+00	
% instance = 4, name = bbob_f020_i09_d05__bbob_f020_i10_d05
% function evaluation | 2 objectives | 5 variables
1	2.591522826308313e+04	7.873954468970253e+03	3.69838651e+00	1.17868371e+00	2.13308230e+00	-1.54466279e+00	3.21228504e+00	
2	1.141060867714150e+03	4.587520312498996e+04	1.00967553e+00	-8.56550696e-01	7.09471002e-02	3.01232920e+00	1.50496687e-02	
3	3.493708172181370e+03	1.819810156352261e+04	-5.01498795e-01	6.43283104e-01	-4.35973793e+00	2.22170005e+00	3.85125057e-01	
% instance = 5, name = bbob_f020_i11_d05__bbob_f020_i12_d05
% function evaluation | 2 objectives | 5 variables
1	9.926329888911601e+04	2.549169826308313e+04	3.69838651e+00	1.17868371e+00	2.13308230e+00	-1.54466279e+00	3.21228504e+00	
2	7.640564637582058e+02	7.175308677141503e+02	1.00967553e+00	-8.56550696e-01	7.09471002e-02	3.01232920e+00	1.50496687e-02	
% instance = 6, name = bbob_f020_i13_d05__bbob_f020_i14_d05
% function evaluation | 2 objectives | 5 variables
1	2.519805826308313e+04	7.148624174983234e+03	3.69838651e+00	1.17868371e+00	2.13308230e+00	-1.54466279e+00	3.21228504e+00	
2	4.238908677141503e+02	9.337464506370573e+02	1.00967553e+00	-8.56550696e-01	7.09471002e-02	3.01232920e+00	1.50496687e-02	
% instance = 7, name = bbob_f020_i15_d05__bbob_f020_i16_d05
% function evaluation | 2 objectives | 5 variables
1	2.211597979093094e+04	3.232173002799371e+03	3.69838651e+00	1.17868371e+00	2.13308230e+00	-1.54466279e+00	3.21228504e+00	
2	7.710579300939879e+02	4.498068394938543e+04	1.00967553e+00	-8.56550696e-01	7.09471002e-02	3.01232920e+00	1.50496687e-02	
% instance = 8, name = bbob_f020_i17_d05__bbob_f020_i18_d05
% function evaluation | 2 objectives | 5 variables
1	8.103814174983234e+03	7.232566048040304e+04	3.69838651e+00	1.17868371e+00	2.13308230e+00	-1.54466279e+00	3.21228504e+00	
2	1.888936450637057e+03	4.622796475136274e+04	1.00967553e+00	-8.56550696e-01	7.09471002e-02	3.01232920e+00	1.50496687e-02	
3	2.397204400673999e+04	2.765993137826713e+04	-5.01498795e-01	6.43283104e-01	-4.35973793e+00	2.22170005e+00	3.85125057e-01	
5	7.889607741825779e+04	1.492920735589811e+04	3.80160537e+00	3.09018580e+00	2.05256524e+00	-3.06284170e-01	-3.12702245e+00	
6	5.287595753009117e+04	3.241360577261719e+03	3.09109369e+00	-1.38020177e-01	-4.11748831e+00	9.90791217e-01	-1.73217382e+00	
10	3.512465354081352e+04	1.111052685237552e+04	-3.87371322e+00	3.38691965e+00	-3.05343055e+00	8.79569963e-01	-1.53397246e+00	
% instance = 9, name = bbob_f020_i19_d05__bbob_f020_i21_d05
% function evaluation | 2 objectives | 5 variables
1	1.178003449564064e+05	6.902345200825085e+04	3.69838651e+00	1.17868371e+00	2.13308230e+00	-1.54466279e+00	3.21228504e+00	
2	8.383061601234638e+02	4.635500181374257e+04	1.00967553e+00	-8.56550696e-01	7.09471002e-02	3.01232920e+00	1.50496687e-02	
3	6.908726404173455e+03	2.881824024980826e+04	-5.01498795e-01	6.43283104e-01	-4.35973793e+00	2.22170005e+00	3.85125057e-01	
5	2.389270400678852e+04	5.443603252248652e+03	3.80160537e+00	3.09018580e+00	2.05256524e+00	-3.06284170e-01	-3.12702245e+00	
6	2.260305848619232e+03	2.959946180703494e+03	3.09109369e+00	-1.38020177e-01	-4.11748831e+00	9.90791217e-01	-1.73217382e+00	
9	4.713243763008366e+03	2.112520689019913e+03	-2.66793095e+00	-1.23218149e+00	-3.68198521e+00	4.53000990e-01	-3.52038132e+00	
% instance = 10, name = bbob_f020_i21_d05__bbob_f020_i22_d05
% function evaluation | 2 objectives | 5 variables
1	6.902345200825085e+04	9.827792472994994e+04	3.69838651e+00	1.17868371e+00	2.13308230e+00	-1.54466279e+00	3.21228504e+00	
2	4.635500181374257e+04	9.887371670072603e+02	1.00967553e+00	-8.56550696e-01	7.09471002e-02	3.01232920e+00	1.50496687e-02	
3	2.881824024980826e+04	2.684614486635480e+04	-5.01498795e-01	6.43283104e-01	-4.35973793e+00	2.22170005e+00	3.85125057e-01	
5	5.443603252248652e+03	2.488971574161873e+03	3.80160537e+00	3.09018580e+00	2.05256524e+00	-3.06284170e-01	-3.12702245e+00	
6	2.959946180703494e+03	2.363751205098952e+04	3.09109369e+00	-1.38020177e-01	-4.11748831e+00	9.90791217e-01	-1.73217382e+00	
8	2.755644062874112e+04	9.855429360890987e+02	-4.02033013e+00	1.72379929e+00	2.40744026e+00	1.80268659e+00	-1.77936778e+00	
9	2.112520689019913e+03	2.754605782117326e+04	-2.66793095e+00	-1.23218149e+00	-3.68198521e+00	4.53000990e-01	-3.52038132e+00	
10	5.002828749941956e+03	7.945900634352543e+03	-3.87371322e+00	3.38691965e+00	-3.05343055e+00	8.79569963e-01	-1.53397246e+00	
