% instance = 1, name = bbob_f001_i02_d40__bbob_f021_i04_d40
% function evaluation | 2 objectives 
1	1.148456245246453e+03	5.369329777016856e+01	
2	9.351565169433118e+02	5.375794594569706e+01	
3	9.251809571759807e+02	5.357574964108106e+01	
4	7.788045758795620e+02	5.384746125428254e+01	
8	9.980086123958155e+02	5.182259705883659e+01	
9	8.803058437842785e+02	5.208686163408026e+01	
28	8.468947509360250e+02	5.362407927115443e+01	
32	7.962535348429308e+02	5.369458209816975e+01	
34	8.543333890077754e+02	5.301939809986823e+01	
58	8.129822167886565e+02	5.365689529580764e+01	
66	8.394513373674447e+02	5.359924378691460e+01	
% instance = 2, name = bbob_f001_i03_d40__bbob_f021_i05_d40
% function evaluation | 2 objectives 
1	2.498741495559939e+02	6.015279900020097e+02	
3	2.500640366264411e+02	6.015183603166196e+02	
8	2.484218964998616e+02	6.017348835377389e+02	
9	2.900252677819334e+02	6.006971275217279e+02	
11	2.465294368769167e+02	6.010955255386364e+02	
14	1.023706561719374e+02	6.010553943385964e+02	
17	2.890319958909758e+02	6.001300930066465e+02	
25	9.403373268767467e+01	6.017232929747664e+02	
26	1.934163143034261e+02	5.995320549109590e+02	
38	1.419521036875337e+02	6.010390404140971e+02	
% instance = 3, name = bbob_f001_i07_d40__bbob_f021_i08_d40
% function evaluation | 2 objectives 
1	-4.643459464368578e+02	-3.823236226510497e+02	
4	-4.406163591467689e+02	-3.838009442673812e+02	
9	-5.408898438474123e+02	-3.838143717853887e+02	
11	-5.862536466662723e+02	-3.819467819856499e+02	
20	-5.635638805944775e+02	-3.819581831276021e+02	
22	-7.015546994984775e+02	-3.823365986998211e+02	
39	-5.741400827320381e+02	-3.824342855671360e+02	
58	-4.810251880833482e+02	-3.842050544704310e+02	
63	-5.600664816575668e+02	-3.876501222073269e+02	
% instance = 4, name = bbob_f001_i09_d40__bbob_f021_i10_d40
% function evaluation | 2 objectives 
1	3.628738282921929e+02	3.722976780164372e+02	
3	3.326390148816330e+02	3.726613518335860e+02	
9	3.745202734078985e+02	3.720932827726620e+02	
16	2.689337701697244e+02	3.724548625137247e+02	
17	3.613696219878270e+02	3.721230321246895e+02	
23	4.871623554893889e+02	3.717192310369136e+02	
24	3.433410026592044e+02	3.722147934213481e+02	
27	3.725776309215118e+02	3.720207322922861e+02	
31	3.697168418501215e+02	3.718538531569442e+02	
43	3.922305552848750e+02	3.712759258296797e+02	
48	2.762831446457741e+02	3.719652051379339e+02	
58	4.467084575429960e+02	3.712252123760593e+02	
74	1.907437282226422e+02	3.727320979406772e+02	
77	2.578387765532079e+02	3.724132767363561e+02	
% instance = 5, name = bbob_f001_i11_d40__bbob_f021_i12_d40
% function evaluation | 2 objectives 
1	5.215833627351863e+02	-1.115071267850776e+02	
% instance = 6, name = bbob_f001_i13_d40__bbob_f021_i14_d40
% function evaluation | 2 objectives 
1	4.514611279295472e+02	-4.151404824950096e+02	
5	3.452125707173497e+02	-4.127789263906122e+02	
9	2.996863716225770e+02	-4.129587763860235e+02	
10	2.354602208836631e+02	-4.123739048569575e+02	
20	3.463178200466348e+02	-4.139344235036642e+02	
27	2.912019510257016e+02	-4.126869731920013e+02	
63	2.914651038744521e+02	-4.128957189157740e+02	
68	2.180433449866885e+02	-4.122053796667777e+02	
% instance = 7, name = bbob_f001_i15_d40__bbob_f021_i16_d40
% function evaluation | 2 objectives 
1	7.050956553244690e+02	1.134688669156350e+02	
2	6.783016119471508e+02	1.139993216112837e+02	
8	9.047217429095500e+02	1.132992831317674e+02	
9	6.833686066195380e+02	1.129504273565459e+02	
17	6.760135637374876e+02	1.135972269321528e+02	
18	6.821395260699035e+02	1.134043875003288e+02	
21	9.262713387013382e+02	1.125120484385819e+02	
25	7.261156995916892e+02	1.117965209775020e+02	
28	6.428277818078897e+02	1.136382759059865e+02	
30	6.744839058250245e+02	1.136257356276117e+02	
38	6.703148460616285e+02	1.128466846489750e+02	
50	6.012998055269424e+02	1.139043869526008e+02	
54	6.620347939247902e+02	1.134870545379426e+02	
56	7.217762424922619e+02	1.123826687887120e+02	
63	6.588724384953796e+02	1.128376859436144e+02	
76	6.378397717453200e+02	1.123831438419760e+02	
77	4.930725522866649e+02	1.114249455230447e+02	
% instance = 8, name = bbob_f001_i17_d40__bbob_f021_i18_d40
% function evaluation | 2 objectives 
1	3.220589917113584e+02	-7.392862647338723e+02	
3	3.761589562875074e+02	-7.393227859188710e+02	
6	2.845130951420633e+02	-7.385977873555510e+02	
7	1.803215354413015e+02	-7.387625222193702e+02	
9	2.432019839123104e+02	-7.391206952373489e+02	
10	2.921292267200525e+02	-7.393378792260819e+02	
11	6.479008711423131e+01	-7.386075099047881e+02	
14	2.301753535398202e+02	-7.390729758319623e+02	
17	1.269790064218071e+02	-7.386340171234093e+02	
20	2.884652414348183e+02	-7.396459687595274e+02	
21	2.295126368852466e+02	-7.387641573188494e+02	
23	1.564183057807866e+02	-7.388716638997842e+02	
27	2.340756378144904e+02	-7.392535956779665e+02	
30	5.170099140815233e+01	-7.391734121360032e+02	
32	9.898246583818161e+01	-7.394764578157490e+02	
40	3.844055194201304e+02	-7.407523969261596e+02	
65	4.316364086605063e+01	-7.387511778607230e+02	
77	2.444277273450214e+02	-7.395290541833186e+02	
% instance = 9, name = bbob_f001_i19_d40__bbob_f021_i21_d40
% function evaluation | 2 objectives 
1	3.059674538123251e+02	-1.284584100850583e+02	
2	2.832553461513978e+02	-1.281532206326896e+02	
7	3.861613638457144e+02	-1.289320229138456e+02	
8	2.858344139829710e+02	-1.281953423495721e+02	
9	1.905978495213663e+02	-1.284287388184929e+02	
16	3.956288202396674e+02	-1.291081011421875e+02	
18	2.880512781885866e+02	-1.298168443083072e+02	
20	2.164975439864172e+02	-1.300066672134194e+02	
32	1.950963681613699e+02	-1.303883415725590e+02	
50	1.386137065031953e+02	-1.293994213124367e+02	
62	2.703395200670692e+02	-1.309175774311566e+02	
72	3.055767939486460e+02	-1.313838519760704e+02	
% instance = 10, name = bbob_f001_i21_d40__bbob_f021_i22_d40
% function evaluation | 2 objectives 
1	4.288020894732598e+02	3.590405097946722e+02	
3	4.340295996454065e+02	3.589929226271391e+02	
4	4.768138599196285e+02	3.589596027299568e+02	
7	5.847374246265255e+02	3.588143026857215e+02	
8	3.538532220536897e+02	3.582038500526149e+02	
9	3.898609880925566e+02	3.569268496933915e+02	
10	3.363401120867019e+02	3.590154981510491e+02	
12	2.061196797720227e+02	3.589936632562371e+02	
16	3.096307582652531e+02	3.587182561800240e+02	
22	2.691462326345073e+02	3.587391286058840e+02	
27	2.128639920689869e+02	3.586942193922058e+02	
48	2.173086817608538e+02	3.585732644778941e+02	
59	2.016858041533908e+02	3.583843826292626e+02	
63	1.792086687170195e+02	3.582170986378245e+02	
69	4.161033861022144e+02	3.567209484831805e+02	
