% instance = 1, name = bbob_f002_i02_d05__bbob_f017_i04_d05
% function evaluation | 2 objectives | 5 variables
1	1.048257518342726e+07	8.709894366442646e+01	3.69838651e+00	1.17868371e+00	2.13308230e+00	-1.54466279e+00	3.21228504e+00	
2	7.451942126048976e+05	7.692575738995973e+01	1.00967553e+00	-8.56550696e-01	7.09471002e-02	3.01232920e+00	1.50496687e-02	
4	9.551536088673029e+06	4.530944126558433e+01	-3.66696002e+00	-2.75778991e+00	3.46276250e+00	1.68641129e+00	-3.21077456e+00	
5	8.689637854479969e+06	5.483895275009610e+01	3.80160537e+00	3.09018580e+00	2.05256524e+00	-3.06284170e-01	-3.12702245e+00	
8	3.552503490922359e+06	4.057662014820758e+01	-4.02033013e+00	1.72379929e+00	2.40744026e+00	1.80268659e+00	-1.77936778e+00	
10	2.645726340140443e+06	7.409728435537431e+01	-3.87371322e+00	3.38691965e+00	-3.05343055e+00	8.79569963e-01	-1.53397246e+00	
% instance = 2, name = bbob_f002_i03_d05__bbob_f017_i05_d05
% function evaluation | 2 objectives | 5 variables
1	4.156510999186395e+07	-1.324809050395457e+02	3.69838651e+00	1.17868371e+00	2.13308230e+00	-1.54466279e+00	3.21228504e+00	
2	9.965646445446266e+06	-1.324147710205989e+02	1.00967553e+00	-8.56550696e-01	7.09471002e-02	3.01232920e+00	1.50496687e-02	
4	4.713148862477575e+05	-1.332757248354534e+02	-3.66696002e+00	-2.75778991e+00	3.46276250e+00	1.68641129e+00	-3.21077456e+00	
5	9.257693867010987e+04	-1.387659445651603e+02	3.80160537e+00	3.09018580e+00	2.05256524e+00	-3.06284170e-01	-3.12702245e+00	
% instance = 3, name = bbob_f002_i07_d05__bbob_f017_i08_d05
% function evaluation | 2 objectives | 5 variables
1	3.800772240590895e+05	1.106196129710537e+02	3.69838651e+00	1.17868371e+00	2.13308230e+00	-1.54466279e+00	3.21228504e+00	
2	7.928110942169084e+06	1.003230288224710e+02	1.00967553e+00	-8.56550696e-01	7.09471002e-02	3.01232920e+00	1.50496687e-02	
3	5.946351057349595e+06	8.358773895830223e+01	-5.01498795e-01	6.43283104e-01	-4.35973793e+00	2.22170005e+00	3.85125057e-01	
% instance = 4, name = bbob_f002_i09_d05__bbob_f017_i10_d05
% function evaluation | 2 objectives | 5 variables
1	1.128653080547686e+06	4.880701833922559e+01	3.69838651e+00	1.17868371e+00	2.13308230e+00	-1.54466279e+00	3.21228504e+00	
2	5.036261993151796e+06	4.653317883125722e+01	1.00967553e+00	-8.56550696e-01	7.09471002e-02	3.01232920e+00	1.50496687e-02	
4	2.807706897004591e+07	3.590197524650433e+01	-3.66696002e+00	-2.75778991e+00	3.46276250e+00	1.68641129e+00	-3.21077456e+00	
5	2.751773451693286e+07	2.536658353562189e+01	3.80160537e+00	3.09018580e+00	2.05256524e+00	-3.06284170e-01	-3.12702245e+00	
6	1.633170083762518e+07	2.609652830543343e+01	3.09109369e+00	-1.38020177e-01	-4.11748831e+00	9.90791217e-01	-1.73217382e+00	
10	1.474622089352148e+07	2.939454371121288e+01	-3.87371322e+00	3.38691965e+00	-3.05343055e+00	8.79569963e-01	-1.53397246e+00	
% instance = 5, name = bbob_f002_i11_d05__bbob_f017_i12_d05
% function evaluation | 2 objectives | 5 variables
1	5.051240437179303e+07	8.782110459354637e+01	3.69838651e+00	1.17868371e+00	2.13308230e+00	-1.54466279e+00	3.21228504e+00	
2	1.286532206377601e+07	6.577275076383111e+01	1.00967553e+00	-8.56550696e-01	7.09471002e-02	3.01232920e+00	1.50496687e-02	
4	2.293447093295929e+05	7.261354969593235e+01	-3.66696002e+00	-2.75778991e+00	3.46276250e+00	1.68641129e+00	-3.21077456e+00	
5	2.126941064263377e+05	9.043321618956857e+01	3.80160537e+00	3.09018580e+00	2.05256524e+00	-3.06284170e-01	-3.12702245e+00	
9	4.027935556317040e+04	7.176814870477017e+01	-2.66793095e+00	-1.23218149e+00	-3.68198521e+00	4.53000990e-01	-3.52038132e+00	
% instance = 6, name = bbob_f002_i13_d05__bbob_f017_i14_d05
% function evaluation | 2 objectives | 5 variables
1	2.434760895472552e+07	-1.620362805807506e+02	3.69838651e+00	1.17868371e+00	2.13308230e+00	-1.54466279e+00	3.21228504e+00	
2	3.956118289183581e+06	-1.477473908283798e+02	1.00967553e+00	-8.56550696e-01	7.09471002e-02	3.01232920e+00	1.50496687e-02	
4	3.231855432308295e+06	-1.525510006713230e+02	-3.66696002e+00	-2.75778991e+00	3.46276250e+00	1.68641129e+00	-3.21077456e+00	
5	2.477448503554434e+06	-1.481538762550551e+02	3.80160537e+00	3.09018580e+00	2.05256524e+00	-3.06284170e-01	-3.12702245e+00	
6	5.227904939903971e+05	-1.390366110274512e+02	3.09109369e+00	-1.38020177e-01	-4.11748831e+00	9.90791217e-01	-1.73217382e+00	
7	8.615259945087878e+06	-1.539676268877986e+02	-3.79573636e+00	3.25988744e+00	6.08063478e-02	-3.88380970e+00	-4.77025286e+00	
8	7.604553722479742e+05	-1.603550506459293e+02	-4.02033013e+00	1.72379929e+00	2.40744026e+00	1.80268659e+00	-1.77936778e+00	
10	5.419893715165042e+05	-1.572189957504805e+02	-3.87371322e+00	3.38691965e+00	-3.05343055e+00	8.79569963e-01	-1.53397246e+00	
% instance = 7, name = bbob_f002_i15_d05__bbob_f017_i16_d05
% function evaluation | 2 objectives | 5 variables
1	2.436208661231989e+07	1.928425212679294e+02	3.69838651e+00	1.17868371e+00	2.13308230e+00	-1.54466279e+00	3.21228504e+00	
2	2.909316305538081e+06	2.479856572365877e+02	1.00967553e+00	-8.56550696e-01	7.09471002e-02	3.01232920e+00	1.50496687e-02	
4	2.601790597978927e+06	1.967529737121251e+02	-3.66696002e+00	-2.75778991e+00	3.46276250e+00	1.68641129e+00	-3.21077456e+00	
5	2.307227921331694e+06	2.478243589282613e+02	3.80160537e+00	3.09018580e+00	2.05256524e+00	-3.06284170e-01	-3.12702245e+00	
6	3.713723092216147e+03	3.585485394434210e+02	3.09109369e+00	-1.38020177e-01	-4.11748831e+00	9.90791217e-01	-1.73217382e+00	
8	8.022222338622634e+04	3.329751914103089e+02	-4.02033013e+00	1.72379929e+00	2.40744026e+00	1.80268659e+00	-1.77936778e+00	
% instance = 8, name = bbob_f002_i17_d05__bbob_f017_i18_d05
% function evaluation | 2 objectives | 5 variables
1	2.456678576139819e+06	-1.678499021649259e+02	3.69838651e+00	1.17868371e+00	2.13308230e+00	-1.54466279e+00	3.21228504e+00	
2	3.155385287893375e+06	-2.111459135813691e+02	1.00967553e+00	-8.56550696e-01	7.09471002e-02	3.01232920e+00	1.50496687e-02	
3	1.941447786361793e+06	-2.116006951762617e+02	-5.01498795e-01	6.43283104e-01	-4.35973793e+00	2.22170005e+00	3.85125057e-01	
4	2.295493751140859e+07	-2.263819120587177e+02	-3.66696002e+00	-2.75778991e+00	3.46276250e+00	1.68641129e+00	-3.21077456e+00	
6	1.132219430440533e+07	-2.234723672378935e+02	3.09109369e+00	-1.38020177e-01	-4.11748831e+00	9.90791217e-01	-1.73217382e+00	
8	1.163169858521830e+07	-2.308958986662692e+02	-4.02033013e+00	1.72379929e+00	2.40744026e+00	1.80268659e+00	-1.77936778e+00	
10	9.882912728879998e+06	-2.197579328012593e+02	-3.87371322e+00	3.38691965e+00	-3.05343055e+00	8.79569963e-01	-1.53397246e+00	
% instance = 9, name = bbob_f002_i19_d05__bbob_f017_i21_d05
% function evaluation | 2 objectives | 5 variables
1	4.454847958069368e+07	9.412538912345133e+01	3.69838651e+00	1.17868371e+00	2.13308230e+00	-1.54466279e+00	3.21228504e+00	
2	9.971978452881170e+06	4.893508863808885e+01	1.00967553e+00	-8.56550696e-01	7.09471002e-02	3.01232920e+00	1.50496687e-02	
4	9.143065393561450e+03	1.572378348718317e+02	-3.66696002e+00	-2.75778991e+00	3.46276250e+00	1.68641129e+00	-3.21077456e+00	
5	1.936583878553470e+05	7.897228625580615e+01	3.80160537e+00	3.09018580e+00	2.05256524e+00	-3.06284170e-01	-3.12702245e+00	
6	2.157028699782365e+06	5.950206430128100e+01	3.09109369e+00	-1.38020177e-01	-4.11748831e+00	9.90791217e-01	-1.73217382e+00	
8	2.039409426123443e+06	7.687391131024714e+01	-4.02033013e+00	1.72379929e+00	2.40744026e+00	1.80268659e+00	-1.77936778e+00	
9	2.233471690233897e+05	7.792603443020502e+01	-2.66793095e+00	-1.23218149e+00	-3.68198521e+00	4.53000990e-01	-3.52038132e+00	
% instance = 10, name = bbob_f002_i21_d05__bbob_f017_i22_d05
% function evaluation | 2 objectives | 5 variables
1	5.657249460519128e+07	8.378492803733093e+01	3.69838651e+00	1.17868371e+00	2.13308230e+00	-1.54466279e+00	3.21228504e+00	
2	1.593514891470833e+07	4.951902427116595e+01	1.00967553e+00	-8.56550696e-01	7.09471002e-02	3.01232920e+00	1.50496687e-02	
4	5.592047042930893e+05	7.500229461549188e+01	-3.66696002e+00	-2.75778991e+00	3.46276250e+00	1.68641129e+00	-3.21077456e+00	
6	5.573041008857808e+06	6.099457045582174e+01	3.09109369e+00	-1.38020177e-01	-4.11748831e+00	9.90791217e-01	-1.73217382e+00	
8	5.299530685219041e+06	7.384793145210671e+01	-4.02033013e+00	1.72379929e+00	2.40744026e+00	1.80268659e+00	-1.77936778e+00	
9	1.995255187100130e+05	7.999127703864738e+01	-2.66793095e+00	-1.23218149e+00	-3.68198521e+00	4.53000990e-01	-3.52038132e+00	
