% instance = 1, name = bbob_f015_i02_d40__bbob_f020_i04_d40
% function evaluation | 2 objectives 
1	3.770249201308614e+03	5.246267315920214e+05	
2	2.627731893806459e+03	3.612316508713691e+05	
3	5.753633171276821e+03	2.150925146976415e+05	
8	4.228905391943117e+03	3.439025859151927e+05	
9	2.948704853980441e+03	2.415020458222881e+05	
34	2.847947818173273e+03	2.911328072994062e+05	
38	2.579690090810733e+03	3.644148048760445e+05	
41	4.776230938704151e+03	2.338319413792090e+05	
44	7.025415157130656e+03	1.710700289795873e+05	
47	3.749675618484651e+03	1.739762095167682e+05	
56	2.526466950635096e+03	3.220401347388572e+05	
59	3.133018225593474e+03	2.327130480676829e+05	
60	2.617144022036046e+03	2.504165523159570e+05	
% instance = 2, name = bbob_f015_i03_d40__bbob_f020_i05_d40
% function evaluation | 2 objectives 
1	3.296527240340180e+03	2.989460057053931e+05	
2	2.761817681767965e+03	5.080706265823370e+05	
4	2.623492711037476e+03	2.688148508280971e+05	
9	1.500047611281267e+03	2.558371235692056e+05	
20	3.005567525003429e+03	1.198131912675077e+05	
22	2.063289754883862e+03	2.126765197634225e+05	
% instance = 3, name = bbob_f015_i07_d40__bbob_f020_i08_d40
% function evaluation | 2 objectives 
1	3.813458923198350e+03	2.324046091143033e+05	
2	3.431094144266848e+03	4.371295013994504e+05	
8	2.351747395648719e+03	5.135372440416221e+05	
9	2.295317266770217e+03	3.331465373191866e+05	
12	3.020032446845341e+03	3.120697636700841e+05	
14	4.182279280071300e+03	1.957501441400199e+05	
23	3.512728627500478e+03	2.116922616557663e+05	
27	4.072804321956687e+03	1.568330083873694e+05	
34	2.703271773916883e+03	2.735637571634104e+05	
43	2.587047122723373e+03	2.537774824631259e+05	
51	2.281104446569706e+03	6.069900613192095e+05	
58	2.713076194395001e+03	1.853137717420311e+05	
% instance = 4, name = bbob_f015_i09_d40__bbob_f020_i10_d40
% function evaluation | 2 objectives 
1	4.555660838337223e+03	2.359382283477317e+05	
7	7.151182976017225e+03	1.750041898649711e+05	
9	6.686391207961543e+03	2.274523178424637e+05	
10	4.362009482167793e+03	3.142911288984263e+05	
12	2.389986711198329e+03	6.201478605686133e+05	
18	4.073086605677030e+03	3.852090436586065e+05	
20	9.309207503368836e+03	9.120585204014376e+04	
22	6.080874136461559e+03	1.928855693930849e+05	
27	3.803085088413245e+03	3.100941366250593e+05	
31	3.339988837214255e+03	2.350056770982087e+05	
32	4.496159037060836e+03	2.306939796984322e+05	
54	4.032852318821640e+03	2.165846593275864e+05	
% instance = 5, name = bbob_f015_i11_d40__bbob_f020_i12_d40
% function evaluation | 2 objectives 
1	3.933838337997783e+03	2.115446325957522e+05	
2	3.387267818783635e+03	4.716555352501970e+05	
4	3.135780984564722e+03	3.554386307799158e+05	
5	3.134986348608874e+03	6.211580422373257e+05	
9	2.046258709945132e+03	2.403521235256993e+05	
27	5.743855496399679e+03	1.511740663622143e+05	
38	4.622976662516461e+03	1.142796013424158e+05	
74	1.915775207119247e+03	2.396039720908926e+05	
% instance = 6, name = bbob_f015_i13_d40__bbob_f020_i14_d40
% function evaluation | 2 objectives 
1	5.756633123943807e+03	5.956851100616737e+05	
2	5.631686266609718e+03	4.784396364598420e+05	
3	3.824256664842746e+03	5.254177484515739e+05	
4	3.154316717426836e+03	4.579890939289635e+05	
5	2.914959470453147e+03	5.438095500971241e+05	
6	9.228406599861853e+03	4.049263844299263e+05	
8	4.971401245560143e+03	4.495888762920874e+05	
9	2.818737192461373e+03	4.101099862812509e+05	
10	2.644825489313312e+03	3.963541441063119e+05	
14	5.845636990989402e+03	1.710793860044850e+05	
17	4.066126436304549e+03	3.712946346271879e+05	
19	2.747022551116350e+03	3.679677357489990e+05	
20	2.281361394510531e+03	2.551489076902767e+05	
36	2.810399292968534e+03	2.509283470221977e+05	
56	5.293590305650893e+03	2.113880145477397e+05	
69	3.025942585432528e+03	2.140300604284324e+05	
% instance = 7, name = bbob_f015_i15_d40__bbob_f020_i16_d40
% function evaluation | 2 objectives 
1	2.816072918440855e+03	4.597932849585158e+05	
2	2.520791205510053e+03	6.705232569625851e+05	
3	2.597476247020963e+03	3.784118236121646e+05	
6	2.420401277681631e+03	3.685682507296642e+05	
9	2.287107858534738e+03	6.398578490799182e+05	
10	4.249682052881039e+03	2.417145157693308e+05	
12	2.151555778843289e+03	4.913375488205726e+05	
14	1.791573174032464e+03	2.879709107630514e+05	
17	1.782550744920926e+03	2.840396366416658e+05	
20	2.803001785542541e+03	1.977667547749470e+05	
25	1.399374630638332e+03	3.144819934173239e+05	
32	1.759368549088876e+03	2.341779293432592e+05	
36	2.106934455605348e+03	1.436435240590046e+05	
38	1.294386568183740e+03	5.224083895763532e+05	
44	2.304375024439310e+03	1.330157624024663e+05	
77	1.626974726487851e+03	2.778521740961496e+05	
% instance = 8, name = bbob_f015_i17_d40__bbob_f020_i18_d40
% function evaluation | 2 objectives 
1	3.942023090406584e+03	3.273662748631370e+05	
3	3.459860407637850e+03	2.219747465043303e+05	
9	2.752380267839542e+03	5.182672885523808e+05	
17	3.140255264412682e+03	3.194979494479490e+05	
23	5.252703146612887e+03	1.344586374664868e+05	
26	3.139555940547468e+03	3.952530516184603e+05	
32	3.035735717623505e+03	4.102654112454701e+05	
55	3.186848144676290e+03	2.419381107905535e+05	
65	2.846040951913246e+03	2.089512494658974e+05	
% instance = 9, name = bbob_f015_i19_d40__bbob_f020_i21_d40
% function evaluation | 2 objectives 
1	2.859742837502768e+03	5.783117180257596e+05	
3	2.748649606198195e+03	6.666894942262494e+05	
4	3.975179797389994e+03	3.261645739856343e+05	
5	3.606794048728749e+03	5.155470682104279e+05	
9	3.796290814830562e+03	4.379143388833000e+05	
10	4.478561310721340e+03	1.941933318274622e+05	
14	4.157364347883157e+03	1.608438683959756e+05	
16	3.020065030595570e+03	4.147469479379529e+05	
19	3.659769326419665e+03	3.964667622728302e+05	
20	2.382236449821233e+03	2.798226272281457e+05	
27	3.571833711069932e+03	2.441052829580056e+05	
36	3.485974508816164e+03	1.974177631498080e+05	
43	2.631154522591504e+03	2.386703672546986e+05	
% instance = 10, name = bbob_f015_i21_d40__bbob_f020_i22_d40
% function evaluation | 2 objectives 
1	4.868654361398387e+03	3.748051719176932e+05	
3	3.434550573882661e+03	2.234010513319135e+05	
17	2.958359479010658e+03	5.297429230567010e+05	
20	3.030380058530388e+03	2.101611828353617e+05	
32	4.009557573650680e+03	2.035612780206757e+05	
37	3.581042799822439e+03	1.821601689104389e+05	
44	3.028211407732487e+03	3.669120602746523e+05	
45	2.801591185682080e+03	3.095208093557895e+05	
63	4.545901433182548e+03	1.809704639262647e+05	
65	2.607136460778539e+03	2.866103637230610e+05	
