% function evaluation | noise-free fitness - Fopt (-1.184600000000e+02) | best noise-free fitness - Fopt | measured fitness | best measured fitness | x1 | x2...
1 +4.001557505e+07 +4.001557505e+07 +4.001545659e+07 +4.001545659e+07 +3.6984e+00 +1.1787e+00 +2.1331e+00 -1.5447e+00 +3.2123e+00 +1.0097e+00 -8.5655e-01 +7.0947e-02 +3.0123e+00 +1.5050e-02 -5.0150e-01 +6.4328e-01 -4.3597e+00 +2.2217e+00 +3.8513e-01 -3.6670e+00 -2.7578e+00 +3.4628e+00 +1.6864e+00 -3.2108e+00
2 +1.882965253e+07 +1.882965253e+07 +1.882953407e+07 +1.882953407e+07 +3.8016e+00 +3.0902e+00 +2.0526e+00 -3.0628e-01 -3.1270e+00 +3.0911e+00 -1.3802e-01 -4.1175e+00 +9.9079e-01 -1.7322e+00 -3.7957e+00 +3.2599e+00 +6.0806e-02 -3.8838e+00 -4.7703e+00 -4.0203e+00 +1.7238e+00 +2.4074e+00 +1.8027e+00 -1.7794e+00
3 +2.228702730e+06 +2.228702730e+06 +2.228584270e+06 +2.228584270e+06 -2.6679e+00 -1.2322e+00 -3.6820e+00 +4.5300e-01 -3.5204e+00 -3.8737e+00 +3.3869e+00 -3.0534e+00 +8.7957e-01 -1.5340e+00 -4.7361e-01 +2.2285e+00 -7.2479e-01 -2.2236e+00 -2.4504e+00 +2.6317e+00 -4.5239e+00 +3.5344e+00 -3.2576e-01 -4.4305e+00
37 +4.960203759e+05 +4.960203759e+05 +4.959019159e+05 +4.959019159e+05 -1.0614e+00 -2.4325e+00 +1.5455e+00 -3.8599e+00 +3.2256e+00 -9.3639e-01 +4.3772e+00 +2.2430e+00 -4.4626e+00 -1.0518e+00 +2.5363e+00 +4.9515e+00 -2.0307e+00 +3.9696e-01 +3.7441e+00 -4.1572e+00 -2.4543e+00 +3.5797e+00 -3.7611e+00 +2.0296e+00
83 +5.571594095e+04 +5.571594095e+04 +5.559748095e+04 +5.559748095e+04 -2.8564e+00 -4.5727e+00 +2.9756e+00 +1.7048e+00 -6.6754e-01 +1.8368e+00 -3.1148e+00 -3.4012e+00 -3.5932e+00 +3.9085e-02 -1.1509e+00 -3.0706e+00 -3.9428e-01 -3.7681e+00 +6.5343e-02 -1.6281e+00 +1.2215e+00 -3.2471e+00 +2.3186e+00 -1.3680e+00
% function evaluation | noise-free fitness - Fopt (9.973000000000e+01) | best noise-free fitness - Fopt | measured fitness | best measured fitness | x1 | x2...
1 +6.590282119e+06 +6.590282119e+06 +6.590381849e+06 +6.590381849e+06 +3.6984e+00 +1.1787e+00 +2.1331e+00 -1.5447e+00 +3.2123e+00 +1.0097e+00 -8.5655e-01 +7.0947e-02 +3.0123e+00 +1.5050e-02 -5.0150e-01 +6.4328e-01 -4.3597e+00 +2.2217e+00 +3.8513e-01 -3.6670e+00 -2.7578e+00 +3.4628e+00 +1.6864e+00 -3.2108e+00
2 +2.563253346e+06 +2.563253346e+06 +2.563353076e+06 +2.563353076e+06 +3.8016e+00 +3.0902e+00 +2.0526e+00 -3.0628e-01 -3.1270e+00 +3.0911e+00 -1.3802e-01 -4.1175e+00 +9.9079e-01 -1.7322e+00 -3.7957e+00 +3.2599e+00 +6.0806e-02 -3.8838e+00 -4.7703e+00 -4.0203e+00 +1.7238e+00 +2.4074e+00 +1.8027e+00 -1.7794e+00
12 +9.481029348e+04 +9.481029348e+04 +9.491002348e+04 +9.491002348e+04 -3.2989e+00 +1.6448e+00 +1.8198e+00 +2.0942e-01 +1.8632e+00 +4.0093e+00 -1.3215e+00 +4.3981e+00 -3.4588e+00 -4.6136e+00 -1.4208e+00 +4.0558e-02 -3.9965e+00 +3.0589e+00 -6.5893e-01 -2.9457e+00 -4.6390e+00 +4.5621e+00 -4.2239e+00 -3.9365e-01
19 +4.200075543e+04 +4.200075543e+04 +4.210048543e+04 +4.210048543e+04 +1.0447e+00 +9.9770e-01 +2.7568e+00 +7.5323e-02 +1.1842e+00 -1.8764e+00 -3.4019e-03 +3.4584e+00 -2.2559e+00 -2.5383e+00 -4.9492e+00 +3.3619e+00 -3.3091e-01 -5.9185e-01 +1.3378e+00 -4.0070e+00 +2.1210e+00 +1.0354e+00 -4.9821e+00 +2.1663e+00
20 +2.519417681e+02 +2.519417681e+02 +3.516717681e+02 +3.516717681e+02 -7.5780e-01 -1.1157e-01 +7.3709e-01 -4.6407e+00 -2.6740e+00 -4.5940e+00 -3.1744e+00 -1.3496e+00 -1.4738e+00 +2.6441e+00 -3.7722e+00 +4.2144e+00 -2.0379e+00 +4.6783e+00 -8.7739e-01 +1.0890e+00 +2.2344e-01 +2.6992e+00 +1.5822e+00 -4.8664e+00
% function evaluation | noise-free fitness - Fopt (4.044000000000e+01) | best noise-free fitness - Fopt | measured fitness | best measured fitness | x1 | x2...
1 +8.684321261e+06 +8.684321261e+06 +8.684361701e+06 +8.684361701e+06 +3.6984e+00 +1.1787e+00 +2.1331e+00 -1.5447e+00 +3.2123e+00 +1.0097e+00 -8.5655e-01 +7.0947e-02 +3.0123e+00 +1.5050e-02 -5.0150e-01 +6.4328e-01 -4.3597e+00 +2.2217e+00 +3.8513e-01 -3.6670e+00 -2.7578e+00 +3.4628e+00 +1.6864e+00 -3.2108e+00
3 +3.066098353e+05 +3.066098353e+05 +3.066502753e+05 +3.066502753e+05 -2.6679e+00 -1.2322e+00 -3.6820e+00 +4.5300e-01 -3.5204e+00 -3.8737e+00 +3.3869e+00 -3.0534e+00 +8.7957e-01 -1.5340e+00 -4.7361e-01 +2.2285e+00 -7.2479e-01 -2.2236e+00 -2.4504e+00 +2.6317e+00 -4.5239e+00 +3.5344e+00 -3.2576e-01 -4.4305e+00
13 +1.630544945e+05 +1.630544945e+05 +1.630949345e+05 +1.630949345e+05 +2.4991e+00 -1.9384e+00 -4.7756e+00 +3.6361e+00 -3.7279e+00 +2.1136e+00 +4.9934e-01 +2.7093e+00 -3.4274e+00 -4.3980e+00 -4.9593e+00 -2.3553e+00 -4.7812e-01 +2.9855e+00 +2.7789e+00 -4.6047e+00 -3.7758e+00 +3.8020e+00 -1.4761e+00 -7.6161e-01
18 +2.693959374e+04 +2.693959374e+04 +2.698003374e+04 +2.698003374e+04 -3.9024e-01 -2.8740e+00 -2.2689e+00 +1.2948e+00 +1.4631e+00 -2.0998e+00 -3.3686e+00 +6.3188e-01 -2.8744e+00 -3.8943e-01 -1.6773e+00 -7.4516e-01 -1.7111e+00 +4.4473e-01 -1.6000e+00 -2.4239e-01 +4.0083e+00 -4.0709e+00 +4.0890e+00 +3.2711e+00
% function evaluation | noise-free fitness - Fopt (-1.216000000000e+02) | best noise-free fitness - Fopt | measured fitness | best measured fitness | x1 | x2...
1 +2.612636640e+07 +2.612636640e+07 +2.612624480e+07 +2.612624480e+07 +3.6984e+00 +1.1787e+00 +2.1331e+00 -1.5447e+00 +3.2123e+00 +1.0097e+00 -8.5655e-01 +7.0947e-02 +3.0123e+00 +1.5050e-02 -5.0150e-01 +6.4328e-01 -4.3597e+00 +2.2217e+00 +3.8513e-01 -3.6670e+00 -2.7578e+00 +3.4628e+00 +1.6864e+00 -3.2108e+00
3 +5.122102357e+04 +5.122102357e+04 +5.109942357e+04 +5.109942357e+04 -2.6679e+00 -1.2322e+00 -3.6820e+00 +4.5300e-01 -3.5204e+00 -3.8737e+00 +3.3869e+00 -3.0534e+00 +8.7957e-01 -1.5340e+00 -4.7361e-01 +2.2285e+00 -7.2479e-01 -2.2236e+00 -2.4504e+00 +2.6317e+00 -4.5239e+00 +3.5344e+00 -3.2576e-01 -4.4305e+00
4 +1.426661812e+04 +1.426661812e+04 +1.414501812e+04 +1.414501812e+04 +4.6560e+00 -4.6556e+00 -4.3050e+00 +4.2233e+00 +4.2652e+00 +3.9650e+00 -3.9738e+00 +2.9711e+00 +4.2334e+00 -4.9474e+00 +1.9460e+00 -9.4486e-01 -3.2559e+00 -1.1383e+00 +2.4925e+00 -2.5095e+00 +8.0383e-01 -4.7298e+00 +8.8745e-01 +3.8622e+00
31 +8.591028533e+03 +8.591028533e+03 +8.469428533e+03 +8.469428533e+03 +4.5914e+00 +1.6071e+00 +2.0035e+00 -1.0751e+00 -8.7266e-01 -1.5045e-01 -2.0307e+00 -1.7077e+00 -4.1636e+00 +3.2952e+00 +2.6692e+00 +3.7742e+00 +3.2269e+00 +3.7532e+00 +2.1970e+00 -4.2566e+00 -3.6902e+00 -4.0384e+00 +3.5435e+00 -2.7284e+00
% function evaluation | noise-free fitness - Fopt (-3.811000000000e+01) | best noise-free fitness - Fopt | measured fitness | best measured fitness | x1 | x2...
1 +2.019131021e+06 +2.019131021e+06 +2.019092911e+06 +2.019092911e+06 +3.6984e+00 +1.1787e+00 +2.1331e+00 -1.5447e+00 +3.2123e+00 +1.0097e+00 -8.5655e-01 +7.0947e-02 +3.0123e+00 +1.5050e-02 -5.0150e-01 +6.4328e-01 -4.3597e+00 +2.2217e+00 +3.8513e-01 -3.6670e+00 -2.7578e+00 +3.4628e+00 +1.6864e+00 -3.2108e+00
7 +5.838230822e+04 +5.838230822e+04 +5.834419822e+04 +5.834419822e+04 +2.0033e+00 -2.6516e+00 -4.7740e+00 -2.9879e+00 +2.3158e+00 +2.9826e+00 +2.1466e+00 -3.9937e+00 -2.5674e+00 -4.0520e+00 -3.2085e+00 +3.8712e+00 -3.8887e+00 +1.7920e+00 -3.7272e+00 +3.4466e+00 -4.7782e+00 +4.3807e+00 -1.3294e+00 +8.3550e-02
23 +1.673773189e+04 +1.673773189e+04 +1.669962189e+04 +1.669962189e+04 -1.5341e+00 +4.2615e+00 -4.1713e+00 +2.8304e+00 +3.9071e+00 -1.2203e+00 -2.0949e+00 -2.4052e+00 +3.4758e+00 -3.6235e+00 +9.4410e-01 +1.5421e+00 -2.8908e+00 -2.1468e+00 -4.7603e+00 +3.1889e+00 -1.2778e+00 +5.2423e-01 -2.3643e+00 -1.3265e-02
58 +1.029670865e+04 +1.029670865e+04 +1.025859865e+04 +1.025859865e+04 -4.2756e-01 +2.6690e+00 -4.2579e+00 -1.5613e+00 +7.7503e-01 -4.9958e+00 +1.7784e+00 +1.9698e+00 -3.5460e+00 -2.6438e+00 +1.1548e+00 +3.3292e+00 +1.8383e+00 +3.0116e+00 -4.3972e+00 +3.2521e+00 -4.3499e+00 -9.2214e-01 -3.1302e+00 -1.9841e+00
