% function evaluation | noise-free fitness - Fopt (-5.984300000000e+02) | best noise-free fitness - Fopt | measured fitness | best measured fitness | x1 | x2...
1 +2.865343245e+07 +2.865343245e+07 +2.865283402e+07 +2.865283402e+07 +3.6984e+00 +1.1787e+00 +2.1331e+00 -1.5447e+00 +3.2123e+00 +1.0097e+00 -8.5655e-01 +7.0947e-02 +3.0123e+00 +1.5050e-02
2 +2.786633569e+05 +2.786633569e+05 +2.780649269e+05 +2.780649269e+05 -5.0150e-01 +6.4328e-01 -4.3597e+00 +2.2217e+00 +3.8513e-01 -3.6670e+00 -2.7578e+00 +3.4628e+00 +1.6864e+00 -3.2108e+00
38 +8.298191181e+04 +8.298191181e+04 +8.238348181e+04 +8.238348181e+04 -4.9492e+00 +3.3619e+00 -3.3091e-01 -5.9185e-01 +1.3378e+00 -4.0070e+00 +2.1210e+00 +1.0354e+00 -4.9821e+00 +2.1663e+00
48 +2.229943622e+02 +2.229943622e+02 -3.754356378e+02 -3.754356378e+02 -1.5088e+00 -2.9134e+00 -3.1815e+00 +3.9472e+00 +4.9287e+00 -4.3895e+00 +2.7879e+00 +3.2883e+00 -3.5197e+00 +3.8136e+00
% function evaluation | noise-free fitness - Fopt (-8.542000000000e+01) | best noise-free fitness - Fopt | measured fitness | best measured fitness | x1 | x2...
1 +2.708628774e+07 +2.708628774e+07 +2.708620232e+07 +2.708620232e+07 +3.6984e+00 +1.1787e+00 +2.1331e+00 -1.5447e+00 +3.2123e+00 +1.0097e+00 -8.5655e-01 +7.0947e-02 +3.0123e+00 +1.5050e-02
2 +8.858236923e+06 +8.858236923e+06 +8.858151503e+06 +8.858151503e+06 -5.0150e-01 +6.4328e-01 -4.3597e+00 +2.2217e+00 +3.8513e-01 -3.6670e+00 -2.7578e+00 +3.4628e+00 +1.6864e+00 -3.2108e+00
4 +2.642925097e+06 +2.642925097e+06 +2.642839677e+06 +2.642839677e+06 -3.7957e+00 +3.2599e+00 +6.0806e-02 -3.8838e+00 -4.7703e+00 -4.0203e+00 +1.7238e+00 +2.4074e+00 +1.8027e+00 -1.7794e+00
5 +2.025212262e+06 +2.025212262e+06 +2.025126842e+06 +2.025126842e+06 -2.6679e+00 -1.2322e+00 -3.6820e+00 +4.5300e-01 -3.5204e+00 -3.8737e+00 +3.3869e+00 -3.0534e+00 +8.7957e-01 -1.5340e+00
8 +1.947437062e+05 +1.947437062e+05 +1.946582862e+05 +1.946582862e+05 +1.9460e+00 -9.4486e-01 -3.2559e+00 -1.1383e+00 +2.4925e+00 -2.5095e+00 +8.0383e-01 -4.7298e+00 +8.8745e-01 +3.8622e+00
39 +3.426538838e+02 +3.426538838e+02 +2.572338838e+02 +2.572338838e+02 -7.5780e-01 -1.1157e-01 +7.3709e-01 -4.6407e+00 -2.6740e+00 -4.5940e+00 -3.1744e+00 -1.3496e+00 -1.4738e+00 +2.6441e+00
% function evaluation | noise-free fitness - Fopt (1.932500000000e+02) | best noise-free fitness - Fopt | measured fitness | best measured fitness | x1 | x2...
1 +1.375844697e+07 +1.375844697e+07 +1.375864022e+07 +1.375864022e+07 +3.6984e+00 +1.1787e+00 +2.1331e+00 -1.5447e+00 +3.2123e+00 +1.0097e+00 -8.5655e-01 +7.0947e-02 +3.0123e+00 +1.5050e-02
2 +2.058456850e+06 +2.058456850e+06 +2.058650100e+06 +2.058650100e+06 -5.0150e-01 +6.4328e-01 -4.3597e+00 +2.2217e+00 +3.8513e-01 -3.6670e+00 -2.7578e+00 +3.4628e+00 +1.6864e+00 -3.2108e+00
7 +2.537462442e+05 +2.537462442e+05 +2.539394942e+05 +2.539394942e+05 +4.6560e+00 -4.6556e+00 -4.3050e+00 +4.2233e+00 +4.2652e+00 +3.9650e+00 -3.9738e+00 +2.9711e+00 +4.2334e+00 -4.9474e+00
15 +2.152980792e+05 +2.152980792e+05 +2.154913292e+05 +2.154913292e+05 +2.6384e+00 -1.6243e+00 -2.8947e+00 +9.4687e-01 +4.7634e+00 +3.3811e+00 +7.6928e-01 -4.8589e+00 +5.1321e-01 +3.3567e+00
19 +1.273695343e+05 +1.273695343e+05 +1.275627843e+05 +1.275627843e+05 -3.4719e+00 +3.9557e-01 -2.8446e+00 +4.5067e+00 +3.2044e+00 +2.8560e+00 -1.4458e+00 -3.9359e+00 -4.0909e+00 +1.3651e+00
29 +2.978917954e+04 +2.978917954e+04 +2.998242954e+04 +2.998242954e+04 +3.1527e+00 +7.3683e-01 -3.5271e+00 -4.4282e+00 +1.1100e+00 +4.6303e+00 +1.4110e+00 -2.2855e+00 +3.4271e+00 -4.1522e+00
% function evaluation | noise-free fitness - Fopt (-1.815000000000e+02) | best noise-free fitness - Fopt | measured fitness | best measured fitness | x1 | x2...
1 +6.698680081e+06 +6.698680081e+06 +6.698498581e+06 +6.698498581e+06 +3.6984e+00 +1.1787e+00 +2.1331e+00 -1.5447e+00 +3.2123e+00 +1.0097e+00 -8.5655e-01 +7.0947e-02 +3.0123e+00 +1.5050e-02
4 +6.590928594e+05 +6.590928594e+05 +6.589113594e+05 +6.589113594e+05 -3.7957e+00 +3.2599e+00 +6.0806e-02 -3.8838e+00 -4.7703e+00 -4.0203e+00 +1.7238e+00 +2.4074e+00 +1.8027e+00 -1.7794e+00
9 +3.530073376e+05 +3.530073376e+05 +3.528258376e+05 +3.528258376e+05 -4.3207e+00 +2.6995e-01 +3.7421e+00 -2.9507e+00 +8.7332e-01 +3.7811e+00 +1.8706e-02 +2.9112e+00 +3.4771e+00 -2.2954e+00
13 +6.292487113e+04 +6.292487113e+04 +6.274337113e+04 +6.274337113e+04 +2.0033e+00 -2.6516e+00 -4.7740e+00 -2.9879e+00 +2.3158e+00 +2.9826e+00 +2.1466e+00 -3.9937e+00 -2.5674e+00 -4.0520e+00
89 +1.890536760e+02 +1.890536760e+02 +7.553676015e+00 +7.553676015e+00 +4.9672e+00 -6.1367e-01 +4.6566e+00 +2.4804e+00 +2.1738e+00 +2.2560e+00 -3.6461e+00 +3.4968e-01 +1.4802e+00 -2.2173e+00
% function evaluation | noise-free fitness - Fopt (4.526200000000e+02) | best noise-free fitness - Fopt | measured fitness | best measured fitness | x1 | x2...
1 +2.024093065e+06 +2.024093065e+06 +2.024545685e+06 +2.024545685e+06 +3.6984e+00 +1.1787e+00 +2.1331e+00 -1.5447e+00 +3.2123e+00 +1.0097e+00 -8.5655e-01 +7.0947e-02 +3.0123e+00 +1.5050e-02
4 +6.313735428e+05 +6.313735428e+05 +6.318261628e+05 +6.318261628e+05 -3.7957e+00 +3.2599e+00 +6.0806e-02 -3.8838e+00 -4.7703e+00 -4.0203e+00 +1.7238e+00 +2.4074e+00 +1.8027e+00 -1.7794e+00
5 +1.414003207e+05 +1.414003207e+05 +1.418529407e+05 +1.418529407e+05 -2.6679e+00 -1.2322e+00 -3.6820e+00 +4.5300e-01 -3.5204e+00 -3.8737e+00 +3.3869e+00 -3.0534e+00 +8.7957e-01 -1.5340e+00
16 +2.371468227e+04 +2.371468227e+04 +2.416730227e+04 +2.416730227e+04 -2.4346e+00 +2.9541e+00 -1.6852e+00 +3.9242e+00 -2.1498e+00 +5.2187e-01 +2.2975e-01 -4.3779e+00 +1.0779e+00 +1.8851e+00
58 +9.116434320e+03 +9.116434320e+03 +9.569054320e+03 +9.569054320e+03 -2.8882e+00 +3.9202e+00 +2.3275e-01 -5.5415e-01 +2.8055e-01 +2.5046e+00 +4.6176e+00 +2.7306e+00 -3.4691e+00 +6.1016e-01
