% function evaluation | noise-free fitness - Fopt (3.960400000000e+02) | best noise-free fitness - Fopt | measured fitness | best measured fitness | x1 | x2...
1 +4.216294926e+03 +4.216294926e+03 +4.612334926e+03 +4.612334926e+03 +3.6984e+00 +1.1787e+00 +2.1331e+00 -1.5447e+00 +3.2123e+00 +1.0097e+00 -8.5655e-01 +7.0947e-02 +3.0123e+00 +1.5050e-02 -5.0150e-01 +6.4328e-01 -4.3597e+00 +2.2217e+00 +3.8513e-01 -3.6670e+00 -2.7578e+00 +3.4628e+00 +1.6864e+00 -3.2108e+00
2 +3.898997505e+03 +3.898997505e+03 +4.295037505e+03 +4.295037505e+03 +3.8016e+00 +3.0902e+00 +2.0526e+00 -3.0628e-01 -3.1270e+00 +3.0911e+00 -1.3802e-01 -4.1175e+00 +9.9079e-01 -1.7322e+00 -3.7957e+00 +3.2599e+00 +6.0806e-02 -3.8838e+00 -4.7703e+00 -4.0203e+00 +1.7238e+00 +2.4074e+00 +1.8027e+00 -1.7794e+00
3 +2.080837564e+03 +2.080837564e+03 +2.476877564e+03 +2.476877564e+03 -2.6679e+00 -1.2322e+00 -3.6820e+00 +4.5300e-01 -3.5204e+00 -3.8737e+00 +3.3869e+00 -3.0534e+00 +8.7957e-01 -1.5340e+00 -4.7361e-01 +2.2285e+00 -7.2479e-01 -2.2236e+00 -2.4504e+00 +2.6317e+00 -4.5239e+00 +3.5344e+00 -3.2576e-01 -4.4305e+00
6 +1.046750249e+03 +1.046750249e+03 +1.442790249e+03 +1.442790249e+03 +3.8828e+00 -1.1870e+00 +1.6380e+00 +3.8079e+00 -4.8715e+00 +3.3393e+00 -1.0053e+00 -3.8455e+00 -4.0750e+00 +2.6397e+00 +2.4054e+00 +1.4662e+00 +3.7271e+00 -3.6561e+00 -9.0829e-01 +1.6897e-01 +1.9600e-01 -3.3165e+00 -3.0456e+00 +1.5240e+00
27 +9.724387097e+02 +9.724387097e+02 +1.368478710e+03 +1.368478710e+03 -3.4056e+00 -4.1559e+00 -1.2823e+00 +3.9305e+00 -3.6471e+00 +4.5092e+00 -4.7421e-01 +1.9545e+00 +2.4643e+00 -1.3566e+00 +4.6607e+00 -2.7207e+00 +2.4319e+00 -4.4369e+00 +3.3489e+00 -2.3238e+00 +3.4932e+00 -1.9311e+00 +1.3139e+00 +4.0151e+00
35 +6.168619361e+02 +6.168619361e+02 +1.012901936e+03 +1.012901936e+03 -4.3956e-01 -8.9856e-01 +1.6814e+00 +2.4454e+00 -1.9350e+00 +2.3157e-01 -7.4737e-01 +3.3452e+00 +3.7987e+00 -1.5435e+00 +8.2842e-01 +1.2718e+00 +1.9835e+00 +3.7212e-01 -6.2796e-01 +2.2829e+00 +1.2100e+00 -1.5398e+00 -4.6313e+00 -3.1322e+00
% function evaluation | noise-free fitness - Fopt (1.281100000000e+02) | best noise-free fitness - Fopt | measured fitness | best measured fitness | x1 | x2...
1 +1.699854998e+03 +1.699854998e+03 +1.827964998e+03 +1.827964998e+03 +3.6984e+00 +1.1787e+00 +2.1331e+00 -1.5447e+00 +3.2123e+00 +1.0097e+00 -8.5655e-01 +7.0947e-02 +3.0123e+00 +1.5050e-02 -5.0150e-01 +6.4328e-01 -4.3597e+00 +2.2217e+00 +3.8513e-01 -3.6670e+00 -2.7578e+00 +3.4628e+00 +1.6864e+00 -3.2108e+00
2 +1.057323889e+03 +1.057323889e+03 +1.185433889e+03 +1.185433889e+03 +3.8016e+00 +3.0902e+00 +2.0526e+00 -3.0628e-01 -3.1270e+00 +3.0911e+00 -1.3802e-01 -4.1175e+00 +9.9079e-01 -1.7322e+00 -3.7957e+00 +3.2599e+00 +6.0806e-02 -3.8838e+00 -4.7703e+00 -4.0203e+00 +1.7238e+00 +2.4074e+00 +1.8027e+00 -1.7794e+00
7 +9.546151735e+02 +9.546151735e+02 +1.082725173e+03 +1.082725173e+03 +2.0033e+00 -2.6516e+00 -4.7740e+00 -2.9879e+00 +2.3158e+00 +2.9826e+00 +2.1466e+00 -3.9937e+00 -2.5674e+00 -4.0520e+00 -3.2085e+00 +3.8712e+00 -3.8887e+00 +1.7920e+00 -3.7272e+00 +3.4466e+00 -4.7782e+00 +4.3807e+00 -1.3294e+00 +8.3550e-02
97 +4.801920678e+02 +4.801920678e+02 +6.083020678e+02 +6.083020678e+02 +3.0959e+00 -1.0641e+00 -7.7993e-01 +4.9257e+00 +4.6370e+00 +1.3554e+00 -3.6114e+00 +2.7561e+00 -4.1089e+00 +4.4168e+00 -5.9851e-02 +1.9042e+00 +3.3292e+00 +3.5208e+00 +2.6191e+00 -4.7528e+00 +4.3921e+00 +7.5946e-01 -4.1734e+00 +2.8485e+00
% function evaluation | noise-free fitness - Fopt (-2.923500000000e+02) | best noise-free fitness - Fopt | measured fitness | best measured fitness | x1 | x2...
1 +2.212731660e+03 +2.212731660e+03 +1.920381660e+03 +1.920381660e+03 +3.6984e+00 +1.1787e+00 +2.1331e+00 -1.5447e+00 +3.2123e+00 +1.0097e+00 -8.5655e-01 +7.0947e-02 +3.0123e+00 +1.5050e-02 -5.0150e-01 +6.4328e-01 -4.3597e+00 +2.2217e+00 +3.8513e-01 -3.6670e+00 -2.7578e+00 +3.4628e+00 +1.6864e+00 -3.2108e+00
18 +5.889839832e+02 +5.889839832e+02 +2.966339832e+02 +2.966339832e+02 -3.9024e-01 -2.8740e+00 -2.2689e+00 +1.2948e+00 +1.4631e+00 -2.0998e+00 -3.3686e+00 +6.3188e-01 -2.8744e+00 -3.8943e-01 -1.6773e+00 -7.4516e-01 -1.7111e+00 +4.4473e-01 -1.6000e+00 -2.4239e-01 +4.0083e+00 -4.0709e+00 +4.0890e+00 +3.2711e+00
% function evaluation | noise-free fitness - Fopt (3.110100000000e+02) | best noise-free fitness - Fopt | measured fitness | best measured fitness | x1 | x2...
1 +1.620303059e+03 +1.620303059e+03 +1.931313059e+03 +1.931313059e+03 +3.6984e+00 +1.1787e+00 +2.1331e+00 -1.5447e+00 +3.2123e+00 +1.0097e+00 -8.5655e-01 +7.0947e-02 +3.0123e+00 +1.5050e-02 -5.0150e-01 +6.4328e-01 -4.3597e+00 +2.2217e+00 +3.8513e-01 -3.6670e+00 -2.7578e+00 +3.4628e+00 +1.6864e+00 -3.2108e+00
3 +1.494032447e+03 +1.494032447e+03 +1.805042447e+03 +1.805042447e+03 -2.6679e+00 -1.2322e+00 -3.6820e+00 +4.5300e-01 -3.5204e+00 -3.8737e+00 +3.3869e+00 -3.0534e+00 +8.7957e-01 -1.5340e+00 -4.7361e-01 +2.2285e+00 -7.2479e-01 -2.2236e+00 -2.4504e+00 +2.6317e+00 -4.5239e+00 +3.5344e+00 -3.2576e-01 -4.4305e+00
19 +9.495368288e+02 +9.495368288e+02 +1.260546829e+03 +1.260546829e+03 +1.0447e+00 +9.9770e-01 +2.7568e+00 +7.5323e-02 +1.1842e+00 -1.8764e+00 -3.4019e-03 +3.4584e+00 -2.2559e+00 -2.5383e+00 -4.9492e+00 +3.3619e+00 -3.3091e-01 -5.9185e-01 +1.3378e+00 -4.0070e+00 +2.1210e+00 +1.0354e+00 -4.9821e+00 +2.1663e+00
87 +5.776580578e+02 +5.776580578e+02 +8.886680578e+02 +8.886680578e+02 +1.9674e+00 -3.2594e+00 +6.7696e-01 +2.8199e+00 +4.0319e+00 -3.5220e+00 -9.5769e-01 -1.1584e-01 +4.7508e+00 -2.7944e-02 -3.0137e+00 -2.0265e-01 -4.0035e+00 -5.4516e-01 +7.1138e-01 +3.8016e+00 -3.8143e+00 +3.8845e+00 -1.2828e+00 -1.5066e+00
% function evaluation | noise-free fitness - Fopt (-8.051800000000e+02) | best noise-free fitness - Fopt | measured fitness | best measured fitness | x1 | x2...
1 +2.229775229e+03 +2.229775229e+03 +1.424595229e+03 +1.424595229e+03 +3.6984e+00 +1.1787e+00 +2.1331e+00 -1.5447e+00 +3.2123e+00 +1.0097e+00 -8.5655e-01 +7.0947e-02 +3.0123e+00 +1.5050e-02 -5.0150e-01 +6.4328e-01 -4.3597e+00 +2.2217e+00 +3.8513e-01 -3.6670e+00 -2.7578e+00 +3.4628e+00 +1.6864e+00 -3.2108e+00
4 +1.358318252e+03 +1.358318252e+03 +5.531382519e+02 +5.531382519e+02 +4.6560e+00 -4.6556e+00 -4.3050e+00 +4.2233e+00 +4.2652e+00 +3.9650e+00 -3.9738e+00 +2.9711e+00 +4.2334e+00 -4.9474e+00 +1.9460e+00 -9.4486e-01 -3.2559e+00 -1.1383e+00 +2.4925e+00 -2.5095e+00 +8.0383e-01 -4.7298e+00 +8.8745e-01 +3.8622e+00
17 +3.972111362e+02 +3.972111362e+02 -4.079688638e+02 -4.079688638e+02 -4.6348e-01 -1.2142e+00 -1.8215e+00 +2.4228e+00 +1.5386e+00 +2.7974e+00 -1.3636e+00 +3.9759e+00 +3.3439e+00 +1.6748e+00 -6.3943e-01 +1.6363e-01 -3.4782e+00 -4.1129e-01 -4.0606e-01 -3.4226e-01 -3.8379e+00 -7.8617e-01 -4.4380e+00 -2.7828e+00
