% instance = 1, name = bbob_f013_i02_d05__bbob_f017_i04_d05
% function evaluation | 2 objectives | 5 variables
1	1.897506347883357e+03	7.468467980979470e+02	5.88426461e-01	-2.67254385e+00	-1.12191023e+01	-3.95668560e+00	2.28129770e+00	
% instance = 2, name = bbob_f013_i03_d05__bbob_f017_i05_d05
% function evaluation | 2 objectives | 5 variables
1	4.720622985005586e+03	2.217651237609314e+03	-8.01265548e+00	2.39628846e+00	-1.43091280e+01	1.13373749e+01	-1.36852457e+01	
2	2.902917984565707e+03	1.617847996819122e+03	8.59126435e-03	-1.75526945e+01	2.51171330e-01	-2.13277964e+00	-6.55867277e+00	
4	3.246091012334599e+03	1.585766002084053e+03	-1.46734665e+01	-3.92092615e+00	-1.19352458e+01	-9.08651586e-01	6.40117220e+00	
7	1.174615999773250e+03	2.546624941520984e+02	-6.39104939e-01	-6.32767791e+00	7.83898354e+00	7.88897942e+00	1.71025299e+00	
% instance = 3, name = bbob_f013_i07_d05__bbob_f017_i08_d05
% function evaluation | 2 objectives | 5 variables
1	5.427915357270142e+03	1.982454655730963e+03	-6.72654016e+00	-1.52407536e+01	-1.37240922e+01	6.32588122e+00	-7.45200078e-01	
3	3.165086028474631e+03	3.164553183395428e+03	1.52152259e+01	-1.87690748e+01	7.73774830e+00	-2.89090198e+00	5.11122188e+00	
4	5.909840017962469e+03	1.933198627788532e+03	-1.05659528e+01	-1.58672601e+01	-4.99936623e+00	-3.83034424e+00	-1.02500154e+01	
6	5.177062511249816e+03	2.197909600112395e+03	-1.13603135e+01	8.93861949e-01	-1.19831437e+01	-8.48485337e+00	2.00286567e+00	
7	5.159950090450551e+03	2.482734469758399e+03	-2.99654062e+00	-2.72777408e+00	-5.78298657e-01	-1.98461074e+01	-4.16673783e+00	
8	1.051623239559495e+03	2.176993990690490e+02	8.16319063e+00	-5.05629308e+00	4.42676400e+00	-1.99264962e+00	3.40946381e+00	
% instance = 4, name = bbob_f013_i09_d05__bbob_f017_i10_d05
% function evaluation | 2 objectives | 5 variables
1	3.040717432073906e+03	1.462750497160739e+02	6.83579636e-01	-2.92197686e+00	1.96815836e+00	2.80718385e+00	6.46679945e+00	
8	1.858256313414946e+03	4.447524677833239e+02	-1.18632601e+00	1.75918734e+00	-4.61639769e+00	1.01759825e+01	-8.35529678e+00	
% instance = 5, name = bbob_f013_i11_d05__bbob_f017_i12_d05
% function evaluation | 2 objectives | 5 variables
1	5.531506398378529e+03	1.529837876155240e+03	9.09324176e+00	-8.02335262e+00	1.54986568e+01	-7.71821241e+00	-3.92452126e+00	
2	3.147372583676130e+03	1.252537985211659e+03	-2.08458932e+00	-7.61310501e+00	-1.44808579e+01	2.70906591e+00	3.09453550e+00	
6	4.940820733370136e+03	1.199803465042189e+03	1.29710681e+01	1.05066024e+00	1.04471989e+01	-8.67956274e+00	1.23925745e-01	
% instance = 6, name = bbob_f013_i13_d05__bbob_f017_i14_d05
% function evaluation | 2 objectives | 5 variables
1	4.255096891913058e+03	3.444051106792270e+03	1.89464264e+01	-2.81917986e+00	-1.72222526e+01	-3.09685475e+00	-8.25737914e+00	
3	4.603599972100119e+03	2.481396212331490e+03	1.04458241e+01	-1.59050642e+01	-8.38532775e+00	-1.29102097e+01	-1.44752850e+00	
5	3.244718338718651e+03	5.207141756087236e+02	-3.53314897e+00	1.31568114e+01	7.29678069e-01	5.58657540e+00	2.00405559e+00	
9	1.111290010516108e+03	-1.593955883978338e+02	-5.45109265e+00	2.12143578e+00	4.24866651e+00	2.77486507e+00	-2.44679100e+00	
% instance = 7, name = bbob_f013_i15_d05__bbob_f017_i16_d05
% function evaluation | 2 objectives | 5 variables
1	6.642484317574392e+03	3.476037994018722e+04	8.36458684e+00	1.50778374e+01	-1.29253201e+01	1.78000413e+01	-3.65829257e-01	
2	4.389478836175579e+03	2.535162545855682e+03	-1.64060914e+01	-4.84953948e+00	6.36592619e+00	-3.73271966e-02	1.38542279e+01	
3	2.427152236726034e+03	3.019305729446731e+02	-3.08789544e+00	-5.92703274e+00	-2.46749429e+00	1.90066403e-01	-3.25326385e+00	
% instance = 8, name = bbob_f013_i17_d05__bbob_f017_i18_d05
% function evaluation | 2 objectives | 5 variables
1	5.361711955718121e+03	5.537415095597408e+03	-7.18457117e+00	-2.28943649e+01	-7.98726710e+00	-8.76650326e+00	-1.96483093e+01	
2	2.972108256691092e+03	4.813183658943298e+03	6.43172487e+00	-3.88162337e+00	-7.80528405e+00	1.51653298e+00	-2.43430782e+01	
5	3.458446180165090e+03	2.244533676350514e+03	-3.76251839e-01	-1.47166464e+01	1.60841981e+01	1.47890714e+00	1.95367898e+00	
7	3.017552248636686e+03	6.050103700724178e+02	-3.34424127e+00	-1.00085465e+01	8.44068813e+00	-1.14171768e+01	-4.04722563e+00	
8	1.828303239861153e+03	1.034534322096186e+02	-5.28662986e+00	3.67910089e+00	7.68281199e+00	-5.54970338e+00	-1.00131430e+01	
% instance = 9, name = bbob_f013_i19_d05__bbob_f017_i21_d05
% function evaluation | 2 objectives | 5 variables
1	4.012196937193730e+03	1.100065032535926e+04	-6.88137070e+00	-6.91614881e+00	1.48010949e+00	-2.52183487e+01	3.38914611e+00	
2	5.320359662546447e+03	2.348755718423304e+03	-1.38073499e+01	1.58504649e+01	-8.00782241e+00	-9.58516160e+00	3.93277506e+00	
8	1.988744744267887e+03	1.810808226861449e+03	1.57584831e+00	-1.18879546e+01	-9.30141650e-01	-8.60195462e+00	-1.43065503e+00	
10	1.589673648229420e+03	1.868391387245319e+02	-8.15340902e+00	1.34721862e+00	-3.62053405e+00	6.34075526e+00	2.98673330e+00	
% instance = 10, name = bbob_f013_i21_d05__bbob_f017_i22_d05
% function evaluation | 2 objectives | 5 variables
1	4.244641302472394e+03	9.472186027055150e+02	-8.96633881e+00	1.07189197e+01	8.89428009e+00	-4.38542108e+00	-8.39286289e+00	
4	2.345730074045524e+03	1.740720401537871e+02	-9.51057719e-01	3.84495809e+00	-6.85096498e+00	1.97931875e+00	4.88351697e+00	
