% instance = 1, name = bbob_f013_i02_d40__bbob_f014_i04_d40
% function evaluation | 2 objectives 
1	1.364283063407676e+04	3.398483974483332e+03	
5	1.074129464689513e+04	2.437986670856258e+03	
36	1.039587973970893e+04	1.642309491576034e+03	
58	1.641595687786714e+04	1.292987995341722e+03	
% instance = 2, name = bbob_f013_i03_d40__bbob_f014_i05_d40
% function evaluation | 2 objectives 
1	1.781124420016348e+04	8.402780142460877e+03	
2	1.421104171127110e+04	2.082609384546992e+04	
3	1.382059830146829e+04	4.161219543934898e+03	
5	1.015246257043886e+04	1.766120861790756e+03	
19	1.165334556364052e+04	1.540668242303178e+03	
23	9.688113547577639e+03	8.281496432731221e+03	
68	1.434839884245526e+04	9.939449652158736e+02	
% instance = 3, name = bbob_f013_i07_d40__bbob_f014_i08_d40
% function evaluation | 2 objectives 
1	1.419875322383804e+04	5.867254283151226e+03	
3	1.403881919126219e+04	4.891808410568081e+03	
5	1.325363712639463e+04	1.084695491758588e+04	
7	1.155312323975000e+04	4.182427495709249e+03	
10	1.259804591749641e+04	4.092102610605408e+03	
17	1.376155057433408e+04	2.103057461335738e+03	
23	1.058339090438897e+04	2.228680964237048e+03	
24	1.279687643930782e+04	1.992363142273537e+03	
58	1.270151760686930e+04	1.818030985709168e+03	
63	9.967121353852212e+03	2.554836222759575e+03	
% instance = 4, name = bbob_f013_i09_d40__bbob_f014_i10_d40
% function evaluation | 2 objectives 
1	1.292552757118266e+04	7.869440439563048e+03	
2	1.358838573933186e+04	6.184614024796261e+03	
4	1.097106667692535e+04	7.028617904136654e+03	
5	1.256916344579675e+04	4.271442438408328e+03	
6	1.465894366876463e+04	4.270702863519773e+03	
8	1.407857250087406e+04	3.678661426194596e+03	
10	1.483377838168624e+04	2.443546272089994e+03	
17	1.050326551109720e+04	1.294880563149656e+04	
19	1.180452675707223e+04	3.820929977042121e+03	
20	1.361089955849263e+04	2.405063779574902e+03	
22	1.228211382967918e+04	3.169273955729648e+03	
23	7.957944150029276e+03	7.391644216805955e+03	
28	1.167975748238027e+04	2.962824303177956e+03	
59	1.142394471120769e+04	3.928788196812701e+03	
70	1.532676070368871e+04	2.145154704932870e+03	
% instance = 5, name = bbob_f013_i11_d40__bbob_f014_i12_d40
% function evaluation | 2 objectives 
1	1.530923444716754e+04	1.043462837620109e+04	
2	1.627397809718834e+04	4.434104017151685e+03	
3	1.465569376639041e+04	3.884237461321553e+03	
7	1.833483673061225e+04	3.415523067232493e+03	
9	1.318134400537198e+04	5.064102261461453e+03	
16	1.235608639307907e+04	5.101709976465269e+03	
19	1.172247620209322e+04	4.499592091512640e+03	
25	1.544412585495487e+04	3.412259718304108e+03	
26	1.315802910616677e+04	3.255209770044918e+03	
33	1.421317919788368e+04	1.867501265710808e+03	
36	1.257538819861720e+04	2.467542621356142e+03	
47	1.225012942206735e+04	2.292806467629391e+03	
51	1.165835893997210e+04	5.848739425441596e+03	
% instance = 6, name = bbob_f013_i13_d40__bbob_f014_i14_d40
% function evaluation | 2 objectives 
1	1.084886640703828e+04	2.145386858616026e+03	
15	9.318992731271506e+03	6.590260443789366e+03	
21	1.208740328466199e+04	7.229367999994295e+02	
29	1.030413605194523e+04	2.133585422434355e+03	
% instance = 7, name = bbob_f013_i15_d40__bbob_f014_i16_d40
% function evaluation | 2 objectives 
1	1.567923136785781e+04	8.945997392652414e+03	
4	1.462898385735615e+04	6.627461572011762e+03	
5	1.309411870105450e+04	2.563787411059256e+03	
6	1.294809963001328e+04	5.367309116391869e+03	
10	1.278277558713437e+04	6.471648419051169e+03	
43	1.200681024660005e+04	8.217272344159806e+03	
44	1.296143458512255e+04	4.648259586824478e+03	
49	1.089446584514886e+04	2.825493599966783e+03	
67	1.281191790703544e+04	2.674997637818136e+03	
73	1.468503384540639e+04	2.433423448038535e+03	
79	1.230303425944832e+04	1.762253736362285e+03	
% instance = 8, name = bbob_f013_i17_d40__bbob_f014_i18_d40
% function evaluation | 2 objectives 
1	1.621495765250229e+04	7.145363808882424e+03	
2	1.559613150264238e+04	1.201756341024773e+04	
3	1.243808818767582e+04	4.394914908150121e+03	
5	1.057127889286966e+04	5.972080786069228e+03	
6	1.264593720977728e+04	4.251273728851374e+03	
11	1.046027116500081e+04	3.092648150797301e+03	
18	9.350468118578819e+03	2.565845405218320e+03	
56	1.204924115759042e+04	1.756112994843857e+03	
% instance = 9, name = bbob_f013_i19_d40__bbob_f014_i21_d40
% function evaluation | 2 objectives 
1	1.914611095687383e+04	3.158445820615165e+04	
2	1.377611933854616e+04	1.250385316548816e+04	
3	1.337300862636675e+04	9.243661925940962e+03	
5	1.458386851804207e+04	7.330189308011727e+03	
8	1.598589268824119e+04	6.384232218391332e+03	
10	1.324792179570615e+04	2.571492262570437e+03	
11	1.269751173473220e+04	1.008764520522343e+04	
12	1.194741270118501e+04	3.959351950720615e+03	
16	1.089658472302709e+04	6.871911516563157e+03	
21	1.166382913528319e+04	2.499859195160916e+03	
25	1.125218326377432e+04	4.128614913404926e+03	
38	9.048452566438051e+03	2.037564310870023e+03	
% instance = 10, name = bbob_f013_i21_d40__bbob_f014_i22_d40
% function evaluation | 2 objectives 
1	1.263610934805669e+04	4.450034647659395e+03	
2	1.503350645919892e+04	4.096364623058892e+03	
3	1.408213738553004e+04	4.219736989750805e+03	
5	1.342004855502292e+04	3.156087268990918e+03	
6	1.137539223319247e+04	9.602859375115313e+03	
7	1.196064682674608e+04	1.643843010964817e+03	
10	1.130890600929414e+04	1.633325661535715e+03	
18	1.127276508704169e+04	1.406553096060752e+03	
24	1.068779009451715e+04	2.691404790128561e+03	
55	1.066230214214281e+04	1.321728396576113e+03	
