% instance = 1, name = bbob_f008_i02_d40__bbob_f015_i04_d40
% function evaluation | 2 objectives 
1	3.228391601508732e+08	2.218874698019009e+06	
2	5.232043116644324e+07	9.045831038382748e+04	
7	6.644091565650407e+07	4.980762303876640e+04	
34	1.266182502408201e+08	2.307139151081074e+04	
42	5.116451975771902e+07	1.301772723041661e+05	
% instance = 2, name = bbob_f008_i03_d40__bbob_f015_i05_d40
% function evaluation | 2 objectives 
1	2.068899822706687e+08	7.051630149959013e+05	
2	1.164540280558366e+08	9.528169936314934e+04	
4	7.638732046508522e+07	2.695178496034737e+05	
8	9.636187418718892e+07	1.034884734958468e+05	
9	7.128789799318323e+07	1.053866085619296e+05	
12	1.009345491178814e+08	6.577182708920712e+04	
15	5.794910772198916e+07	2.160782981867299e+05	
20	8.183141981480327e+07	8.180257668481175e+04	
40	1.047631879182229e+08	1.987354046768916e+04	
47	6.377479964025036e+07	1.916729452724644e+05	
58	6.694786435832667e+07	1.743727718322691e+05	
63	6.311188802434951e+07	6.935003816490617e+04	
% instance = 3, name = bbob_f008_i07_d40__bbob_f015_i08_d40
% function evaluation | 2 objectives 
1	1.228935583728066e+08	1.994044725641324e+05	
2	1.070933896190794e+08	8.065216570044118e+04	
3	7.677030443415540e+07	7.027658312471295e+04	
36	3.231808873339061e+07	3.542941813369477e+04	
37	2.880827738040953e+07	3.844098849970508e+04	
% instance = 4, name = bbob_f008_i09_d40__bbob_f015_i10_d40
% function evaluation | 2 objectives 
1	2.510362127852010e+08	3.616603193361921e+06	
2	6.531513650609888e+07	3.858428470625518e+04	
28	8.233766579792736e+07	3.806474136640409e+04	
43	4.702199177918091e+07	6.261290799175528e+04	
% instance = 5, name = bbob_f008_i11_d40__bbob_f015_i12_d40
% function evaluation | 2 objectives 
1	1.025529114852812e+08	4.042619615360195e+04	
7	5.972172816499320e+07	3.429503583619741e+05	
16	9.357652989810452e+07	1.508803441397660e+05	
17	8.557146238730784e+07	8.868915394779484e+04	
19	7.347077711404669e+07	4.157421353387049e+04	
27	1.183052984334430e+08	3.396491803842645e+04	
28	5.851517344304758e+07	5.464231383371284e+04	
29	9.546732356510083e+07	3.762346113205726e+04	
31	7.701115768778664e+07	2.340567972623471e+04	
64	4.582841023820671e+07	4.049635072625887e+04	
72	1.355844109365653e+08	2.085143951294326e+04	
% instance = 6, name = bbob_f008_i13_d40__bbob_f015_i14_d40
% function evaluation | 2 objectives 
1	4.483198518393622e+07	1.949019081462087e+05	
2	3.638252836915736e+08	1.596301079997112e+05	
4	2.524403087105748e+08	1.663021811971034e+05	
5	5.096798131086445e+07	1.098137523447817e+05	
8	7.885504047048910e+07	7.196096856990935e+04	
12	4.347248851670807e+07	3.697998378251295e+04	
27	5.880637421812917e+07	2.825679883681999e+04	
61	9.512938459666623e+07	2.487134475753365e+04	
% instance = 7, name = bbob_f008_i15_d40__bbob_f015_i16_d40
% function evaluation | 2 objectives 
1	1.125370345199968e+08	2.836864792724583e+05	
5	8.361228439707227e+07	2.663022539691422e+06	
7	1.095439821980754e+08	5.105494983504633e+04	
9	9.571207086508088e+07	2.465509329157810e+05	
18	7.414702201629141e+07	1.062086925286690e+05	
24	6.605061947330578e+07	3.775029006826423e+04	
25	5.558964298961385e+07	3.784308189440517e+05	
27	3.462791946757308e+07	5.121923834792971e+04	
37	4.415958573416408e+07	2.273636280301177e+04	
71	3.795524998948823e+07	4.203988183399931e+04	
% instance = 8, name = bbob_f008_i17_d40__bbob_f015_i18_d40
% function evaluation | 2 objectives 
1	1.356359107387641e+08	1.897249130111946e+05	
3	1.594046806993519e+08	7.488565127091779e+04	
5	6.633586804251122e+07	4.349972937966225e+04	
8	6.192340866119387e+07	9.646411808554515e+04	
30	9.670488606515887e+07	3.157613204996653e+04	
38	4.211455751792720e+07	1.883710217124907e+05	
53	1.278555241241523e+08	2.508344393436690e+04	
% instance = 9, name = bbob_f008_i19_d40__bbob_f015_i21_d40
% function evaluation | 2 objectives 
1	1.693013894214575e+08	2.240255025948432e+05	
2	1.162007760585840e+08	2.369489269768426e+05	
3	2.030686406936720e+08	2.165761103640799e+05	
6	1.043274385419470e+08	1.967804599584509e+05	
10	7.645038453253216e+07	2.793526856698399e+05	
12	5.753078136322577e+07	1.405359531539095e+05	
14	8.650574296756934e+07	1.136680576024177e+05	
17	2.799985827718092e+08	1.134973637181294e+05	
30	4.358752441185940e+07	1.517740567079241e+06	
34	4.320932314168090e+07	4.147282554979124e+04	
% instance = 10, name = bbob_f008_i21_d40__bbob_f015_i22_d40
% function evaluation | 2 objectives 
1	2.243166146657969e+08	3.683894181882846e+05	
3	8.994982471155243e+07	1.624597618746749e+05	
6	8.894805595557752e+07	4.115917336984543e+04	
15	8.806696125612839e+07	3.854080851399389e+05	
21	4.685020076057491e+07	9.163912826523955e+04	
25	4.096353040037031e+07	9.920083528775225e+05	
35	7.043424407530731e+07	4.313807252292334e+04	
38	4.625748540612736e+07	1.006192290803927e+05	
46	2.529690791787706e+07	3.004081508925615e+04	
