% instance = 1, name = bbob_f020_i02_d05__bbob_f021_i04_d05
% function evaluation | 2 objectives | 5 variables
1	5.300171324646870e+05	1.879981394781512e+02	-1.28239845e+01	-1.08476597e+01	-3.37137793e+00	-7.45842205e+00	-1.07043003e+01	
5	9.719929634765061e+04	1.031267796319973e+02	-1.20072789e+01	-2.44504288e+00	3.35459536e+00	-5.24043857e+00	-4.35827816e+00	
% instance = 2, name = bbob_f020_i03_d05__bbob_f021_i05_d05
% function evaluation | 2 objectives | 5 variables
1	7.999258996201557e+05	8.286328544649642e+02	8.11854613e+00	-7.63649262e-02	-1.96695583e+01	4.88742533e-02	-6.32143281e+00	
2	8.678098482551913e+05	7.250299219807965e+02	8.44659586e+00	-1.40470187e+00	1.35360548e+01	-3.84219978e+00	-1.11904174e+01	
3	8.356774113786855e+05	8.133462107285748e+02	6.60362997e-01	-1.83405032e+01	-2.51334448e+00	9.89149108e-01	-1.07802928e+01	
8	2.326734625906672e+05	8.172002916777296e+02	-1.91957196e+01	-2.83751074e+00	5.07870671e+00	8.70309215e+00	-1.75037585e+00	
10	2.790345760401433e+05	6.996900279881335e+02	-1.13017701e+01	-1.10679094e+01	9.60356338e+00	-4.09785507e+00	-4.43001511e+00	
% instance = 3, name = bbob_f020_i07_d05__bbob_f021_i08_d05
% function evaluation | 2 objectives | 5 variables
1	9.488319488534636e+05	-1.871151966101903e+02	2.34177195e-01	2.13084348e+00	1.46753544e+01	3.90305210e+00	-1.50507193e+01	
2	2.225257285194502e+05	-3.541848270726746e+02	-9.91989009e+00	3.64133224e+00	-5.45872575e+00	-4.25428759e+00	-8.20737723e+00	
7	3.015630984613711e+05	-3.605482360362785e+02	-6.44551408e+00	-2.64258539e+00	-5.57809741e+00	-6.22154265e-01	-1.04756463e+01	
9	1.443827745333936e+05	-3.043743432231480e+02	2.83355415e+00	-1.37977777e+01	1.50380514e+00	-4.58058907e-01	-3.95779850e+00	
% instance = 4, name = bbob_f020_i09_d05__bbob_f021_i10_d05
% function evaluation | 2 objectives | 5 variables
1	6.396627453486825e+05	8.742178787498970e+02	-1.72601736e+01	-2.23510143e+01	-8.72782331e+00	-4.04256269e+00	1.09938516e+01	
2	1.289975950002960e+05	4.438174406069970e+02	-1.29039763e+01	-7.80317444e+00	5.67931967e+00	2.72107226e+00	-3.54890866e+00	
6	5.158646336242546e+04	3.687238108889939e+02	4.74840771e+00	-5.82543274e+00	-1.42785115e-01	6.51471469e+00	2.31297897e+00	
% instance = 5, name = bbob_f020_i11_d05__bbob_f021_i12_d05
% function evaluation | 2 objectives | 5 variables
1	1.366610385335303e+06	2.562112530305697e+02	-8.21234461e+00	-2.63665636e-01	-1.71597179e+00	-2.33663356e+01	-9.22663100e+00	
2	4.954417270355286e+05	-4.371782464003599e+01	-2.45886364e+00	-1.48588857e+00	-5.27448085e+00	-7.68150935e+00	-1.26363732e+01	
4	1.434672797099487e+05	1.522215044430956e+01	3.15383039e-02	-1.56720059e+01	-8.25960766e+00	3.79590752e+00	-2.79331796e+00	
10	1.638550160922733e+05	-4.149063871194051e+01	-9.90359381e+00	9.59055380e+00	9.38692249e+00	6.85506122e+00	-9.54703054e-02	
% instance = 6, name = bbob_f020_i13_d05__bbob_f021_i14_d05
% function evaluation | 2 objectives | 5 variables
1	4.771307461092118e+05	-2.015811839453905e+02	6.62602235e+00	-8.27553464e+00	1.90403110e+01	5.00229338e+00	-4.23453143e+00	
6	3.318819704364542e+05	-3.888936656403503e+02	-5.77050893e+00	-9.70899044e+00	3.73721726e+00	-5.66084138e+00	-4.22871813e+00	
9	3.162361955922450e+05	-3.961316511212101e+02	6.30758292e-01	-4.34871113e-01	-8.78898063e+00	-6.32797845e+00	-4.62707705e+00	
% instance = 7, name = bbob_f020_i15_d05__bbob_f021_i16_d05
% function evaluation | 2 objectives | 5 variables
1	9.617596687899043e+05	3.674482518779501e+02	-1.53503982e+00	-2.06739941e+01	5.57313464e+00	-7.40880541e+00	-6.22797897e+00	
3	6.805416624251361e+05	1.428905943535183e+02	8.70297709e-01	2.22106986e+00	7.73650419e+00	-3.22307872e+00	-9.61497585e+00	
5	6.758633048559553e+05	1.776872678894695e+02	-7.22657343e+00	1.11778392e+01	-5.39363204e+00	-9.27735561e+00	-6.40635237e+00	
8	3.182197028734166e+05	1.683491812964201e+02	2.02260720e+00	6.58639194e+00	-1.08109410e+01	9.23494936e+00	-2.43112029e+00	
% instance = 8, name = bbob_f020_i17_d05__bbob_f021_i18_d05
% function evaluation | 2 objectives | 5 variables
1	6.130513412823461e+05	-6.177510380991447e+02	-1.97905205e+00	3.38682660e-01	-1.06262195e+00	-1.50714914e+01	9.39529961e+00	
2	6.393043795832777e+05	-7.192127400127722e+02	2.66723142e+00	-6.57017452e+00	-4.62763033e+00	-3.23801897e+00	-9.20149165e+00	
9	5.582447738036199e+05	-5.950365418645049e+02	-9.67559616e+00	5.53879798e+00	-1.59913691e+01	-5.76751933e+00	4.78653698e+00	
% instance = 9, name = bbob_f020_i19_d05__bbob_f021_i21_d05
% function evaluation | 2 objectives | 5 variables
1	1.529483351984522e+06	1.598858064052401e+02	1.70423278e-01	3.73391055e+00	-1.45086246e+01	6.19923926e+00	-1.90020891e+01	
3	4.074349873333977e+05	-2.216649139170883e+01	-7.94434558e+00	-1.26747227e+01	3.84419270e+00	-4.24724517e+00	-1.12133556e+01	
6	3.079737694625895e+05	7.432387294310652e+01	-1.40286068e+01	-2.56921002e+00	-1.59924160e+01	3.35750445e-01	-3.41514531e+00	
7	4.619768921438548e+05	-6.637645333821064e+01	3.16218776e+00	1.15844471e+01	-6.83627971e+00	2.04331947e+00	8.86671023e+00	
% instance = 10, name = bbob_f020_i21_d05__bbob_f021_i22_d05
% function evaluation | 2 objectives | 5 variables
1	2.325667280231943e+06	1.203785197868480e+03	1.85390419e+00	-6.12538165e+00	-1.97097868e+00	-3.19314988e+01	1.58599119e+01	
2	2.602454484671809e+05	3.706882530590423e+02	-1.35371866e+00	-5.68055524e+00	-3.83041468e+00	-8.11393824e+00	-6.99697368e+00	
4	1.086022634141452e+05	3.527004965479701e+02	-2.34353499e+00	-5.73865959e+00	-5.28720064e+00	6.99174780e+00	-5.38204009e+00	
