% instance = 1, name = bbob_f002_i02_d40__bbob_f017_i04_d40
% function evaluation | 2 objectives 
1	1.831942510243338e+08	1.963274429682314e+04	
2	5.656800208996004e+08	1.792264946662012e+04	
11	5.187853604056030e+08	1.938745727876709e+04	
18	1.551392429970749e+08	9.750914664242406e+03	
21	5.864222672520865e+07	1.616630935744009e+04	
39	8.843325984049828e+07	1.308464705787546e+04	
% instance = 2, name = bbob_f002_i03_d40__bbob_f017_i05_d40
% function evaluation | 2 objectives 
1	2.347167451304391e+08	9.252473367436964e+04	
2	2.540007855022384e+08	1.830716313695977e+04	
5	2.858152948221884e+08	1.620870021968643e+04	
6	2.104582808513726e+08	1.578758921076613e+04	
12	1.813714033093006e+08	2.695620107280486e+04	
14	1.202127993640971e+08	4.490512548300145e+04	
19	7.951614643981442e+08	1.104188411940803e+04	
27	7.425676844682787e+07	3.129045163495193e+04	
31	2.681740726779550e+08	1.505508470134553e+04	
39	1.956120477101549e+08	1.859523442177905e+04	
44	3.203090137376773e+08	4.282955185037759e+03	
53	1.260990209674195e+08	2.824146975644551e+04	
67	1.857194769386662e+08	1.899227572449494e+04	
72	1.285898045408869e+08	2.483184761947055e+04	
76	2.341547170711483e+08	1.547264429961093e+04	
79	2.115724444908618e+08	1.354809932622334e+04	
% instance = 3, name = bbob_f002_i07_d40__bbob_f017_i08_d40
% function evaluation | 2 objectives 
1	1.120647459772578e+08	7.358497096787908e+03	
42	9.934862530569761e+07	1.637420458578508e+04	
51	9.880848252016522e+07	3.481780164438309e+04	
% instance = 4, name = bbob_f002_i09_d40__bbob_f017_i10_d40
% function evaluation | 2 objectives 
1	4.636970822481003e+08	7.985745967856562e+04	
2	3.851267463528216e+08	1.096793985963724e+05	
3	5.260325939106781e+08	3.189214231722064e+04	
4	4.729080735886449e+08	4.703653456145215e+04	
5	4.905501697704055e+08	2.911664831450690e+04	
6	2.944660283206146e+08	1.861196932561441e+04	
7	7.888669386381954e+07	2.444998155646339e+04	
13	5.487536903129982e+08	1.847553831333086e+04	
15	1.600775363801519e+08	1.465574831015500e+04	
19	3.963828346895900e+08	1.381078722541950e+04	
20	2.972208420233596e+08	1.170205609619705e+04	
42	1.191638012185239e+08	1.936856451070641e+04	
51	1.829015075866612e+08	1.448555300999902e+04	
58	1.355986609332864e+08	1.662550526915354e+04	
% instance = 5, name = bbob_f002_i11_d40__bbob_f017_i12_d40
% function evaluation | 2 objectives 
1	3.732223475277203e+08	2.498699823842559e+04	
7	3.554032871019960e+08	2.031222465638377e+05	
11	3.095512619703506e+08	6.068803635589370e+04	
15	6.000080892007496e+08	1.832794710310763e+04	
18	2.633021832084335e+08	1.116920568823065e+04	
24	2.367960882270012e+08	1.682111510703405e+04	
30	1.614503725890077e+08	2.396865343615416e+04	
34	2.195138341613857e+08	2.294521573215996e+04	
37	1.083069014183445e+08	3.941986885518220e+05	
38	2.033749317884920e+08	1.443014071895670e+04	
48	2.601841204758724e+08	1.260484640911250e+04	
52	7.988343409207262e+07	2.641147360818032e+04	
60	1.934723972101530e+08	2.163509515993245e+04	
66	1.702540207179262e+08	2.028647271931032e+04	
68	1.575168792648333e+08	1.811210993123918e+04	
% instance = 6, name = bbob_f002_i13_d40__bbob_f017_i14_d40
% function evaluation | 2 objectives 
1	2.553815203768404e+08	1.969951678393588e+04	
3	2.462729211128665e+08	3.076076381239575e+04	
5	3.735626548205417e+08	1.774868594579447e+04	
12	1.449901786986391e+08	1.347475061469006e+04	
31	1.388891303227327e+08	2.271770957832189e+04	
57	9.739668674565516e+07	2.339503445673650e+04	
76	1.155299691397403e+08	2.039112418981469e+04	
% instance = 7, name = bbob_f002_i15_d40__bbob_f017_i16_d40
% function evaluation | 2 objectives 
1	8.208314365757771e+08	2.784973630040223e+04	
2	6.199737981080513e+08	2.521525905157127e+04	
4	9.500635251390097e+07	2.124535898624600e+04	
6	9.171708845353518e+08	2.015787475807186e+04	
7	5.535480656653519e+08	1.967011916346962e+04	
11	2.155294956589371e+08	1.899287589246666e+04	
18	4.883891345754127e+08	1.467973233275544e+04	
23	3.322090564352038e+08	1.450732574746036e+04	
27	1.076903361979778e+08	1.722166056258132e+04	
36	8.075248315663812e+07	1.401542997360494e+04	
48	1.236481458032677e+08	9.131860980625101e+03	
% instance = 8, name = bbob_f002_i17_d40__bbob_f017_i18_d40
% function evaluation | 2 objectives 
1	3.288812806441399e+08	2.103242250419977e+04	
2	2.979302234432678e+08	2.149426245199613e+04	
3	2.288427005165193e+08	1.963162646689242e+04	
4	1.447372971474591e+08	3.446002529489971e+04	
6	3.560740545529588e+08	1.467816602670364e+04	
7	1.445912798085762e+08	1.557704013089134e+04	
15	1.089904832545341e+08	1.956945915965156e+04	
26	9.397311814640284e+07	1.722509483726407e+04	
29	1.670143428993108e+08	1.403769348521729e+04	
46	2.141145212145206e+08	1.210423110989510e+04	
57	1.618229144852092e+08	1.515176166803597e+04	
% instance = 9, name = bbob_f002_i19_d40__bbob_f017_i21_d40
% function evaluation | 2 objectives 
1	2.614709581101488e+08	3.353246140950843e+04	
3	1.030662151290944e+09	2.787521515574270e+04	
4	2.822181555462980e+08	2.320683902548155e+04	
12	1.878061862379679e+08	1.276719208438388e+04	
21	1.275019512692822e+08	1.379695860732915e+04	
32	1.082083275428909e+08	1.182768743672041e+04	
% instance = 10, name = bbob_f002_i21_d40__bbob_f017_i22_d40
% function evaluation | 2 objectives 
1	6.333581904404355e+08	5.880740815149135e+04	
2	2.441775867943298e+08	4.466936542820596e+04	
3	2.915246400559317e+08	3.289278904895535e+04	
4	2.566423117684979e+08	2.320294345274704e+04	
6	3.550251177668927e+08	2.169113882571724e+04	
7	2.655383381029793e+08	1.936556122062262e+04	
11	5.324125876708205e+08	1.656936799851560e+04	
15	1.393472529284453e+08	1.679869379205379e+04	
16	7.193248396978822e+08	1.585870066092677e+04	
19	8.651655036022453e+07	1.767365887074998e+04	
51	5.612936620801722e+08	1.136543994164645e+04	
70	2.367638635540264e+08	1.136788375538146e+04	
