% instance = 1, name = bbob_f006_i02_d20__bbob_f015_i04_d20
% function evaluation | 2 objectives 
1	1.026287326179174e+07	3.472950071899331e+04	
3	5.116572457175327e+06	4.452507906779849e+04	
5	2.365189517057369e+06	9.060131468085363e+04	
6	9.706164562868396e+06	2.569642154119880e+04	
8	7.319501698704562e+06	4.113360934299012e+04	
10	9.695887029485567e+06	3.702699867495522e+04	
12	7.348151548988117e+06	3.226726821652535e+04	
13	9.724758706302594e+06	1.860545933848138e+04	
14	1.037455865911698e+07	1.617318559630379e+04	
17	4.467896912609087e+06	1.374059591025772e+04	
21	9.661742017973470e+06	9.859964230998510e+03	
23	6.067558798653943e+06	1.160444939352172e+04	
37	3.140227318351588e+06	3.856520979737472e+04	
38	1.414207018963538e+06	2.609842969890812e+05	
% instance = 2, name = bbob_f006_i03_d20__bbob_f015_i05_d20
% function evaluation | 2 objectives 
1	8.692799692060182e+06	7.299194480381933e+03	
5	3.955606885730402e+06	1.108072974712534e+05	
7	4.966613216364365e+06	9.069600442279175e+04	
8	5.709720298808702e+06	4.189689590019100e+04	
12	4.918099241662587e+06	2.770145996104635e+04	
15	6.409140445528283e+06	1.216184688360437e+04	
27	4.723382317054763e+06	2.733188294683048e+04	
28	3.850354826693712e+06	1.119323538507199e+05	
31	3.175168866098382e+06	2.420391942807447e+04	
% instance = 3, name = bbob_f006_i07_d20__bbob_f015_i08_d20
% function evaluation | 2 objectives 
1	6.585934950199328e+06	3.110240406023662e+04	
2	6.127428959484212e+06	2.969796997169726e+04	
4	5.202914082944108e+06	7.413646420260606e+04	
5	9.706091298050806e+06	1.588151601596291e+04	
9	8.144362616051961e+06	9.923421984341836e+03	
18	5.690056486132371e+06	2.915755634964387e+04	
20	3.616693497240330e+06	3.909755590682862e+04	
22	6.147660190859942e+06	1.232431223247495e+04	
28	4.659351196907567e+06	1.881369561804982e+04	
% instance = 4, name = bbob_f006_i09_d20__bbob_f015_i10_d20
% function evaluation | 2 objectives 
1	7.576337395301062e+06	2.572299893896126e+05	
2	1.738460369266891e+07	1.018034026674769e+05	
3	5.588908951641403e+06	1.356815788269784e+05	
4	7.854874482120206e+06	2.005452113974619e+04	
6	5.309216250161858e+06	8.858936961561925e+04	
7	3.938544183658202e+06	2.247062761449036e+05	
8	6.514904359414211e+06	2.753660120583733e+04	
12	4.303196869365601e+06	2.103533985550545e+05	
14	3.919822878947367e+06	1.178888507577411e+05	
18	4.852695720893204e+06	5.605442714891294e+04	
24	6.147830665941194e+06	2.129122179961032e+04	
34	4.252799000487760e+06	1.064377607802936e+05	
36	3.701376119891027e+06	9.912227137779073e+04	
38	3.459996267689422e+06	1.455854962550734e+05	
% instance = 5, name = bbob_f006_i11_d20__bbob_f015_i12_d20
% function evaluation | 2 objectives 
1	9.824222167338040e+06	4.845059020266120e+04	
2	9.228893121518074e+06	1.088351617897320e+05	
3	7.155498221957893e+06	4.363789691474068e+04	
6	3.159396720342487e+07	3.548478708425361e+04	
9	8.857991269537678e+06	2.521031359274221e+04	
11	1.535489651391833e+07	1.803462214664192e+04	
14	9.886224844215481e+06	2.168089304738234e+04	
17	6.763912067616132e+06	1.893551645361176e+05	
19	9.898603993220670e+06	2.164228792837154e+04	
20	1.473215873414691e+07	1.492820077382402e+04	
22	9.285838981690185e+06	2.224550506585716e+04	
23	1.086436339856957e+07	1.146244256513821e+04	
30	4.188558061566346e+06	1.004189590740184e+05	
37	9.740939142126014e+06	2.081761196611770e+04	
38	5.258853211796877e+06	2.755942778138676e+04	
% instance = 6, name = bbob_f006_i13_d20__bbob_f015_i14_d20
% function evaluation | 2 objectives 
1	3.107618410815846e+06	1.279005915080688e+05	
2	8.806079887465332e+06	7.614622302458341e+04	
3	3.507818945242770e+06	3.094403810824606e+04	
4	1.101906361891489e+07	2.454471266248240e+04	
9	2.553432261291082e+06	3.887619317267667e+04	
12	4.601075049733005e+06	1.079397252956941e+04	
16	2.504591498124610e+06	8.801865934209829e+03	
21	3.346839761727686e+06	6.286512763644432e+03	
39	2.441653623589876e+06	4.600515826514323e+04	
% instance = 7, name = bbob_f006_i15_d20__bbob_f015_i16_d20
% function evaluation | 2 objectives 
1	1.863957515213270e+07	2.131530215849497e+04	
2	1.006921969733240e+07	1.138548040764354e+05	
3	1.007299502561914e+07	1.712622162227030e+04	
4	7.003356180075200e+06	3.325773057317207e+04	
5	1.092611919253566e+07	1.212536842440451e+04	
11	6.538856699304794e+06	1.273898618154869e+04	
14	4.259512540224551e+06	2.805482280204542e+04	
16	4.622891385826787e+06	1.064044742497575e+04	
17	3.051840739246092e+06	1.084399571655270e+05	
% instance = 8, name = bbob_f006_i17_d20__bbob_f015_i18_d20
% function evaluation | 2 objectives 
1	8.534796164698850e+06	8.807786809758315e+04	
2	5.244930979795846e+06	1.046029925683659e+05	
3	5.421696886319985e+06	2.302072606041231e+04	
8	2.697745118494937e+06	7.684989775917365e+03	
15	2.636720120248299e+06	1.124104887899105e+05	
29	5.336627996627110e+06	6.454363293438042e+03	
39	1.453765991369418e+06	3.464736481213280e+05	
40	5.260725903049965e+06	3.589939922747526e+03	
% instance = 9, name = bbob_f006_i19_d20__bbob_f015_i21_d20
% function evaluation | 2 objectives 
1	9.224969440216109e+06	4.830037863793490e+04	
2	6.845938022984123e+06	1.745084429932021e+05	
3	5.460549080646620e+06	1.429196192451965e+05	
4	3.988229053100480e+06	5.194708958634436e+04	
5	1.949970804161502e+06	1.128604879317607e+05	
6	9.698415427045073e+06	8.081055577434067e+03	
8	1.846689437644312e+06	5.145644493728955e+04	
9	5.165664415825934e+06	4.684420187798842e+04	
24	8.929068569483014e+06	4.482793417193894e+04	
37	1.882767163432431e+06	4.045338867805804e+04	
% instance = 10, name = bbob_f006_i21_d20__bbob_f015_i22_d20
% function evaluation | 2 objectives 
1	9.308470203596774e+06	2.264307241698189e+04	
2	5.349639648852154e+06	2.470107640169864e+04	
4	6.257611231515179e+06	1.581565637775075e+04	
5	5.257506724966796e+06	2.896028320785201e+04	
10	5.635600098750964e+06	9.258405322312608e+03	
19	5.124534675040917e+06	7.612818849990287e+04	
21	4.782560453412927e+06	1.960616398493675e+04	
25	3.311286420461904e+06	4.469645329658346e+04	
26	3.807560697704372e+06	1.788301035680951e+04	
39	4.717364435058755e+06	1.541030031005700e+04	
