% instance = 1, name = bbob_f015_i02_d05__bbob_f015_i04_d05
% function evaluation | 2 objectives | 5 variables
1	2.830986767411235e+06	6.433892010797015e+04	8.84272057e+00	-1.12100529e+01	-1.59954274e+01	-1.20967902e+01	-2.14966407e+01	
2	6.855945658562629e+04	1.787039234203647e+04	-3.14159192e+01	-2.48191578e+01	7.06556150e+00	-6.04750242e+00	1.40827954e+00	
3	2.640022056536068e+04	2.426109931739359e+03	-5.14462747e+00	7.38476500e+00	-2.56720674e+01	-9.03405148e-01	-8.38764022e+00	
4	1.360061539533455e+03	3.886159862395280e+03	-1.66558523e+01	1.50405041e+00	5.85624475e+00	1.39168899e+00	2.81287351e+00	
6	2.620477288063544e+04	1.463503117224758e+03	4.38282574e+00	1.68156954e+01	-1.60873519e+01	-5.99270555e+00	-1.71044173e+00	
% instance = 2, name = bbob_f015_i03_d05__bbob_f015_i05_d05
% function evaluation | 2 objectives | 5 variables
1	2.426542903105426e+05	2.084813934751085e+04	-7.74014447e+00	2.26101332e+01	-8.71337486e+00	-1.11517931e+01	-3.88555940e+00	
2	2.560693964091857e+03	6.604163054908872e+02	-2.90646184e+00	7.75961853e+00	-3.70168521e+00	-1.91244779e-01	3.52912004e+00	
6	1.364423188186627e+03	1.002903688511904e+03	2.83935690e+00	-9.15297601e+00	3.23143475e+00	-4.58830614e+00	6.79638343e+00	
% instance = 3, name = bbob_f015_i07_d05__bbob_f015_i08_d05
% function evaluation | 2 objectives | 5 variables
1	9.744701884522568e+04	7.711732345304571e+04	-1.36512517e+00	-1.16129785e+01	-1.60548526e+01	2.87903448e+00	3.80091668e+00	
2	1.177501655132022e+05	7.086573923841181e+04	-3.47358847e+00	-2.18174410e+01	-2.12592203e+00	-1.74987877e+00	2.46395163e+00	
3	6.698045866817928e+03	9.758617230025253e+04	-7.01639859e+00	-1.96955963e+01	-8.06416164e-01	-3.51096435e+00	-1.04261059e+01	
4	8.754699015073961e+02	6.166931691014246e+02	-5.89080732e+00	2.18271607e+00	-2.82079846e+00	-1.02346208e+01	-4.62528608e+00	
% instance = 4, name = bbob_f015_i09_d05__bbob_f015_i10_d05
% function evaluation | 2 objectives | 5 variables
1	5.629546712508175e+02	1.257797922341840e+03	-8.00080208e-01	-3.93325643e+00	-1.48071883e+00	-5.23013876e+00	2.75481165e+00	
% instance = 5, name = bbob_f015_i11_d05__bbob_f015_i12_d05
% function evaluation | 2 objectives | 5 variables
1	2.728888758662393e+05	2.764033333353108e+03	-2.41943630e+01	-1.20705489e+01	-4.00727231e+00	1.55410610e+00	-5.55229851e+00	
2	7.142984863069141e+02	1.776557941571372e+03	-2.26451277e+00	-9.86811502e+00	8.61722013e+00	-3.09771506e+00	5.36989739e+00	
4	1.397027748061716e+03	8.051731172613047e+02	-3.49066430e+00	-2.73135196e+00	-4.04894258e+00	8.62839842e+00	-7.03084827e+00	
% instance = 6, name = bbob_f015_i13_d05__bbob_f015_i14_d05
% function evaluation | 2 objectives | 5 variables
1	1.218180421940886e+03	2.412296209536500e+03	-1.62675983e+01	2.55560267e+00	-5.59869909e+00	-1.99567154e+00	-6.27843810e+00	
2	6.415143244607775e+02	4.863008413137009e+02	-1.23737892e+01	-3.43352892e+00	-5.89823298e+00	2.79530624e-01	-1.24623284e+00	
% instance = 7, name = bbob_f015_i15_d05__bbob_f015_i16_d05
% function evaluation | 2 objectives | 5 variables
1	3.300582430370845e+03	1.923163097177661e+04	-1.09586869e+01	-1.31023570e+01	-1.91076744e+01	-1.89112644e+01	-1.11706757e+01	
2	1.465830130173178e+04	5.863367218387650e+03	-7.25204700e+00	-4.20893519e+01	-6.81972120e+00	-4.64542032e+00	-4.44650862e+00	
4	1.208238099872555e+03	4.940529880641036e+03	4.14645582e+00	1.07431110e+00	2.41831709e-01	-4.34161451e+00	-3.74550966e+00	
6	4.262642792290456e+04	4.897091128762631e+03	-2.15605301e-01	-1.70436967e+01	6.73457863e+00	1.76908993e+01	-7.15193176e+00	
% instance = 8, name = bbob_f015_i17_d05__bbob_f015_i18_d05
% function evaluation | 2 objectives | 5 variables
1	3.356943714353671e+03	1.836420442035007e+03	5.95525723e-01	-9.04155950e+00	-2.09869337e+00	6.84604456e+00	-1.57932271e+01	
2	1.110574726846381e+03	8.006284093963751e+02	-3.59714688e+00	3.69880133e+00	-1.27620764e+00	-1.25306914e+01	-4.39993172e+00	
% instance = 9, name = bbob_f015_i19_d05__bbob_f015_i21_d05
% function evaluation | 2 objectives | 5 variables
1	1.736274568713785e+03	1.097969471529510e+03	-1.56148816e+01	1.94158028e-01	4.19464902e+00	-7.71717440e+00	-1.25062020e-01	
5	1.270601268949409e+03	2.251199468238902e+03	-1.09403493e+01	-4.58355766e+00	2.33485812e+00	-9.68851564e+00	-9.24825146e+00	
% instance = 10, name = bbob_f015_i21_d05__bbob_f015_i22_d05
% function evaluation | 2 objectives | 5 variables
1	2.956452564947035e+03	2.651073050853233e+03	8.07903525e-01	-1.98344955e+01	7.24081259e+00	-4.60076575e-01	5.21269054e-01	
4	6.197660138639878e+03	1.380022466529343e+03	-4.14909066e+00	5.77702414e+00	-9.41619731e+00	2.45312763e-01	-5.38622872e+00	
10	1.246164021911210e+03	4.712248395800577e+03	-7.15358423e+00	-5.66950309e+00	7.95417771e+00	-1.07636867e+01	-5.94063607e+00	
