% instance = 1, name = bbob_f015_i02_d05__bbob_f017_i04_d05
% function evaluation | 2 objectives | 5 variables
1	8.502466916311498e+03	2.906974501607209e+03	-9.81053970e+00	5.04776886e-01	-1.88306888e+01	-2.52987869e-01	-1.25482970e+01	
5	6.123463746396087e+02	8.879165490193662e+02	-1.08592524e+01	-3.04782402e+00	3.47749699e-01	2.08966234e+00	-1.19116795e+01	
9	1.195253987227743e+03	4.021226200320539e+02	5.00612758e-01	-7.65921654e+00	9.49834150e+00	1.38128801e+00	-7.43290392e+00	
% instance = 2, name = bbob_f015_i03_d05__bbob_f017_i05_d05
% function evaluation | 2 objectives | 5 variables
1	1.559565637116238e+06	8.172850994162124e+05	-2.40753255e+01	-1.70499485e+01	-1.73945184e+01	-3.06906650e+01	7.70077157e-01	
2	4.609662959799448e+03	4.098705987232773e+03	1.24192198e+01	-1.48829369e+01	-5.49807396e-01	-2.02403072e+01	-9.04989259e-01	
4	4.108426426772127e+02	1.752232820892303e+02	2.17258737e+00	5.02345178e+00	7.76751264e+00	1.98679535e+00	-8.33642855e+00	
9	4.432029821948073e+03	2.737038100603723e+01	-2.01677185e+00	7.27788977e+00	-8.22629490e+00	-4.63870735e-01	-4.57293871e+00	
% instance = 3, name = bbob_f015_i07_d05__bbob_f017_i08_d05
% function evaluation | 2 objectives | 5 variables
1	6.112626374091155e+02	1.237165361210418e+02	-3.82173387e+00	1.60651572e+00	-5.93656979e+00	-2.23261997e+00	-4.13645005e-01	
% instance = 4, name = bbob_f015_i09_d05__bbob_f017_i10_d05
% function evaluation | 2 objectives | 5 variables
1	2.739677052114732e+03	2.360688786343388e+03	-6.83669530e+00	1.19557801e+00	-9.74101680e+00	-1.84154264e+01	-1.00313599e+01	
2	4.085047562097473e+03	8.498762319152249e+02	-4.24828524e+00	7.46837298e+00	-3.10856708e+00	1.13265168e+01	8.60463126e+00	
3	1.985044002384255e+03	6.910812391501806e+02	4.31411477e-01	5.49139091e+00	2.79744062e+00	-1.27311424e+01	-7.08220715e+00	
9	1.488102770896398e+03	6.308930147234905e+02	6.09774537e+00	-5.85068900e+00	-5.06317086e+00	-1.08091537e+00	-1.17227072e+01	
% instance = 5, name = bbob_f015_i11_d05__bbob_f017_i12_d05
% function evaluation | 2 objectives | 5 variables
1	2.747102303205988e+06	8.437368010310649e+03	-2.31542073e+01	1.74002100e-01	-1.86036718e+01	-4.41854100e+00	1.17653969e+00	
2	1.263973986221843e+04	7.495625810497679e+02	-8.07676585e+00	2.55131698e-02	-6.20207318e+00	-1.89245971e+00	-1.02250094e+01	
3	1.035530526233478e+04	1.166017070290639e+03	2.59287414e+00	3.77569549e+00	-8.78332520e-01	-1.57766992e+00	-1.48107378e+01	
4	3.089993370423044e+03	1.416445079601066e+02	-3.38657462e+00	1.19420775e+00	-6.73777920e+00	-1.62194952e+00	2.22121288e+00	
% instance = 6, name = bbob_f015_i13_d05__bbob_f017_i14_d05
% function evaluation | 2 objectives | 5 variables
1	1.117483691601102e+04	2.919940475724194e+04	1.30870761e+00	-2.19202805e+01	-1.81488116e+01	-1.99720880e+01	-6.96111417e+00	
3	2.275900299019171e+03	5.915178131596114e+03	5.54484996e+00	-2.19057367e-01	-1.01622359e+01	-2.05421867e+01	2.50687014e+00	
5	1.085550140271829e+03	1.199578973302428e+03	-1.12493409e+01	-2.57231595e+00	-9.66918084e+00	-3.83959777e+00	-4.59712941e+00	
7	1.311589299948022e+03	1.986790317919316e+02	-7.39503458e+00	-1.46481443e+00	-5.24575726e+00	1.61972428e+00	-1.02500673e+01	
% instance = 7, name = bbob_f015_i15_d05__bbob_f017_i16_d05
% function evaluation | 2 objectives | 5 variables
1	4.192493215668335e+02	2.100659618915596e+03	-7.48050584e+00	-1.19368833e+01	-1.27114483e+01	-1.63947721e+00	4.61785299e+00	
3	1.044356182872992e+03	7.423667918840042e+02	4.52537812e+00	-5.02508588e+00	1.99754148e+00	3.73047132e+00	1.17325255e+01	
% instance = 8, name = bbob_f015_i17_d05__bbob_f017_i18_d05
% function evaluation | 2 objectives | 5 variables
1	1.239372835703527e+03	2.547239471208215e+02	-2.37243252e+00	-2.23938355e-02	3.02582003e+00	-8.92169190e+00	9.35405997e+00	
8	8.578590421473365e+02	9.571805350597754e+02	-5.95333014e-02	5.76752540e-01	-2.72309233e+00	1.29336890e+01	5.89809626e+00	
% instance = 9, name = bbob_f015_i19_d05__bbob_f017_i21_d05
% function evaluation | 2 objectives | 5 variables
1	2.412065720552857e+04	4.977125099197428e+03	5.96300869e+00	-7.86743947e+00	-1.85398480e+01	-9.09295865e+00	-1.40731967e+00	
2	1.279753075102525e+03	1.530859228953404e+03	-1.13295559e+01	-1.47659902e+01	4.53395617e+00	-3.88985699e+00	5.24954302e+00	
5	1.019892055246745e+03	9.836863685768905e+02	-9.04751016e+00	5.21918130e+00	1.19226639e+01	-2.11830439e+00	2.27708354e-01	
% instance = 10, name = bbob_f015_i21_d05__bbob_f017_i22_d05
% function evaluation | 2 objectives | 5 variables
1	6.992121659173169e+03	8.892128694517404e+02	-1.32356487e+01	-7.06343892e+00	-2.07902152e+00	7.74678351e+00	6.63046095e-01	
2	4.486908512929466e+03	6.907390923449632e+03	-6.35328118e+00	-9.78463260e-01	-7.81643974e+00	-7.26325475e+00	1.81722470e+00	
4	3.807015387798526e+03	1.977518768386971e+03	-1.43459047e+01	-6.50376174e+00	-4.35960552e+00	-1.66198808e+00	5.94000394e-01	
