% instance = 1, name = bbob_f001_i02_d20__bbob_f015_i04_d20
% function evaluation | 2 objectives 
1	2.638934921771886e+03	3.799970805374763e+05	
2	3.117766542233127e+03	2.989641110976982e+04	
4	2.744361652544024e+03	3.160116447415044e+04	
5	1.837657206411285e+03	1.215477543374417e+04	
10	2.330755917699503e+03	1.163851615367534e+04	
14	1.638050043023113e+03	4.581589179107229e+06	
17	1.765538758481096e+03	8.468002010425831e+03	
19	1.480365905799068e+03	1.376598027216977e+04	
30	2.744797573573624e+03	4.078186862306480e+03	
37	1.455057326291235e+03	2.631644067344183e+04	
% instance = 2, name = bbob_f001_i03_d20__bbob_f015_i05_d20
% function evaluation | 2 objectives 
1	2.061971501600599e+03	3.012995182148959e+04	
3	1.680917291217956e+03	1.456928848152210e+05	
7	1.656578136004577e+03	4.970393716482260e+04	
10	2.153681651849670e+03	1.395612514393268e+04	
15	1.988360672580138e+03	1.922638816946340e+04	
24	2.126577110308104e+03	9.810803292982824e+03	
33	1.366189053295303e+03	6.582169048675433e+04	
% instance = 3, name = bbob_f001_i07_d20__bbob_f015_i08_d20
% function evaluation | 2 objectives 
1	1.832708828056599e+03	4.624576157400649e+04	
3	1.732690738637444e+03	9.849894683229580e+04	
4	1.159032539173467e+03	6.568496154920339e+04	
10	9.899447624278919e+02	3.192308221735113e+04	
11	4.784531042251783e+02	5.169296962399818e+04	
17	1.234840617238526e+03	2.396141316040553e+04	
27	9.581816417630957e+02	1.101548367289871e+04	
29	2.219355204830376e+03	1.094732798301653e+04	
36	6.330820751766098e+02	9.868299214662889e+03	
% instance = 4, name = bbob_f001_i09_d20__bbob_f015_i10_d20
% function evaluation | 2 objectives 
1	1.867447623026123e+03	7.549658529787647e+04	
2	1.488715492735816e+03	1.963203920123032e+05	
4	3.430775081055777e+03	4.377280820174077e+04	
5	1.770438000355796e+03	1.216407877403290e+05	
7	1.974597363267048e+03	3.357772865980924e+04	
9	1.193167091033724e+03	6.908728239421231e+04	
11	1.402623179845573e+03	5.353647311639287e+04	
12	1.593140044323896e+03	5.302612269791165e+04	
15	1.641284941939896e+03	3.193840566473663e+04	
20	1.214730878839139e+03	4.122496930464810e+04	
22	9.949842381151182e+02	2.344388764997258e+05	
27	9.306472954514479e+02	1.110502544873084e+04	
% instance = 5, name = bbob_f001_i11_d20__bbob_f015_i12_d20
% function evaluation | 2 objectives 
1	3.027407619679402e+03	4.804366841976107e+04	
5	1.515074917081328e+03	1.072227767519540e+04	
17	1.381119609786938e+03	1.137938304470549e+04	
25	1.929168102220796e+03	8.038182877546620e+03	
26	1.315183293830980e+03	2.145547427175826e+04	
% instance = 6, name = bbob_f001_i13_d20__bbob_f015_i14_d20
% function evaluation | 2 objectives 
1	3.705369733303795e+03	1.912070892563418e+05	
2	1.649903780109919e+03	4.487616539548202e+04	
3	2.544622861772341e+03	3.881389655703357e+04	
11	2.317022573353494e+03	3.183553818381151e+04	
12	1.991061590000954e+03	1.431497984606152e+04	
22	1.687554867829351e+03	3.308891094208106e+04	
27	1.871520530761262e+03	1.150718057826311e+04	
28	1.551796274015530e+03	1.184011144689305e+04	
30	1.412292519849968e+03	2.213411394817626e+04	
34	1.063268146352066e+03	6.927780733549769e+03	
38	1.055482919670445e+03	8.218218884318982e+03	
% instance = 7, name = bbob_f001_i15_d20__bbob_f015_i16_d20
% function evaluation | 2 objectives 
1	2.635677618233196e+03	3.182483665345962e+04	
2	2.114320062920870e+03	8.374013148204475e+05	
3	2.413834300398020e+03	2.050189700061777e+04	
4	1.857706771912974e+03	2.379760510956021e+05	
7	1.760791536896088e+03	1.170858440379918e+05	
10	1.934079606192545e+03	1.050473959141188e+04	
18	2.107825892918450e+03	9.280547100500076e+03	
22	1.870143893343543e+03	1.787865445022370e+04	
% instance = 8, name = bbob_f001_i17_d20__bbob_f015_i18_d20
% function evaluation | 2 objectives 
1	3.843498892560500e+03	1.930777342066426e+04	
2	3.416684730443645e+03	8.423642812583476e+04	
3	2.504068825048711e+03	1.456938260877261e+05	
4	1.749292491061563e+03	1.191364099141926e+05	
6	2.316458555960116e+03	1.331078344545813e+04	
13	2.214606928840913e+03	1.181174903927905e+05	
15	3.053754206861314e+03	1.240770772158363e+04	
16	1.279001491614505e+03	2.385776783722846e+04	
17	1.570789850428329e+03	1.956838367077498e+04	
18	1.472472592712552e+03	1.754730126869121e+04	
28	1.113236860275815e+03	9.179911541249650e+04	
30	1.277937867616311e+03	5.725989504802171e+03	
38	8.987403960181491e+02	9.387901082076129e+03	
% instance = 9, name = bbob_f001_i19_d20__bbob_f015_i21_d20
% function evaluation | 2 objectives 
1	1.549546597890425e+03	2.410739003700370e+06	
2	1.985440479706273e+03	9.295430883283459e+04	
5	1.136997123302259e+03	7.150297929724783e+04	
9	2.838216262847319e+03	4.352257920280610e+04	
10	2.760779584479616e+03	3.359030586815166e+04	
11	1.690143931299470e+03	1.589480102071464e+04	
17	1.101909807442357e+03	5.211037578265167e+04	
24	1.419694025761958e+03	3.614764962389682e+04	
33	1.313188212328985e+03	2.466788071218914e+04	
% instance = 10, name = bbob_f001_i21_d20__bbob_f015_i22_d20
% function evaluation | 2 objectives 
1	3.664481100638362e+03	8.070431340177571e+04	
3	2.840385748989687e+03	6.849239607971733e+04	
4	2.726076267309934e+03	1.216407721116780e+05	
5	2.173193911090050e+03	8.292546314851889e+04	
6	2.035264458610748e+03	6.828405905762079e+04	
7	4.677808173653260e+03	5.104937700394966e+04	
8	2.580195089732320e+03	2.008301245183281e+04	
9	1.283217698276560e+03	2.601180046537668e+04	
14	1.227132471266281e+03	1.052483814990102e+05	
25	1.511708587595730e+03	7.620334355354975e+03	
40	1.487205501368629e+03	7.645177957386370e+03	
