% instance = 1, name = bbob_f006_i02_d40__bbob_f008_i04_d40
% function evaluation | 2 objectives 
1	1.283937459601872e+07	4.445091125644062e+08	
2	1.154248705420946e+07	1.935879828551719e+08	
3	9.771120669032833e+06	6.518783735700481e+07	
31	5.858632342956608e+06	2.773494797039505e+07	
59	5.560864142409914e+06	7.410973664732569e+07	
% instance = 2, name = bbob_f006_i03_d40__bbob_f008_i05_d40
% function evaluation | 2 objectives 
1	1.771339546789585e+07	1.629330180337800e+08	
2	1.356803977350402e+07	1.654540878360321e+08	
4	1.826445048503343e+07	1.427124548235127e+08	
7	1.147668133603550e+07	9.590431839485225e+07	
12	1.440421775592866e+07	9.462484850593305e+07	
19	1.925285724820554e+07	7.094674653255871e+07	
20	1.243953775040866e+07	8.568164585412250e+07	
26	1.025283625969656e+07	6.220439785346060e+07	
58	1.018133597385255e+07	1.319434994589720e+08	
64	9.313768306769732e+06	1.069042539772736e+08	
% instance = 3, name = bbob_f006_i07_d40__bbob_f008_i08_d40
% function evaluation | 2 objectives 
1	1.113479947132648e+07	2.151703025804886e+08	
2	1.107859816997253e+07	1.592446040352483e+08	
5	1.989258584536555e+07	1.556692620844804e+08	
6	1.817201113689012e+07	1.398523263065093e+08	
7	1.065544033367206e+07	2.403798062578503e+08	
8	1.172911433285932e+07	1.258266487500653e+08	
10	6.900832617677228e+06	1.905663254856384e+08	
22	6.379706713477689e+06	8.228133478167257e+07	
24	9.879599425552379e+06	7.626618362840374e+07	
27	7.988488200270949e+06	6.994281788668577e+07	
29	7.703551873548358e+06	5.568449360064809e+07	
47	5.331861294677005e+06	1.417313384527200e+08	
60	1.001942759594269e+07	4.734438048035754e+07	
61	5.770432007626835e+06	5.313451383404817e+07	
% instance = 4, name = bbob_f006_i09_d40__bbob_f008_i10_d40
% function evaluation | 2 objectives 
1	2.388065880185436e+07	1.459600023415001e+08	
4	1.691914216324018e+07	9.164914061909819e+07	
6	1.631736271459685e+07	1.492673520661106e+08	
7	1.519809871560591e+07	1.809651644668932e+08	
8	1.433106364398742e+07	9.453441737145294e+07	
9	1.342706536010839e+07	1.158951400608908e+08	
13	1.597811689916853e+07	9.186723649433260e+07	
15	1.263882872977424e+07	2.532033438533432e+08	
20	1.143905587347196e+07	1.904056113743799e+08	
23	1.012727657503646e+07	1.054794326428232e+08	
24	9.275471063432714e+06	1.017315612592390e+08	
39	1.016722312355914e+07	7.980952507925797e+07	
40	1.673827712494601e+07	3.684590878664023e+07	
41	9.088258011119017e+06	4.212555574646185e+07	
% instance = 5, name = bbob_f006_i11_d40__bbob_f008_i12_d40
% function evaluation | 2 objectives 
1	1.735777302262834e+07	1.510311112603055e+08	
4	1.100098779699953e+07	2.034284632510701e+08	
5	1.618366969669642e+07	1.692953244264442e+08	
7	1.015540967224468e+07	1.071436597629725e+08	
8	1.504373425963084e+07	9.952163307182474e+07	
11	9.752287194502385e+06	2.114433309006535e+08	
15	9.970514909748258e+06	1.403281705309689e+08	
16	1.180860221353548e+07	1.010044049967319e+08	
18	1.011591018290481e+07	1.400270095781152e+08	
20	1.700130364242905e+07	6.189170337492616e+07	
22	1.084079786920767e+07	6.224850157609671e+07	
26	5.243355577732420e+06	2.012352535845380e+08	
40	9.661321975297555e+06	8.240969229284972e+07	
42	9.617882365427319e+06	1.216425957297742e+08	
43	7.501729023888496e+06	1.244414919121642e+08	
56	6.978019799567252e+06	1.767217281368332e+08	
57	7.545626232556527e+06	5.141354491961667e+07	
58	7.361338882411368e+06	9.300152052016322e+07	
75	6.809766886362470e+06	7.704581257318555e+07	
% instance = 6, name = bbob_f006_i13_d40__bbob_f008_i14_d40
% function evaluation | 2 objectives 
1	1.720534277518828e+07	2.730406991780996e+08	
2	1.000677226798997e+07	9.335298710566598e+07	
8	1.347766554480519e+07	6.331756829386882e+07	
19	9.958867057423707e+06	9.762721119592270e+07	
20	8.499942435180064e+06	2.315887565716217e+08	
25	9.710514103184490e+06	1.857537374055696e+08	
28	1.013989845564856e+07	6.374176101562478e+07	
61	7.243612827869927e+06	1.560917544576163e+08	
68	9.671070707527379e+06	8.965217485247347e+07	
69	9.086828334497323e+06	1.092370257964688e+08	
% instance = 7, name = bbob_f006_i15_d40__bbob_f008_i16_d40
% function evaluation | 2 objectives 
1	1.982161706548734e+07	2.798052708521901e+08	
2	1.677023887381692e+07	1.560054402964435e+08	
3	1.984027863092088e+07	1.490339116979266e+08	
7	1.271463870146692e+07	1.165170052289217e+08	
9	1.034130241120145e+07	6.051793764318743e+07	
13	9.999850451032791e+06	1.035989725799090e+08	
16	9.989414622474672e+06	9.026253884192511e+07	
34	5.817027363291739e+06	1.433359543432213e+08	
76	9.311000324778082e+06	9.320673747118571e+07	
77	1.119045787625982e+07	4.482046474511790e+07	
78	7.748515748300489e+06	3.260784261915170e+07	
% instance = 8, name = bbob_f006_i17_d40__bbob_f008_i18_d40
% function evaluation | 2 objectives 
1	1.864799756868868e+07	1.539509529583578e+08	
2	1.761974687673584e+07	1.792115534780624e+08	
3	9.906430411806056e+06	6.034043988479870e+07	
7	9.743382534787418e+06	9.127804082577057e+07	
16	8.983331088731356e+06	2.525085594384205e+08	
21	5.672827063424481e+06	8.425647054017606e+07	
48	5.038506018530847e+06	9.775715608376914e+07	
78	9.637526330024622e+06	3.357903597774718e+07	
% instance = 9, name = bbob_f006_i19_d40__bbob_f008_i21_d40
% function evaluation | 2 objectives 
1	1.742612669731501e+07	1.115229987051481e+08	
2	1.008325826035007e+07	5.227883293897977e+07	
7	1.094854893067818e+07	4.898448543918969e+07	
24	9.855465235599244e+06	9.795590202429749e+07	
30	9.984567692592837e+06	8.888515187289707e+07	
37	1.176461734844102e+07	4.347731207661733e+07	
43	1.008318198515901e+07	4.010901037112815e+07	
70	9.742435788941707e+06	1.872995858884194e+08	
72	7.892698352391349e+06	7.018108011590815e+07	
78	7.768599610374435e+06	7.349398848177567e+07	
% instance = 10, name = bbob_f006_i21_d40__bbob_f008_i22_d40
% function evaluation | 2 objectives 
1	1.918778252220891e+07	3.331229416857007e+08	
2	1.844548030992045e+07	2.011334401626772e+08	
4	1.182761529355083e+07	1.182751386787968e+08	
6	9.826460016991420e+06	1.348295457994494e+08	
12	1.085078516669285e+07	1.271259102905980e+08	
14	1.016995923015846e+07	9.283179919766484e+07	
17	9.811296596253704e+06	3.120862967085268e+08	
20	1.861411041802605e+07	7.603341249869768e+07	
21	9.792887410914561e+06	2.058036216171586e+08	
22	9.506442248922354e+06	6.962924254000941e+07	
27	7.113568432990187e+06	9.499589026097837e+07	
28	5.609315397358015e+06	9.487932901274222e+07	
37	9.473844111631203e+06	5.881593797753780e+07	
40	5.667563222994911e+06	3.774862795911499e+07	
