% instance = 1, name = bbob_f015_i02_d05__bbob_f021_i04_d05
% function evaluation | 2 objectives | 5 variables
1	3.126225812588379e+04	3.221595588344523e+02	-5.66903022e+00	-1.77530735e+01	-1.52501548e+01	1.11744687e+00	-1.46350931e+00	
2	2.626937992391358e+04	4.163836919987304e+02	-1.02230368e+01	1.87247042e+01	-1.05474838e+01	4.64724429e+00	-1.57682912e+01	
3	8.844739177842175e+03	1.033413516179795e+02	3.81648395e+00	9.20232859e+00	-8.91199835e+00	-9.04667478e+00	2.99816425e+00	
6	7.826815693277396e+03	2.188775057796150e+02	-5.34082916e-02	3.01321851e+00	9.47960001e-01	-1.39780415e+01	-1.41796991e+01	
7	7.764664673532567e+02	6.568626805840192e+01	-8.03611909e+00	4.70886868e+00	1.96836971e-01	6.73288322e+00	-1.58324358e+00	
8	6.439751887110207e+02	1.247558188360742e+02	-5.27263482e+00	-1.13293055e+01	-4.10848785e+00	5.69171140e+00	-1.04897648e+01	
% instance = 2, name = bbob_f015_i03_d05__bbob_f021_i05_d05
% function evaluation | 2 objectives | 5 variables
1	2.670330056155635e+03	7.013084683145134e+02	-1.33339491e+00	4.01107031e+00	-8.02628267e+00	-1.44965652e+01	1.88825118e+00	
3	2.010294542678948e+03	6.324037063130268e+02	-9.17824899e+00	-7.37823628e-01	7.08487776e+00	4.67362894e+00	7.94529346e+00	
4	1.147659825068814e+03	7.746345845102694e+02	2.70485917e+00	-1.13312342e+00	2.36053028e+00	8.98649432e+00	-1.75210644e+01	
% instance = 3, name = bbob_f015_i07_d05__bbob_f021_i08_d05
% function evaluation | 2 objectives | 5 variables
1	3.337097920583169e+05	-2.327496844386496e+02	-4.41909975e+00	-1.01214120e+01	-6.93610454e+00	-1.30582398e+01	1.23540686e+01	
2	4.908670648900315e+03	1.184216300617277e+02	-1.75414325e+01	-1.61669701e+01	-3.19692502e+00	-6.18939741e+00	-1.97228670e+01	
4	3.205559215603414e+04	-1.824950371728637e+02	8.74529126e+00	-1.81636793e+01	7.24019147e+00	-7.63086393e+00	-3.38257473e+00	
5	2.594799181559405e+03	-1.611759149055440e+02	-1.33244986e+01	6.18657218e-01	6.23617579e-01	-1.72736895e+01	-5.79243442e+00	
8	2.456074584004027e+03	-3.253638125922205e+02	-4.88147334e+00	-5.49968460e+00	4.69210028e+00	-1.08093333e+01	-9.73111358e+00	
9	1.523978248306183e+03	-1.142710071253957e+02	-4.31733237e+00	2.05829226e+00	4.08305592e+00	-6.63148899e+00	-2.12730402e+01	
% instance = 4, name = bbob_f015_i09_d05__bbob_f021_i10_d05
% function evaluation | 2 objectives | 5 variables
1	3.544993286167575e+03	7.642110617339683e+02	-1.46451233e+01	4.08306658e+00	-1.09166383e+01	-2.08370857e+01	-8.51245864e+00	
3	5.595297985075853e+02	3.624460916525851e+02	-4.23881240e-01	-1.74113213e+00	-4.99136754e+00	-2.56664678e+00	-4.73345061e+00	
% instance = 5, name = bbob_f015_i11_d05__bbob_f021_i12_d05
% function evaluation | 2 objectives | 5 variables
1	1.312928189532750e+04	4.927004432739841e+02	2.25352080e+00	-2.56637263e+01	-7.20985607e+00	-1.78644755e+01	7.15110787e+00	
2	8.456587100125665e+02	-5.781590540324325e+01	2.36813483e+00	-8.46080167e+00	4.78769647e+00	-1.12853508e+01	8.80992098e-02	
% instance = 6, name = bbob_f015_i13_d05__bbob_f021_i14_d05
% function evaluation | 2 objectives | 5 variables
1	1.370653214126943e+03	3.296897390733318e+01	-2.58940344e+01	-7.91425778e+00	-1.79878107e+00	3.32590558e+00	-2.12604633e+00	
2	5.733843786918725e+02	-3.726531261954584e+02	-1.13771386e+01	-5.05899923e-01	-2.36298467e+00	2.87127582e+00	-3.34706611e+00	
6	4.753955622011654e+02	-3.898617995176390e+02	8.12760848e+00	5.42566346e-01	5.96980894e+00	-8.45491232e+00	-1.69332692e+00	
8	8.193923652515513e+02	-4.140995770402428e+02	-2.02537976e+00	1.97741053e+00	-7.03537264e+00	-3.07656546e+00	-6.84969015e+00	
% instance = 7, name = bbob_f015_i15_d05__bbob_f021_i16_d05
% function evaluation | 2 objectives | 5 variables
1	2.419291810639734e+02	2.427103951184544e+02	-1.46486587e+01	-1.02100708e+01	3.14733029e+00	-7.88681346e+00	3.30443720e-01	
6	2.237145858889646e+03	2.178606643970610e+02	-1.09207914e+00	-1.36579015e+01	-6.09333403e+00	-2.43431629e+00	-1.02507909e+01	
8	1.550954126677379e+04	1.305727275819594e+02	-7.54871462e+00	6.11470274e+00	5.83849370e-01	6.10833851e+00	-8.55886439e+00	
9	6.232036433810558e+02	1.795564327807736e+02	-7.02214427e+00	-6.98049003e+00	-8.94294957e+00	-7.24707949e+00	1.10675606e+01	
% instance = 8, name = bbob_f015_i17_d05__bbob_f021_i18_d05
% function evaluation | 2 objectives | 5 variables
1	2.673097684613393e+03	-5.996880470823423e+02	-2.26007520e+00	-5.42487270e+00	6.62399788e+00	8.96589072e-01	-1.66618469e+01	
6	1.075890226041435e+03	-6.259165497893520e+02	-6.13272278e+00	-8.08825597e+00	3.38366753e+00	-1.50879960e+01	-2.47191894e+00	
7	9.022290177838926e+02	-7.445360448494541e+02	-6.93039787e+00	4.55645502e+00	4.25177183e+00	-4.22453010e+00	-5.67755473e+00	
% instance = 9, name = bbob_f015_i19_d05__bbob_f021_i21_d05
% function evaluation | 2 objectives | 5 variables
1	6.148075097438646e+03	-6.531359713043040e+01	-1.10380536e+01	-5.62851131e+00	-2.57734904e+00	1.00850994e+01	4.70762348e+00	
5	5.741749961226643e+03	2.268957824610464e+02	-1.86189250e+01	-1.80171142e+01	-1.80520722e-01	8.56919092e-01	-4.05770096e-01	
8	1.896320920024759e+03	2.441186598116006e+02	-4.47273782e+00	-1.56450681e+01	-2.29099521e+00	-1.49992469e+01	-1.76032077e+01	
% instance = 10, name = bbob_f015_i21_d05__bbob_f021_i22_d05
% function evaluation | 2 objectives | 5 variables
1	6.378535251499523e+03	8.301295100250825e+02	-1.16783405e+01	-2.56085629e+01	5.21110625e+00	-1.36442367e+00	6.22329254e+00	
2	2.730272652965285e+04	8.251671408941309e+02	1.55100288e+01	-2.64149655e+00	-5.82849274e+00	-2.17269112e+01	1.36576599e+01	
3	2.174612886604318e+03	5.564197292209619e+02	8.13466414e+00	-1.38452647e+01	1.52029509e+01	-7.23143313e+00	-4.55076462e+00	
4	9.726800727643112e+04	4.973586341567740e+02	-4.60191678e+00	-8.88685812e+00	-5.18845982e+00	-1.56684751e+01	-8.02054444e+00	
5	1.085848015459642e+05	4.336942539202413e+02	1.78119508e+00	-7.93874282e+00	-1.31107678e+01	-3.54924829e+00	-2.91481964e-01	
7	1.016845545451045e+05	4.844391671456981e+02	-4.22960999e+00	-1.61296559e+01	-6.13777200e+00	-2.36972984e+00	-3.49694835e+00	
8	7.523022678055025e+04	5.032646483903120e+02	-1.38490466e+01	8.91245015e+00	1.45322788e+00	9.96997878e+00	1.00677038e+01	
9	4.162673952573449e+03	3.964398129166906e+02	-2.18554414e+00	-1.11109144e+01	-4.63481663e-01	4.36188996e-01	-4.11943489e+00	
