% instance = 1, name = bbob_f014_i02_d40__bbob_f015_i04_d40
% function evaluation | 2 objectives 
1	5.412201139173551e+03	3.037844658444011e+05	
2	2.584958548695976e+03	9.431613239325987e+06	
3	1.705771342606710e+04	3.574596084936385e+04	
4	1.672291413141263e+04	1.440993767896206e+05	
5	4.978772361164144e+03	3.565895139304515e+06	
6	9.426682775770527e+03	1.286075225887762e+05	
7	2.180314741445187e+03	8.033016231517088e+04	
14	4.849971190170835e+03	7.871519726355707e+04	
16	3.944760570181258e+03	3.198379209568234e+04	
31	1.815952935055453e+03	1.151729442097575e+06	
42	1.088384759165540e+04	2.586763143457150e+04	
45	1.912483051870020e+03	5.300489808462837e+04	
77	1.280597900514254e+04	1.951968147255166e+04	
80	2.476364558821590e+03	4.695976737884134e+04	
% instance = 2, name = bbob_f014_i03_d40__bbob_f015_i05_d40
% function evaluation | 2 objectives 
1	3.282077930882265e+03	1.550666711199788e+05	
6	4.710419160912692e+03	1.249643617883228e+05	
11	2.063608976832047e+03	2.397335281467954e+05	
13	4.457983461000528e+03	1.288913049845414e+05	
14	3.142059374019140e+03	1.252891491152975e+05	
15	5.837417145259273e+03	1.012555121701832e+05	
19	5.714333039095774e+03	4.739248172147015e+04	
28	4.183399433706861e+03	7.551700588153278e+04	
42	3.746074957737454e+03	8.935090339930711e+04	
51	2.053487274726453e+03	4.107538328400511e+05	
52	6.929151536500081e+03	2.728756170316311e+04	
61	2.641792707101623e+03	8.354038219410586e+04	
69	3.596232364547944e+03	3.929612874166785e+04	
75	2.675729138222522e+03	7.495600452238467e+04	
% instance = 3, name = bbob_f014_i07_d40__bbob_f015_i08_d40
% function evaluation | 2 objectives 
1	9.633979300540223e+03	2.646257128636544e+05	
2	3.732007849808340e+03	1.953753313705742e+05	
5	4.147843403409142e+03	1.350463460802513e+05	
6	2.254689124101501e+03	2.177472390989298e+05	
7	1.607768779305444e+04	1.088965227389483e+05	
10	5.255055131088048e+03	1.270970968168369e+05	
11	1.823999236472169e+03	5.752239071692243e+04	
25	3.145185563087826e+03	4.916936082478834e+04	
% instance = 4, name = bbob_f014_i09_d40__bbob_f015_i10_d40
% function evaluation | 2 objectives 
1	3.488663188178718e+03	2.281407862739890e+05	
5	2.592717223383398e+03	1.238230940183822e+05	
9	6.361656413845363e+03	8.461093864476822e+04	
11	5.921395642924735e+03	1.186167290121574e+05	
15	7.581804627103901e+03	8.256134451875467e+04	
19	5.560585806411028e+03	7.275702225267366e+04	
23	2.500818517554761e+03	1.016358334709032e+05	
27	2.818341123949666e+03	8.719798593358026e+04	
29	1.276675257048151e+03	9.496309521673767e+04	
31	1.004749031993103e+04	6.812385628054316e+04	
34	1.407656860010073e+03	9.108647940314321e+04	
35	1.180578633955880e+03	3.150207782272723e+04	
% instance = 5, name = bbob_f014_i11_d40__bbob_f015_i12_d40
% function evaluation | 2 objectives 
1	1.991387869754515e+04	3.974588164992391e+04	
2	1.535856337229837e+04	4.036459067317993e+04	
3	3.515033156896099e+03	1.142366306648212e+05	
5	6.211348023818889e+03	1.081758099697948e+05	
7	3.329178521429780e+03	1.451184444216781e+05	
9	9.286867431413168e+03	2.275843376198717e+04	
12	8.737224117459495e+03	2.810831831744606e+04	
15	2.023158184627968e+03	6.549005839247818e+04	
20	1.530651016071094e+03	3.919467151054108e+04	
29	4.481808105317170e+03	3.450935117360703e+04	
31	8.680045988605219e+03	2.914409959156831e+04	
36	3.478402438750301e+03	2.689996056010026e+04	
44	2.043453810662181e+03	2.972393558800134e+04	
77	3.332894252951698e+03	1.596187283689716e+04	
% instance = 6, name = bbob_f014_i13_d40__bbob_f015_i14_d40
% function evaluation | 2 objectives 
1	7.565515929411691e+03	8.714986139882514e+05	
2	6.552032938392938e+03	5.255326982548882e+04	
3	3.817250905629429e+03	3.101066574809978e+05	
4	3.388058662320615e+03	2.078890491358503e+05	
6	3.720582225537301e+03	1.062438711645482e+05	
8	2.993420248690672e+03	5.756367011505541e+04	
22	1.028350824011264e+04	4.374069746521909e+04	
24	7.082874596361039e+03	4.990534764811031e+04	
39	5.876909099219592e+03	4.063295797785556e+04	
55	2.348251212716988e+03	4.842566505027714e+05	
61	2.267238738992424e+03	3.101124886424266e+04	
70	9.540845499794626e+03	2.782571879124050e+04	
73	1.985806475133469e+03	1.153847528925901e+05	
% instance = 7, name = bbob_f014_i15_d40__bbob_f015_i16_d40
% function evaluation | 2 objectives 
1	7.855406905362602e+03	8.487884748207705e+04	
2	7.023845389165277e+03	9.226593148640688e+05	
6	7.044343711618314e+03	7.963582374444167e+04	
8	1.916045498418074e+03	6.863433556580137e+05	
11	1.754722760191171e+03	2.456656801104736e+05	
14	3.335986975868915e+03	5.945453067242461e+04	
17	2.635775080652486e+03	1.914844554881994e+05	
24	3.172041527054869e+03	1.279679872388106e+05	
25	2.956674179708520e+03	1.098294079372868e+05	
29	1.762871407034567e+04	5.776173812496401e+04	
31	2.372761166282336e+03	1.981153855790667e+05	
36	3.837492394763126e+03	4.851839175089004e+04	
37	4.163693745853557e+03	4.048334471583785e+04	
61	2.293092828465376e+03	1.256201756167066e+05	
71	2.025648588786787e+03	1.189723961775721e+05	
% instance = 8, name = bbob_f014_i17_d40__bbob_f015_i18_d40
% function evaluation | 2 objectives 
1	7.259489754979832e+03	1.589496372167248e+05	
2	5.373901591105393e+03	5.916367771881580e+06	
3	4.842177803718801e+03	4.552562572880934e+06	
4	5.270699468394441e+03	1.297029291438783e+05	
5	4.846062978683565e+03	1.446245871402590e+06	
7	7.081144145649311e+03	5.522532345101621e+04	
9	6.172805921223406e+03	8.092814857860713e+04	
10	6.093772091255895e+03	1.085084861808004e+05	
13	4.457415448365613e+03	4.009580772073911e+05	
15	3.562918145180328e+03	1.092935699782262e+05	
17	1.417276827283052e+04	4.506558993805478e+04	
19	2.611862287346620e+03	6.752304309293382e+04	
26	9.612976139618435e+02	1.648344407871496e+05	
37	2.852497593225145e+03	2.827512801578520e+04	
56	3.398469917959275e+03	1.537948166527893e+04	
73	1.792589891862075e+03	2.786598703053603e+04	
% instance = 9, name = bbob_f014_i19_d40__bbob_f015_i21_d40
% function evaluation | 2 objectives 
1	6.211277932966080e+03	3.178332323433242e+05	
3	4.468270201334225e+03	2.340244646271701e+05	
4	6.803641444092828e+03	2.028019187851133e+05	
5	3.771430885905442e+03	1.743291290708175e+05	
13	3.387760059361785e+03	8.255628706488946e+04	
15	3.215177765766260e+03	2.806886783145121e+05	
24	1.711167883999464e+03	5.406397290639294e+04	
27	1.391650573317306e+03	1.232137239168125e+05	
53	8.616343370671766e+03	4.227464076899476e+04	
72	1.782570414227569e+03	2.799975421365949e+04	
% instance = 10, name = bbob_f014_i21_d40__bbob_f015_i22_d40
% function evaluation | 2 objectives 
1	3.482297039714188e+03	1.438872956224788e+05	
3	1.614303029984385e+04	5.413848589194047e+04	
6	9.449894991320652e+03	1.134900168465682e+05	
8	6.593907395555658e+03	5.929690258759135e+04	
9	5.785406463996086e+03	6.175023684764589e+04	
12	1.895658396859605e+03	1.305051443717081e+05	
15	5.501167847465686e+03	1.109486282690433e+05	
16	3.175308772677730e+03	2.293140311588045e+04	
48	2.357079949192015e+03	1.136107370528852e+05	
51	3.126453664713496e+03	7.137196201724387e+04	
53	1.504990153793643e+03	1.731840268023656e+05	
59	3.011177852264132e+03	1.012649363804326e+05	
