% instance = 1, name = bbob_f002_i02_d05__bbob_f014_i04_d05
% function evaluation | 2 objectives | 5 variables
1	2.193430899128445e+08	5.436331673893364e+02	-4.64300262e+00	-6.44739717e-01	-9.48417245e+00	-8.69450746e+00	-1.35216249e+01	
2	4.457549273473514e+07	5.726057173427268e+02	-1.33758066e+01	-9.04563951e+00	-4.80755053e+00	-3.89539004e+00	-7.18396153e+00	
3	1.073664025579503e+07	5.233939751602720e+02	-3.54892789e+01	2.27565541e+01	-7.80901843e+00	-1.67225290e+01	1.57922730e+00	
5	2.954258535936242e+06	2.974957900979898e+03	-2.74258986e+01	-1.34472224e+01	2.53014742e+00	7.73626514e+00	-8.25664848e-01	
7	6.108246193352505e+07	2.606090905617393e+02	9.63012643e+00	-1.85699014e+01	1.82157390e+00	-6.42976203e+00	-8.16633698e+00	
9	4.400510801063105e+07	5.086825935070060e+02	-1.21455953e+01	-3.04852955e+00	-1.27183146e+01	-5.37089503e-01	-7.13451501e+00	
% instance = 2, name = bbob_f002_i03_d05__bbob_f014_i05_d05
% function evaluation | 2 objectives | 5 variables
1	2.605488272367281e+08	2.921501104791469e+02	-1.69861431e+00	1.92521805e+01	6.12838902e+00	-7.95276297e+00	-1.79574443e+01	
2	5.863612347927247e+05	4.428330079351479e+02	7.96955743e+00	-1.97936182e+01	-1.19450702e+01	1.35015385e+00	-3.07403786e+00	
7	2.768028278255260e+06	5.168325203868989e+01	-1.36881318e+00	-6.74568897e+00	-6.02658883e+00	-6.21152949e+00	-1.49316653e+00	
% instance = 3, name = bbob_f002_i07_d05__bbob_f014_i08_d05
% function evaluation | 2 objectives | 5 variables
1	2.952265828132524e+08	1.339941174684478e+04	-3.04627621e+00	1.47321695e+01	-9.03440411e+00	-8.36256402e+00	-1.32969756e+01	
2	2.616268550564184e+08	3.815597977817122e+03	-9.02490085e+00	-2.19913540e+00	1.99238879e+00	-6.76631823e+00	-1.19803212e+01	
4	1.150183425189331e+08	3.513449213923233e+03	1.28912476e+01	4.43694217e-02	-1.20210109e+01	-9.06846524e+00	-7.17936176e+00	
5	1.791009632311470e+08	1.532491814830346e+03	-6.89118301e-01	-4.88321605e+00	8.17430359e+00	-7.59926507e+00	-9.20201574e+00	
6	1.658366492812332e+07	6.773653071958385e+00	3.02390052e+00	-2.58006040e+00	2.79747277e+00	1.64754119e+00	-1.15945586e+00	
% instance = 4, name = bbob_f002_i09_d05__bbob_f014_i10_d05
% function evaluation | 2 objectives | 5 variables
1	1.949307389323747e+07	1.231264140544933e+03	-1.09878925e+01	-3.24213017e+00	-1.39413732e+01	7.54764925e+00	-1.98690903e+00	
5	4.491476368837731e+07	9.045574250198831e+02	4.91597144e+00	-1.22006960e+01	-4.28741540e+00	-3.11819470e+00	-4.75071234e+00	
% instance = 5, name = bbob_f002_i11_d05__bbob_f014_i12_d05
% function evaluation | 2 objectives | 5 variables
1	2.228692494061168e+07	1.097079718909080e+03	-5.99362062e+00	-3.14629365e-01	-1.44626835e+00	-1.05721910e+01	-7.88334137e+00	
3	2.575624949276039e+07	1.342512372061831e+02	-2.29968307e+00	-4.11882031e+00	-8.57626955e+00	-1.90956110e+00	1.51837260e+00	
4	6.733099128797436e+06	2.667813536744206e+02	-1.29667984e+00	-9.40712154e+00	-5.10205808e+00	1.32808026e+01	-3.66884816e+00	
9	6.189466479122796e+06	1.139829837722531e+02	2.25090292e+00	-9.82594961e+00	8.62989264e+00	1.11005610e+01	-1.91596946e+00	
% instance = 6, name = bbob_f002_i13_d05__bbob_f014_i14_d05
% function evaluation | 2 objectives | 5 variables
1	6.761799623774070e+06	2.888919000259292e+03	-1.77612972e+01	-5.96931308e+00	-4.14600682e+00	-2.34881353e+00	6.86004489e-01	
2	5.869941054620117e+07	4.634678027044073e+02	5.08184907e-02	5.44412727e+00	-1.49458359e+01	-7.30227375e+00	-9.68293544e+00	
3	3.342638284209382e+08	-4.620145583112759e+00	-4.79192100e+00	-3.62495318e+00	-1.63182120e+01	-1.86316687e+01	1.81218594e+01	
4	5.543232150919066e+07	9.262611566242379e+02	-1.09969768e+01	1.16324304e+00	-5.92482216e-01	6.46961381e-02	-9.52538251e+00	
6	2.825353936001068e+07	-7.531273689693522e+01	3.18065343e+00	-3.63927021e+00	-8.40667158e-01	9.21146906e+00	-6.65497777e+00	
9	8.150405885710867e+06	5.913191102996117e+02	3.82814013e+00	-1.18425045e+01	-1.45375513e+01	-1.41135487e+01	-3.55260607e+00	
10	1.175489729076853e+07	4.592405845143688e+01	2.84305263e+00	-1.15234312e+00	1.00809663e+01	-6.59193703e+00	-5.14259900e+00	
% instance = 7, name = bbob_f002_i15_d05__bbob_f014_i16_d05
% function evaluation | 2 objectives | 5 variables
1	2.371349406048940e+08	1.889108943767766e+03	-5.93622551e+00	-9.77836669e+00	8.93147852e+00	-3.29623325e+00	1.22797074e+01	
2	1.535796793915605e+08	2.519636924962366e+02	-4.49360318e+00	2.12985305e+00	-1.51517290e+01	-7.93903295e+00	-1.30925370e+01	
3	5.852933460640708e+07	6.347842009406608e+03	-2.90411595e+01	-5.01002757e-01	1.00777954e+01	-2.14244311e+01	-8.82504408e+00	
4	7.181099527291359e+07	1.665419250210055e+02	7.14723062e+00	-9.99785748e+00	6.46653907e+00	6.30901912e+00	-1.03065330e+01	
5	1.382630397482344e+06	1.542732214208832e+02	-2.49741247e+00	-8.29748941e+00	8.36128402e+00	1.34241933e+00	-7.02342022e-01	
7	2.489189930203735e+07	5.501286448176033e+01	-1.65591467e+01	6.87393592e+00	-9.50194513e+00	-8.02684647e+00	-6.56365688e+00	
9	2.191560313976628e+07	6.548290203098642e+00	-1.32245097e+01	3.17426941e+00	-2.57717732e+00	-6.86394309e+00	-6.28058664e+00	
% instance = 8, name = bbob_f002_i17_d05__bbob_f014_i18_d05
% function evaluation | 2 objectives | 5 variables
1	3.418384903575619e+08	1.641882400054328e+03	2.06417457e+01	-1.12010895e+00	-1.68588248e+01	-1.29105672e+01	-1.63950538e+01	
2	1.824780642871447e+08	6.958500376845557e+02	-1.08692625e+01	-1.99320805e+00	-9.32742271e+00	-1.69328533e+00	-1.06124725e+01	
4	4.445799784502723e+07	8.249232337690095e+03	-1.51192266e+01	5.48131997e+00	-1.69201406e+01	-1.16494008e+01	-4.82544190e+00	
5	2.412045336174298e+07	1.002755971472118e+03	-2.64058944e+01	-1.02430719e+01	3.75286198e+00	-6.23941966e+00	-3.12213722e+00	
6	1.067794193370753e+07	6.394286424673637e+02	-3.47946041e+00	-7.20935336e+00	6.79918478e+00	-1.62813181e+01	1.28195015e+00	
7	6.851953251549477e+06	1.095334147989233e+03	-2.82440768e+01	4.96628713e+00	-8.13709186e+00	7.89357129e+00	-7.54651208e-01	
9	2.303476960976977e+06	1.445357801698973e+04	-1.77885563e+01	-1.47787952e+01	-2.80570908e+01	-2.01376434e+00	2.66797046e+00	
% instance = 9, name = bbob_f002_i19_d05__bbob_f014_i21_d05
% function evaluation | 2 objectives | 5 variables
1	7.912741064044540e+07	1.222417420277291e+03	-1.20049322e+01	-5.12265472e+00	-1.16733199e+00	-5.04410864e+00	6.16681935e+00	
2	9.939277705753095e+06	8.068359016737911e+01	4.65500642e+00	1.67818425e-01	-7.24036872e+00	6.64525487e+00	-1.24001385e-01	
4	3.818937058748282e+06	1.515078063592620e+03	-4.69906924e+00	-9.29945990e+00	-7.28266589e+00	-4.23284585e+00	-4.69762455e+00	
% instance = 10, name = bbob_f002_i21_d05__bbob_f014_i22_d05
% function evaluation | 2 objectives | 5 variables
1	2.417918244331068e+08	4.330285163231243e+03	3.52936426e+00	-1.05118221e+01	-5.35219038e+00	-1.37350759e+01	-1.79025067e+01	
2	9.151049026943937e+06	4.785049985308375e+01	-7.19863438e+00	4.60840845e+00	-1.20329155e+01	-1.09120966e+01	-5.76827088e+00	
7	3.979991110867948e+06	4.139051974013230e+03	-4.24224231e+00	-2.07690175e+01	1.68997008e+00	-3.12672055e-02	-5.90736768e+00	
