% instance = 1, name = bbob_f002_i02_d20__bbob_f006_i04_d20
% function evaluation | 2 objectives 
1	7.068433167866397e+07	5.936138910186013e+06	
2	2.473572509143516e+08	3.092886817222530e+06	
6	6.394488581430382e+07	1.158217183479225e+07	
13	5.540228039936396e+07	6.968161035886071e+06	
23	1.566101094058967e+08	5.379638551858629e+06	
28	7.204201866145240e+07	3.434207365721581e+06	
32	9.576223592150843e+07	1.658254551292177e+06	
% instance = 2, name = bbob_f002_i03_d20__bbob_f006_i05_d20
% function evaluation | 2 objectives 
1	1.173857382719752e+08	1.303311212003345e+07	
2	4.359009988173854e+08	6.201339420699984e+06	
3	1.980151546787988e+08	8.246639405262204e+06	
4	1.826212291233255e+08	1.234854892554989e+07	
5	4.951953115280343e+08	5.373190055687211e+06	
6	1.199221448233904e+08	4.239386749343676e+06	
9	2.355877250752408e+08	3.704995230807857e+06	
10	9.756769302418268e+07	5.803998616465735e+06	
11	3.028904698311061e+08	1.758559435642834e+06	
13	6.348685876590440e+07	3.089718818132442e+06	
18	5.776466192502308e+07	4.969275973261689e+06	
19	5.534258770675760e+07	6.365460189584174e+06	
20	1.039578554532622e+07	7.570506088208167e+06	
29	5.749704752607504e+07	2.233733321646748e+06	
% instance = 3, name = bbob_f002_i07_d20__bbob_f006_i08_d20
% function evaluation | 2 objectives 
1	1.188289418476530e+08	5.989526724587899e+06	
3	2.455664731341678e+08	5.228120049674830e+06	
10	3.612022539215638e+07	9.457158123703279e+06	
16	7.280479768580966e+07	5.172021070621163e+06	
21	5.347203448910812e+07	8.150669561982851e+06	
23	2.111780787999606e+08	3.668121891562272e+06	
30	3.929213713395063e+07	5.814354164025480e+06	
39	3.048514164060869e+07	1.218800008993519e+07	
% instance = 4, name = bbob_f002_i09_d20__bbob_f006_i10_d20
% function evaluation | 2 objectives 
1	4.838838095167975e+08	1.115433749598338e+07	
2	3.038654339753560e+08	9.922735097458024e+06	
3	2.534378653036231e+08	9.765003954091551e+06	
4	1.386751042712567e+08	1.177779215419586e+07	
5	7.158721399122473e+08	4.239203247643176e+06	
6	1.226191313298698e+08	5.659017608900391e+06	
7	1.172446648571564e+08	1.003568571363955e+07	
11	3.059438415851567e+08	5.336961988511435e+06	
15	4.099311653725618e+08	3.481905869118125e+06	
17	8.104060578101631e+07	5.347654301810002e+06	
19	6.804141002596660e+07	1.799436847041542e+07	
21	7.443106017121308e+07	1.093977909309426e+07	
37	7.543144455261432e+07	9.761988994765826e+06	
% instance = 5, name = bbob_f002_i11_d20__bbob_f006_i12_d20
% function evaluation | 2 objectives 
1	3.749118976782234e+08	4.015122195023118e+06	
2	1.520516257315281e+08	1.053512990040291e+07	
3	1.194067425930746e+08	5.476277535883650e+06	
4	1.127150024157105e+08	9.943470080807026e+06	
5	1.066749243138916e+08	1.291472491719001e+07	
7	5.011945083460890e+07	1.032895853187820e+07	
16	3.042979581289996e+07	1.020513085751191e+07	
19	9.315102764744474e+07	9.979145329961341e+06	
20	2.571695102133982e+08	5.277272952002389e+06	
21	2.646258456224287e+07	1.154928788557067e+07	
26	7.599255901991597e+07	8.039175268550259e+06	
34	7.362366345562688e+07	3.795386246159874e+06	
35	4.272021109589247e+07	9.679323216742510e+06	
% instance = 6, name = bbob_f002_i13_d20__bbob_f006_i14_d20
% function evaluation | 2 objectives 
1	2.799664011017197e+08	2.046097295142240e+07	
2	4.448897220905982e+07	2.147897502559479e+06	
12	1.947518332835766e+07	3.129443862575421e+06	
% instance = 7, name = bbob_f002_i15_d20__bbob_f006_i16_d20
% function evaluation | 2 objectives 
1	1.942219722739731e+08	9.911414600936521e+06	
2	1.372307816132995e+08	3.681631656224700e+06	
5	1.237663383915230e+08	1.010221300985628e+07	
6	2.684038619442227e+08	3.466047394893660e+06	
7	7.752262278704494e+07	9.879474845438635e+06	
8	4.259808477890337e+07	6.790474972968033e+06	
11	1.381530293460330e+08	2.093160599479458e+06	
15	2.583930113533190e+07	3.680428556183045e+06	
26	6.138873754326484e+07	3.530639180967782e+06	
% instance = 8, name = bbob_f002_i17_d20__bbob_f006_i18_d20
% function evaluation | 2 objectives 
1	7.090364680818294e+07	9.802220647094591e+06	
5	6.726376874382849e+07	1.046356805936989e+07	
6	4.048566370775852e+07	5.789295644121564e+06	
7	1.721597320763459e+07	7.856010038760344e+06	
12	1.324503800057415e+08	4.672938846248693e+06	
13	1.174719940456449e+08	3.039763816245435e+06	
15	3.597479021987636e+07	3.355209794064876e+06	
17	2.264976599962423e+08	2.553446174853364e+06	
20	3.688172865556969e+07	3.242582982409304e+06	
% instance = 9, name = bbob_f002_i19_d20__bbob_f006_i21_d20
% function evaluation | 2 objectives 
1	3.153899460124606e+08	9.868786262949377e+06	
2	5.506205422789912e+07	9.948651848967921e+06	
4	1.065224277876750e+08	7.002762328644383e+06	
5	1.636859045348455e+08	4.445368054254374e+06	
8	4.755580907094104e+07	9.155912750709003e+06	
16	5.092095913627809e+07	4.154883619600484e+06	
25	4.740788331657635e+07	8.523851205523038e+06	
27	4.338566857021298e+07	9.977822539965970e+06	
36	1.057481553593180e+08	2.028353939841394e+06	
37	8.621121261292152e+07	2.653770773338035e+06	
% instance = 10, name = bbob_f002_i21_d20__bbob_f006_i22_d20
% function evaluation | 2 objectives 
1	3.433281050499434e+07	7.737301654024593e+06	
5	3.770751145538443e+07	6.541007003782541e+06	
6	1.982674176492893e+08	5.365787490692480e+06	
11	1.360212225017107e+08	5.534227678201634e+06	
12	3.452857809842239e+08	3.130415547728891e+06	
18	1.290974570781903e+08	5.731589007207669e+06	
19	6.244332018711475e+07	6.319669221888051e+06	
21	1.546702659299755e+08	2.428270576868103e+06	
29	5.447074557642645e+07	3.182428184158720e+06	
