% instance = 1, name = bbob_f015_i02_d20__bbob_f021_i04_d20
% function evaluation | 2 objectives 
1	1.917379305256588e+05	1.929428460112792e+03	
2	4.759077102443571e+04	8.849603691214286e+02	
4	4.158064067305076e+04	9.957668793722460e+02	
5	1.590254912883881e+04	5.363295309782454e+02	
7	8.315905866162781e+03	6.305677171617815e+02	
13	2.336831536077416e+04	4.944397667453022e+02	
38	2.989433563140196e+04	4.769626685221731e+02	
% instance = 2, name = bbob_f015_i03_d20__bbob_f021_i05_d20
% function evaluation | 2 objectives 
1	2.207166065820063e+05	1.825937475093464e+03	
2	9.291997220941326e+03	1.987066859677831e+03	
3	3.153050179682208e+04	1.393390838447862e+03	
7	7.088560313320691e+04	1.123180374657816e+03	
9	1.487606636246130e+04	9.535944257932290e+02	
19	1.293569778098959e+04	1.767409626386501e+03	
22	1.449455651086344e+04	1.170383418790386e+03	
29	1.045810499203415e+04	1.249305578141021e+03	
35	1.163583118861456e+04	1.229483202107978e+03	
36	1.216697838299408e+04	1.153351422710590e+03	
% instance = 3, name = bbob_f015_i07_d20__bbob_f021_i08_d20
% function evaluation | 2 objectives 
1	3.856703541305127e+05	7.744816045577652e+02	
2	6.403733037250513e+03	-1.377979063213565e+02	
% instance = 4, name = bbob_f015_i09_d20__bbob_f021_i10_d20
% function evaluation | 2 objectives 
1	8.931448303482407e+05	1.264965690871863e+03	
2	8.401183499524981e+03	7.826443572236553e+02	
18	1.288900815150686e+04	7.102210245848185e+02	
% instance = 5, name = bbob_f015_i11_d20__bbob_f021_i12_d20
% function evaluation | 2 objectives 
1	3.737602996635569e+04	9.040184409524492e+02	
2	7.366866626931772e+04	4.907122807629606e+02	
3	3.916559916680808e+04	2.958311851928726e+02	
5	1.135719905811559e+04	8.680158525129847e+02	
15	8.854762351316052e+03	7.526790810916515e+02	
22	8.176530877289011e+03	8.491692594554062e+02	
28	2.648752288152989e+04	4.184831506044834e+02	
35	8.229343561759828e+03	3.466521339686660e+02	
38	7.498228178328384e+03	5.960404268662820e+02	
% instance = 6, name = bbob_f015_i13_d20__bbob_f021_i14_d20
% function evaluation | 2 objectives 
1	3.258760778679886e+05	3.169254170260907e+02	
2	2.612275835531873e+05	9.985070412611250e+02	
3	6.528618387799544e+04	4.782599730367115e+02	
4	1.267875582550923e+04	2.042443217549314e+02	
19	3.952465471250143e+04	-6.944668414635373e+00	
27	3.413396145734147e+04	-6.726869509866685e+01	
28	1.147483769061251e+04	-3.331101887716333e+02	
31	8.659537434077562e+03	2.732115986853661e+02	
% instance = 7, name = bbob_f015_i15_d20__bbob_f021_i16_d20
% function evaluation | 2 objectives 
1	3.767809489635316e+04	7.601518372052072e+02	
2	2.172755489905505e+04	1.664506632755933e+03	
8	2.710007935066232e+04	8.978596730861880e+02	
12	1.587756477470777e+04	7.633422167471417e+02	
18	3.150905334064917e+04	5.924819740746497e+02	
25	1.183656921820187e+04	4.822469790096871e+02	
26	9.156733707077363e+03	7.577253250508645e+02	
% instance = 8, name = bbob_f015_i17_d20__bbob_f021_i18_d20
% function evaluation | 2 objectives 
1	5.358747712023152e+04	6.604551374091815e+02	
3	1.187485690141260e+05	3.130307742126250e+02	
4	1.681389860688841e+04	1.505429020649924e+02	
8	1.958628574153291e+05	-1.388830456449193e+01	
13	1.233976135566908e+05	1.101400860156468e+02	
14	1.269963294607951e+05	-9.658774239440959e+00	
18	6.664692017145282e+04	-2.476887108515347e+02	
19	1.421727660478579e+04	1.478955782221159e+02	
24	3.378097560041061e+04	-3.160377941747090e+02	
26	3.066234532498887e+04	4.404230690879626e+01	
35	2.892051511394290e+04	-3.393895308632204e+01	
36	2.502569937316287e+04	-1.247640546142073e+02	
% instance = 9, name = bbob_f015_i19_d20__bbob_f021_i21_d20
% function evaluation | 2 objectives 
1	3.515611916035546e+04	9.871842897784776e+02	
2	2.000668161516947e+04	1.098107001024433e+03	
10	1.721415284040863e+04	1.073192033504934e+03	
11	7.695354511821132e+04	6.014111928359819e+02	
14	3.012734456309322e+04	6.406919427827214e+02	
17	7.190112836943260e+04	5.980808636721526e+02	
18	1.095073054033924e+04	2.084611327445812e+02	
37	5.611883747659549e+03	1.614146851373172e+02	
% instance = 10, name = bbob_f015_i21_d20__bbob_f021_i22_d20
% function evaluation | 2 objectives 
1	3.855405476649230e+05	1.437835817049641e+03	
2	3.163797134895726e+05	1.835344491155817e+03	
3	8.631261387175454e+04	9.282008922852531e+02	
4	2.705979838381139e+04	6.467996888576636e+02	
11	2.625296017694753e+04	1.039194768546762e+03	
13	1.721724282743269e+04	1.047636462895579e+03	
19	1.619990846562442e+04	9.207955930629687e+02	
