% instance = 1, name = bbob_f002_i02_d40__bbob_f006_i04_d40
% function evaluation | 2 objectives 
1	5.109292032529437e+08	2.233418301852340e+07	
2	4.260083652658058e+08	1.227489786338368e+07	
4	4.079317313090553e+08	1.578846136732484e+07	
7	1.696389164724792e+08	1.632626400392001e+07	
14	1.307586989438638e+08	3.292452496139828e+07	
17	4.162272911931654e+08	1.537785007020347e+07	
20	2.428109300035331e+08	1.607661374576647e+07	
26	4.128433242923574e+08	1.233599109085479e+07	
34	2.073529338286299e+08	1.046400172565438e+07	
37	3.548055324017789e+08	8.599597476242222e+06	
40	2.746752474097849e+08	9.922931421456421e+06	
52	1.676993621544400e+08	8.772240973260734e+06	
58	1.472736071836581e+08	1.952642377319610e+07	
71	8.068213121590945e+07	1.936201408459088e+07	
% instance = 2, name = bbob_f002_i03_d40__bbob_f006_i05_d40
% function evaluation | 2 objectives 
1	3.130010087758392e+08	1.386845585250798e+07	
2	3.535616673372758e+08	1.006309227073200e+07	
7	1.718991032890159e+08	1.067316012227179e+07	
8	1.719150208936430e+08	9.912192355310289e+06	
14	1.355223976713907e+08	7.496795345626400e+06	
38	5.930859617502532e+07	1.000754477886149e+07	
79	2.617886597854281e+08	5.371726394780069e+06	
% instance = 3, name = bbob_f002_i07_d40__bbob_f006_i08_d40
% function evaluation | 2 objectives 
1	4.019699375980132e+08	1.048431056195672e+07	
2	2.797943278381231e+08	1.752928624411629e+07	
4	3.346667881496672e+08	1.662303504937534e+07	
7	4.716221141369015e+08	9.377767367313864e+06	
10	2.071005428619135e+08	1.612339380953263e+07	
11	1.852124249961858e+08	5.268922961124627e+06	
22	1.462761895911927e+08	2.759946592236086e+07	
26	1.494280634131210e+08	1.770670918346084e+07	
35	1.761741070957373e+08	9.491755932506189e+06	
37	1.565461959919699e+08	1.001581672148115e+07	
46	1.429489488433973e+08	9.936294569918131e+06	
47	1.215389705026363e+08	1.785755898002134e+07	
50	1.362496544800899e+08	9.924423503238276e+06	
73	4.271849480848411e+07	1.223000630206220e+07	
% instance = 4, name = bbob_f002_i09_d40__bbob_f006_i10_d40
% function evaluation | 2 objectives 
1	5.495025804737624e+08	2.727862645842423e+07	
2	3.097747653254171e+08	9.835178514896497e+06	
3	1.207227945170065e+08	2.228898321243710e+07	
5	1.671576244132735e+08	1.154537604992867e+07	
9	2.105060917735299e+08	1.135773215764772e+07	
11	1.529980727931230e+08	1.844148621006071e+07	
17	1.993221784419292e+08	9.762975962645933e+06	
26	4.502747701883195e+08	9.194297775800370e+06	
28	1.544270270591961e+08	1.004242464840290e+07	
34	1.399874833453335e+08	1.851766063389968e+07	
67	8.160932683126481e+08	5.916033959282676e+06	
74	4.825624514909642e+08	7.948693044890627e+06	
% instance = 5, name = bbob_f002_i11_d40__bbob_f006_i12_d40
% function evaluation | 2 objectives 
1	5.462144578305242e+08	1.884283411619517e+07	
2	1.179652345286216e+08	1.827734342805263e+07	
3	1.131818010639467e+08	1.298004798395681e+07	
11	1.510700878771144e+08	9.815878872857314e+06	
13	2.493855484993355e+08	9.781936329512613e+06	
23	1.059275609621959e+08	1.422810484904114e+07	
29	7.062899363339242e+08	9.444608680403680e+06	
37	5.619975645820805e+07	1.776624465634313e+07	
38	4.096487480356454e+08	9.507287208511485e+06	
41	4.866557691810215e+08	6.053478462632782e+06	
46	1.769468577738180e+08	5.474240096817483e+06	
65	5.555411526382986e+07	1.722474037575747e+07	
69	1.639972821963314e+08	7.019588066389863e+06	
% instance = 6, name = bbob_f002_i13_d40__bbob_f006_i14_d40
% function evaluation | 2 objectives 
1	2.453834529692823e+08	1.541264449082064e+07	
2	4.130183052583558e+08	5.317115173437934e+06	
6	3.630249648822966e+08	9.512952341866888e+06	
12	1.811425296226486e+08	1.858102163952229e+07	
16	1.797565599515120e+08	9.715654447538437e+06	
17	2.190656924851739e+08	4.863983106340773e+06	
22	1.745720037403238e+08	1.120524986197553e+07	
40	1.110927099598456e+08	1.844185694941453e+07	
49	1.238021269061178e+08	1.144624043014143e+07	
55	1.271768805029023e+08	9.955431131219013e+06	
% instance = 7, name = bbob_f002_i15_d40__bbob_f006_i16_d40
% function evaluation | 2 objectives 
1	3.153311564708618e+08	1.056455120506850e+07	
3	2.623458744533613e+08	1.876603191119152e+07	
4	1.699408312791632e+08	5.198039124800570e+06	
7	1.522142126927025e+08	2.594067382751645e+07	
42	1.162038837042542e+08	1.810612931871214e+07	
58	1.368800830020522e+08	1.806510124979556e+07	
65	1.651284795627766e+08	1.567657915434940e+07	
70	1.548866495319489e+08	1.029157702831282e+07	
% instance = 8, name = bbob_f002_i17_d40__bbob_f006_i18_d40
% function evaluation | 2 objectives 
1	5.505285238622140e+08	9.845707196008628e+06	
3	2.766085279607562e+08	1.767941684527873e+07	
5	2.210151037219250e+08	9.444914104193682e+06	
6	1.851057600945125e+08	1.888122793264056e+07	
7	3.190951536530752e+08	8.875852818193894e+06	
10	1.862286203421878e+08	1.680289587000161e+07	
11	1.350704822375946e+08	1.862542377913896e+07	
14	1.761819951441307e+08	1.217188713250550e+07	
22	3.312813886855083e+08	5.863341610384377e+06	
32	1.839898856138078e+08	1.166935145881101e+07	
36	7.214109568965022e+07	1.592333877894869e+07	
38	1.758894014076327e+08	1.007107603562976e+07	
59	1.862652122174212e+08	9.968774526069084e+06	
80	4.010813192552765e+08	4.455731223865675e+06	
% instance = 9, name = bbob_f002_i19_d40__bbob_f006_i21_d40
% function evaluation | 2 objectives 
1	6.141696084341254e+08	5.205935402222420e+06	
2	4.760069771414312e+08	5.559441280334170e+06	
3	1.647820765776249e+08	1.025938590947262e+07	
4	1.316903922074763e+08	7.280128286770631e+06	
5	2.115523072988188e+08	5.566909957552755e+06	
28	1.191258966183053e+08	1.048847767810951e+07	
43	9.376577906943437e+07	9.627742822526842e+06	
72	1.853410914783576e+08	5.567610013296288e+06	
% instance = 10, name = bbob_f002_i21_d40__bbob_f006_i22_d40
% function evaluation | 2 objectives 
1	4.132303320500759e+08	5.657351487119258e+06	
3	2.356966156450035e+08	1.583745519847068e+07	
5	1.734267809804910e+08	9.634089879854266e+06	
11	1.321081264904480e+08	1.168044948326013e+07	
15	1.616367559067998e+08	9.889110728208004e+06	
16	1.308433905576650e+08	1.005612396934377e+07	
19	9.953492524420413e+07	9.945085254283754e+06	
44	3.041778531349957e+08	9.618937535184652e+06	
67	8.236562414112033e+07	1.678929445410923e+07	
76	8.609593911278123e+07	9.693432079081090e+06	
