% instance = 1, name = bbob_f014_i02_d40__bbob_f014_i04_d40
% function evaluation | 2 objectives 
1	3.627341477066072e+03	1.514588516428639e+03	
2	3.567214818941408e+03	1.883762900687209e+04	
3	2.248673421831858e+03	6.315613658565461e+03	
20	2.878106699402309e+03	2.790127284646974e+03	
24	1.975906456946772e+03	1.471092664484387e+04	
45	1.569792126047550e+03	3.052311745715891e+04	
69	1.674562419048306e+03	7.533808733812217e+03	
77	2.303970766082121e+03	3.181766381403717e+03	
% instance = 2, name = bbob_f014_i03_d40__bbob_f014_i05_d40
% function evaluation | 2 objectives 
1	3.855693927386135e+03	4.329863946808342e+03	
4	3.278023659001247e+03	4.006396528654595e+03	
6	7.055087083617740e+03	3.295894652374640e+03	
8	3.126034174796555e+03	1.554650276786958e+04	
11	2.322460340110966e+03	8.675572541581356e+03	
12	7.582886611651561e+03	3.083394601017016e+03	
16	3.430075955043510e+03	2.039153291691116e+03	
42	2.156273493496377e+03	7.705451597053057e+03	
43	6.910807947843667e+03	1.826064078605175e+03	
49	2.997085246496496e+03	2.299581017791259e+03	
59	2.026732401224997e+03	3.926150244309811e+03	
64	2.748724127868420e+03	3.881340622378134e+03	
76	2.420803648400240e+03	3.449570453919913e+03	
% instance = 3, name = bbob_f014_i07_d40__bbob_f014_i08_d40
% function evaluation | 2 objectives 
1	1.707351407886458e+03	2.326199514255935e+03	
2	1.506133148034696e+03	6.015245170380989e+03	
7	4.640504359968555e+03	2.157829204250407e+03	
35	5.279264312710518e+03	1.981215216430252e+03	
65	9.235521896830443e+03	1.741570565838147e+03	
% instance = 4, name = bbob_f014_i09_d40__bbob_f014_i10_d40
% function evaluation | 2 objectives 
1	8.191394914051160e+03	1.898455190683536e+04	
2	2.424832144931599e+03	6.135623252903385e+03	
3	3.048399689807139e+04	3.571675256727076e+03	
7	1.493972132967339e+04	5.245881929221937e+03	
8	2.344181273505304e+03	1.505751408389619e+04	
9	5.918330973701131e+03	4.442123350449668e+03	
10	4.582692383952574e+03	3.590556877117298e+03	
18	4.099087748586428e+03	4.795648021417544e+03	
19	9.307008033840919e+03	2.376401637495026e+03	
23	2.849027326673365e+03	4.330176903974137e+03	
26	5.335673546293339e+03	1.970456644316263e+03	
38	2.667650354438161e+03	3.607269453132647e+03	
45	2.356549198266510e+03	3.642466895012419e+03	
46	1.987205714154362e+03	4.718021591977077e+03	
48	2.737032503123598e+03	2.637980825678235e+03	
59	1.814412644563178e+03	2.756219543371090e+03	
% instance = 5, name = bbob_f014_i11_d40__bbob_f014_i12_d40
% function evaluation | 2 objectives 
1	9.838123491202055e+03	9.943868580994596e+03	
2	1.021801669245562e+04	6.244663016696180e+03	
3	5.144851141854395e+03	4.476228295535595e+03	
4	2.952158142846343e+03	4.690159477314105e+03	
6	2.053331894580782e+03	1.301677258284001e+04	
7	3.428637607937301e+03	2.786294358304767e+03	
23	4.605222635834060e+03	2.207707761733351e+03	
26	2.608574587696211e+03	5.056308843700439e+03	
28	2.242931312365388e+03	2.553457620545835e+03	
33	1.838593488261729e+03	7.309190691214038e+03	
37	1.336252039733801e+03	7.616199674308824e+03	
38	1.843725486839095e+03	3.291037418620041e+03	
43	5.797011224551898e+03	1.874556837044738e+03	
62	3.425178892428875e+03	2.252483377054537e+03	
66	2.599033758513637e+03	2.054595982992189e+03	
67	6.297296810298557e+03	1.675906140139773e+03	
75	1.132283637464142e+03	2.230868680558389e+03	
% instance = 6, name = bbob_f014_i13_d40__bbob_f014_i14_d40
% function evaluation | 2 objectives 
1	3.220481947839025e+03	4.940901675854493e+03	
3	5.719734675648905e+03	9.530809279498660e+02	
7	3.659032927443017e+03	9.608779237834649e+02	
12	3.050697688743792e+03	2.206774312336746e+03	
16	2.732936936668464e+03	5.351188690623469e+03	
31	2.427627063543844e+03	2.861916278095926e+03	
35	2.148928232434985e+03	9.386517976666146e+03	
56	1.681044680647241e+03	2.687535389037751e+03	
% instance = 7, name = bbob_f014_i15_d40__bbob_f014_i16_d40
% function evaluation | 2 objectives 
1	5.010870214840114e+03	3.579615056164826e+03	
2	5.416289081371041e+03	3.388567491588879e+03	
5	4.511275462677162e+03	3.507589096769448e+03	
7	5.693602224949279e+03	2.302132375435956e+03	
9	7.760029514245317e+03	1.188157814564555e+03	
12	1.998707134448467e+03	9.065646731653467e+03	
19	3.670726834039325e+03	4.368835991667849e+03	
29	4.607641431443226e+03	3.201594125583181e+03	
45	2.814908575278248e+03	5.943985042852257e+03	
61	2.821420696781170e+03	4.042320901023198e+03	
66	4.014271626758101e+03	2.157580849951262e+03	
75	1.333670353162788e+03	2.102036955204644e+03	
% instance = 8, name = bbob_f014_i17_d40__bbob_f014_i18_d40
% function evaluation | 2 objectives 
1	8.418368272480229e+03	1.557961813623036e+04	
2	2.498444904121978e+03	6.392117976877568e+03	
3	2.001943626266922e+04	6.096083898869892e+03	
5	3.449530005046492e+03	3.375865814173267e+03	
10	2.354892640146331e+03	4.002123920072059e+03	
14	6.941209013592874e+03	2.750476823120932e+03	
22	3.185146107410226e+03	3.446535090045654e+03	
25	1.792949754707191e+03	7.647402261563082e+03	
36	2.089826344834164e+03	3.912626711123806e+03	
76	4.268613795340416e+03	3.195907315761910e+03	
% instance = 9, name = bbob_f014_i19_d40__bbob_f014_i21_d40
% function evaluation | 2 objectives 
1	3.195204327310682e+03	3.494295196592904e+03	
7	2.159677971036860e+03	6.479557008346873e+03	
11	1.335736273719160e+03	1.033863093884983e+04	
13	2.609876655771039e+03	5.070164905545701e+03	
14	7.608854723316537e+03	3.005727501290836e+03	
25	4.046468043664702e+03	3.024985981991308e+03	
31	2.868153353861455e+03	2.454563655157628e+03	
41	1.261861111716846e+04	1.984568346215221e+03	
42	2.785242102321608e+03	2.879649235594449e+03	
46	1.856647693627544e+03	2.845318369779600e+03	
49	2.720081181129487e+03	2.340237696532853e+03	
67	4.510880528709408e+03	1.786221284841369e+03	
% instance = 10, name = bbob_f014_i21_d40__bbob_f014_i22_d40
% function evaluation | 2 objectives 
1	3.687509866945077e+03	4.185349733956055e+03	
3	2.804166166978755e+04	2.075933698379044e+03	
8	8.397114558717847e+03	3.654699050018356e+03	
9	2.993849179653768e+03	6.836676936546229e+03	
10	6.515407208900567e+03	3.952500420025478e+03	
11	7.129483459854063e+03	2.771341916103463e+03	
14	5.164990179922183e+03	3.761370021683117e+03	
16	6.671251074558721e+03	2.905868895956045e+03	
17	1.877725264585543e+03	7.532957495768544e+03	
38	6.412838441826271e+03	3.126695930938560e+03	
44	1.023501825478566e+04	2.633950226937362e+03	
46	3.633216362244231e+03	4.912445512107846e+03	
55	3.358081456252685e+03	5.466605365048897e+03	
56	1.488513196358471e+04	2.277578062121080e+03	
62	3.672460578612978e+03	2.978475292923497e+03	
65	7.539988004858850e+03	1.901065460354622e+03	
77	6.279029836846143e+03	2.559215975310707e+03	
